round_shots,100,100,100,100,100,100,100,100,100,100
round_queries,100,300,700,2900,12700,59300,292900,1473300,7441700,37726900
round_k,0,1,3,14,63,296,1464,7366,37208,188634
round_shots,200,100,100,100,100,100,100,100,100,100
round_queries,200,300,1100,5100,25300,121500,602300,3017900,15130700,76773100
round_k,0,1,5,25,126,607,3011,15089,75653,383865
round_shots,100,100,100,100,100,100,100,100,100,100
round_queries,100,300,1100,5100,24900,124100,603700,3048300,15393100,78080100
round_k,0,1,5,25,124,620,3018,15241,76965,390400
round_shots,200,100,100,100,100,100,100,100,100,100
round_queries,200,300,1100,5100,23900,121100,603500,3045100,15176900,76335500
round_k,0,1,5,25,119,605,3017,15225,75884,381677
round_shots,300,100,100,100,100,100,100,100,100
round_queries,300,500,1900,7100,33700,161900,801300,4059700,20464900
round_k,0,2,9,35,168,809,4006,20298,102324
round_shots,100,100,100,100,100,100,100,100,100
round_queries,100,500,1900,9100,43500,218500,1102500,5569900,28157500
round_k,0,2,9,45,217,1092,5512,27849,140787
round_shots,200,100,100,100,100,100,100,100,100,100
round_queries,200,300,1100,4100,19700,94900,466100,2343700,11863900,60263500
round_k,0,1,5,20,98,474,2330,11718,59319,301317
round_shots,100,100,100,100,100,100,100,100,100,100
round_queries,100,300,700,2900,13100,62700,296100,1486900,7446100,37684700
round_k,0,1,3,14,65,313,1480,7434,37230,188423
round_shots,100,100,100,100,100,100,100,100,100
round_queries,100,300,1500,6900,32700,157700,788300,3992500,20239300
round_k,0,1,7,34,163,788,3941,19962,101196
round_shots,100,100,100,100,100,100,100,100,100,100
round_queries,100,300,700,1900,7700,34700,167500,833900,4198300,21105100
round_k,0,1,3,9,38,173,837,4169,20991,105525
round_shots,200,100,100,100,100,100,100,100,100,100
round_queries,200,300,1100,4900,22100,106700,529700,2667100,13495100,68416500
round_k,0,1,5,24,110,533,2648,13335,67475,342082
round_shots,200,100,100,100,100,100,100,100,100,100
round_queries,200,300,700,1900,8900,40700,198100,1000300,5044300,25504500
round_k,0,1,3,9,44,203,990,5001,25221,127522
round_shots,100,100,100,100,100,100,100,100,100,100
round_queries,100,300,700,3300,14900,73100,353900,1759500,8905500,45073300
round_k,0,1,3,16,74,365,1769,8797,44527,225366
round_shots,100,100,100,100,100,100,100,100,100,100
round_queries,100,300,1100,5100,23100,108900,512500,2566700,13000700,65338700
round_k,0,1,5,25,115,544,2562,12833,65003,326693
round_shots,200,100,100,100,100,100,100,100,100
round_queries,200,300,1500,5900,29500,144100,711700,3588100,18047100
round_k,0,1,7,29,147,720,3558,17940,90235
round_shots,200,100,100,100,100,100,100,100,100
round_queries,200,300,1500,5500,25900,127300,626700,3084700,15603700
round_k,0,1,7,27,129,636,3133,15423,78018
round_shots,100,100,100,100,100,100,100,100,100,100
round_queries,100,300,1100,4500,21500,106100,521900,2617700,13196500,66853500
round_k,0,1,5,22,107,530,2609,13088,65982,334267
round_shots,200,100,100,100,100,100,100,100,100,100
round_queries,200,300,700,2300,8700,40900,191700,954900,4806900,24381900
round_k,0,1,3,11,43,204,958,4774,24034,121909
round_shots,100,100,100,100,100,100,100,100,100
round_queries,100,300,1500,5900,27500,129300,641300,3226500,16245700
round_k,0,1,7,29,137,646,3206,16132,81228
round_shots,100,100,100,100,100,100,100,100,100,100
round_queries,100,300,1100,5100,23700,114300,565700,2863300,14421300,73027300
round_k,0,1,5,25,118,571,2828,14316,72106,365136
round_shots,300,100,100,100,100,100,100,100,100,100
round_queries,300,300,700,2900,13700,68300,337100,1673300,8437100,42814300
round_k,0,1,3,14,68,341,1685,8366,42185,214071
round_shots,200,100,100,100,100,100,100,100,100,100
round_queries,200,300,1100,4900,21500,103900,512700,2562300,12941700,65591300
round_k,0,1,5,24,107,519,2563,12811,64708,327956
round_shots,100,100,100,100,100,100,100,100,100,100
round_queries,100,300,1100,4700,21500,102700,513900,2565900,12976100,65733300
round_k,0,1,5,23,107,513,2569,12829,64880,328666
round_shots,100,100,100,100,100,100,100,100,100,100
round_queries,100,300,700,2300,10500,52300,254900,1262900,6377100,32287900
round_k,0,1,3,11,52,261,1274,6314,31885,161439
round_shots,300,100,100,100,100,100,100,100,100,100
round_queries,300,300,1100,4500,20700,100100,494900,2478300,12553300,63569500
round_k,0,1,5,22,103,500,2474,12391,62766,317847
round_shots,200,100,100,100,100,100,100,100,100,100
round_queries,200,300,1100,4500,21100,103700,516500,2593500,13100500,66354100
round_k,0,1,5,22,105,518,2582,12967,65502,331770
round_shots,100,100,100,100,100,100,100,100,100,100
round_queries,100,300,700,2900,11700,55100,268500,1337300,6742900,34139700
round_k,0,1,3,14,58,275,1342,6686,33714,170698
round_shots,200,100,100,100,100,100,100,100,100,100
round_queries,200,300,1100,4500,20700,103500,506900,2536900,12765500,64424500
round_k,0,1,5,22,103,517,2534,12684,63827,322122
round_shots,100,100,100,100,100,100,100,100,100,100
round_queries,100,300,700,2900,13100,63300,314900,1580700,7977500,40395100
round_k,0,1,3,14,65,316,1574,7903,39887,201975
round_shots,100,100,100,100,100,100,100,100,100,100
round_queries,100,300,1100,5100,24500,117700,588300,2977300,14992700,75911100
round_k,0,1,5,25,122,588,2941,14886,74963,379555
round_shots,100,100,100,100,100,100,100,100,100,100
round_queries,100,300,1100,4100,17700,83900,414900,2072100,10498900,53262300
round_k,0,1,5,20,88,419,2074,10360,52494,266311
round_shots,200,100,100,100,100,100,100,100,100,100
round_queries,200,300,1100,5100,23900,116100,581900,2925900,14787100,75016300
round_k,0,1,5,25,119,580,2909,14629,73935,375081
round_shots,200,100,100,100,100,100,100,100,100,100
round_queries,200,300,1100,4100,19500,95300,461500,2288500,11530700,58071500
round_k,0,1,5,20,97,476,2307,11442,57653,290357
round_shots,100,100,100,100,100,100,100,100,100,100
round_queries,100,300,1100,4500,21700,105300,514700,2602100,13142300,66558700
round_k,0,1,5,22,108,526,2573,13010,65711,332793
round_shots,100,100,100,100,100,100,100,100,100,100
round_queries,100,300,1100,4900,22300,109100,534900,2613700,12935700,65672500
round_k,0,1,5,24,111,545,2674,13068,64678,328362
round_shots,100,100,100,100,100,100,100,100,100,100
round_queries,100,300,1100,4500,20700,99500,501100,2533700,12831300,65036900
round_k,0,1,5,22,103,497,2505,12668,64156,325184
round_shots,200,100,100,100,100,100,100,100,100,100
round_queries,200,300,700,2900,13900,64900,316500,1593700,7945700,40122300
round_k,0,1,3,14,69,324,1582,7968,39728,200611
round_shots,100,100,100,100,100,100,100,100,100,100
round_queries,100,300,1100,4900,23100,111900,542100,2593300,12896300,65394700
round_k,0,1,5,24,115,559,2710,12966,64481,326973
round_shots,100,100,100,100,100,100,100,100,100,100
round_queries,100,300,1100,4100,18700,93500,453500,2271700,11484900,57907300
round_k,0,1,5,20,93,467,2267,11358,57424,289536
round_shots,100,100,100,100,100,100,100,100,100,100
round_queries,100,300,1100,3500,14700,71700,354100,1776300,8995300,45593500
round_k,0,1,5,17,73,358,1770,8881,44976,227967
round_shots,200,100,100,100,100,100,100,100,100,100
round_queries,200,300,1100,4900,22900,109300,543500,2732700,13855100,70206900
round_k,0,1,5,24,114,546,2717,13663,69275,351034
round_shots,200,100,100,100,100,100,100,100,100
round_queries,200,300,1500,6300,28500,138700,696100,3497900,17672500
round_k,0,1,7,31,142,693,3480,17489,88362
round_shots,100,100,100,100,100,100,100,100,100,100
round_queries,100,300,700,2900,11700,54500,265300,1331100,6718500,34011300
round_k,0,1,3,14,58,272,1326,6655,33592,170056
round_shots,200,100,100,100,100,100,100,100,100,100
round_queries,200,300,1100,4900,21900,106100,522900,2586700,13053300,65646500
round_k,0,1,5,24,109,530,2614,12933,65266,328232
round_shots,100,100,100,100,100,100,100,100,100,100
round_queries,100,300,700,2300,9700,46500,231500,1146700,5748300,35050300
round_k,0,1,3,11,48,232,1157,5733,28741,175251
round_shots,100,100,100,100,100,100,100,100,100,100
round_queries,100,300,1100,3100,12700,61700,297900,1501300,7554900,38269100
round_k,0,1,5,15,63,308,1489,7506,37774,191345
round_shots,200,100,100,100,100,100,100,100,100,100
round_queries,200,300,900,4500,20500,98500,480900,2410700,12190500,61711900
round_k,0,1,4,22,102,492,2404,12053,60952,308559
round_shots,100,100,100,100,100,100,100,100,100,100
round_queries,100,300,700,3300,14900,71700,351700,1778500,8989300,45553500
round_k,0,1,3,16,74,358,1758,8892,44946,227767
round_shots,200,100,100,100,100,100,100,100,100,100
round_queries,200,300,1100,4100,18300,86500,427900,2164100,10887100,54851300
round_k,0,1,5,20,91,432,2139,10820,54435,274256
round_shots,100,100,100,100,100,100,100,100,100,100
round_queries,100,300,1100,3700,16500,82500,412500,2069700,10452700,52861900
round_k,0,1,5,18,82,412,2062,10348,52263,264309
round_shots,200,100,100,100,100,100,100,100,100
round_queries,200,500,1500,7300,32700,156500,776500,3879100,19600900
round_k,0,2,7,36,163,782,3882,19395,98004
round_shots,100,200,100,100,100,100,100,100,100,100
round_queries,100,600,1100,4100,19500,92500,464100,2338300,11721900,59486100
round_k,0,1,5,20,97,462,2320,11691,58609,297430
round_shots,100,100,100,100,100,100,100,100,100,100
round_queries,100,300,1100,4100,17500,83900,420700,2103500,10591100,53739700
round_k,0,1,5,20,87,419,2103,10517,52955,268698
round_shots,200,100,100,100,100,100,100,100,100
round_queries,200,500,1500,5900,27900,135100,668500,3353100,16937500
round_k,0,2,7,29,139,675,3342,16765,84687
round_shots,200,100,100,100,100,100,100,100,100,100
round_queries,200,300,1100,4100,19100,93300,467100,2364900,11953300,60458300
round_k,0,1,5,20,95,466,2335,11824,59766,302291
round_shots,200,100,100,100,100,100,100,100,100,100
round_queries,200,300,1100,5300,24900,118300,587100,2955500,14923100,75648100
round_k,0,1,5,26,124,591,2935,14777,74615,378240
round_shots,200,100,100,100,100,100,100,100,100,100
round_queries,200,300,1100,4700,21100,104500,513700,2567300,12997500,65912900
round_k,0,1,5,23,105,522,2568,12836,64987,329564
round_shots,100,100,100,100,100,100,100,100,100,100
round_queries,100,300,1100,4300,20500,101300,503900,2541900,12857300,64612700
round_k,0,1,5,21,102,506,2519,12709,64286,323063
round_shots,300,100,100,100,100,100,100,100,100
round_queries,300,500,1500,5900,28300,136100,680500,3437300,17420100
round_k,0,2,7,29,141,680,3402,17186,87100
round_shots,200,100,100,100,100,100,100,100,100,100
round_queries,200,300,1100,4700,21700,105700,526700,2648900,13265700,67206900
round_k,0,1,5,23,108,528,2633,13244,66328,336034
round_shots,100,100,100,100,100,100,100,100,100
round_queries,100,300,1500,7300,34900,173900,858500,4348100,22007900
round_k,0,1,7,36,174,869,4292,21740,110039
round_shots,100,100,100,100,100,100,100,100,100,100
round_queries,100,300,700,3300,13700,66700,333900,1692100,8529900,43075900
round_k,0,1,3,16,68,333,1669,8460,42649,215379
round_shots,100,100,100,100,100,100,100,100,100,100
round_queries,100,300,1100,3100,13900,67900,330300,1656900,8377500,42420900
round_k,0,1,5,15,69,339,1651,8284,41887,212104
round_shots,200,100,100,100,100,100,100,100,100,100
round_queries,200,300,700,2700,11500,55500,278900,1394100,7011700,35454500
round_k,0,1,3,13,57,277,1394,6970,35058,177272
round_shots,100,100,100,100,100,100,100,100,100,100
round_queries,100,300,1100,4300,19100,95700,447900,2265300,11398100,57750500
round_k,0,1,5,21,95,478,2239,11326,56990,288752
round_shots,100,100,100,100,100,100,100,100,100,100
round_queries,100,300,700,2300,10700,50900,250900,1252900,6323700,32091500
round_k,0,1,3,11,53,254,1254,6264,31618,160457
round_shots,100,100,100,100,100,100,100,100,100
round_queries,100,300,1100,4900,22700,112100,565300,3420300,17373300
round_k,0,1,5,24,113,560,2826,17101,86866
round_shots,200,100,100,100,100,100,100,100,100,100
round_queries,200,300,700,3300,15700,75700,376900,1884500,9517700,47876300
round_k,0,1,3,16,78,378,1884,9422,47588,239381
round_shots,100,100,100,100,100,100,100,100,100,100
round_queries,100,300,1100,3100,13500,67900,331900,1640100,8261700,41824900
round_k,0,1,5,15,67,339,1659,8200,41308,209124
round_shots,200,100,100,100,100,100,100,100,100,100
round_queries,200,300,1100,4500,22100,105700,511300,2565100,12930900,65289500
round_k,0,1,5,22,110,528,2556,12825,64654,326447
round_shots,200,100,100,100,100,100,100,100,100,100
round_queries,200,300,1100,4300,19100,95100,477100,2398700,12149700,61653300
round_k,0,1,5,21,95,475,2385,11993,60748,308266
round_shots,200,100,100,100,100,100,100,100,100,100
round_queries,200,300,1100,4500,21700,104900,522900,2621100,13255500,67216300
round_k,0,1,5,22,108,524,2614,13105,66277,336081
round_shots,200,200,100,100,100,100,100,100,100,100
round_queries,200,600,1100,4500,20700,99900,502700,2539100,12824300,65079900
round_k,0,1,5,22,103,499,2513,12695,64121,325399
round_shots,100,200,100,100,100,100,100,100,100
round_queries,100,600,1900,7700,34900,168300,845100,4204100,21113100
round_k,0,1,9,38,174,841,4225,21020,105565
round_shots,200,100,100,100,100,100,100,100,100,100
round_queries,200,300,700,2300,11100,53700,267300,1338100,6748700,34198100
round_k,0,1,3,11,55,268,1336,6690,33743,170990
round_shots,200,100,100,100,100,100,100,100,100,100
round_queries,200,300,1100,4100,17700,86500,432700,2158900,10887500,54770700
round_k,0,1,5,20,88,432,2163,10794,54437,273853
round_shots,200,100,100,100,100,100,100,100,100,100
round_queries,200,300,1100,4900,22500,106900,535900,2810100,14098300,71475900
round_k,0,1,5,24,112,534,2679,14050,70491,357379
round_shots,100,100,100,100,100,100,100,100,100,100
round_queries,100,300,1100,3700,16500,81900,399300,1991900,10070700,50984300
round_k,0,1,5,18,82,409,1996,9959,50353,254921
round_shots,100,100,100,100,100,100,100,100,100,100
round_queries,100,300,1100,3700,16500,78300,387100,1958300,9897900,49746900
round_k,0,1,5,18,82,391,1935,9791,49489,248734
round_shots,100,100,100,100,100,100,100,100,100,100
round_queries,100,300,1100,4700,23500,113500,562100,2838500,14321100,72616700
round_k,0,1,5,23,117,567,2810,14192,71605,363083
round_shots,100,100,100,100,100,100,100,100,100,100
round_queries,100,300,1100,4700,20900,101700,506900,2562900,12956900,65552900
round_k,0,1,5,23,104,508,2534,12814,64784,327764
round_shots,200,100,100,100,100,100,100,100,100,100
round_queries,200,300,1100,4900,23300,114900,573300,2871300,14437700,73174300
round_k,0,1,5,24,116,574,2866,14356,72188,365871
round_shots,100,100,100,100,100,100,100,100,100,100
round_queries,100,300,1100,4900,24100,115900,571100,2867500,14522500,73769100
round_k,0,1,5,24,120,579,2855,14337,72612,368845
round_shots,200,100,100,100,100,100,100,100,100,100
round_queries,200,300,1100,4500,19500,93100,463700,2334700,11684300,59296500
round_k,0,1,5,22,97,465,2318,11673,58421,296482
round_shots,100,100,100,100,100,100,100,100,100,100
round_queries,100,300,700,1900,7700,36300,177500,888100,4481700,22651300
round_k,0,1,3,9,38,181,887,4440,22408,113256
round_shots,200,100,100,100,100,100,100,100,100,100
round_queries,200,300,1100,4100,19100,92300,464300,2339300,11813700,59796900
round_k,0,1,5,20,95,461,2321,11696,59068,298984
round_shots,200,100,100,100,100,100,100,100,100
round_queries,200,500,1900,7500,35500,171500,864700,4231900,21283900
round_k,0,2,9,37,177,857,4323,21159,106419
round_shots,200,100,100,100,100,100,100,100,100,100
round_queries,200,300,1100,3700,16300,75300,372300,1881300,9509900,47704900
round_k,0,1,5,18,81,376,1861,9406,47549,238524
round_shots,200,100,100,100,100,100,100,100,100,100
round_queries,200,300,1100,4100,18700,88500,431500,2176700,11002300,55680100
round_k,0,1,5,20,93,442,2157,10883,55011,278400
round_shots,200,100,100,100,100,100,100,100,100,100
round_queries,200,300,1300,4700,22300,107900,539500,2707500,13712900,69435700
round_k,0,1,6,23,111,539,2697,13537,68564,347178
round_shots,300,100,100,100,100,100,100,100,100,100
round_queries,300,300,1100,4100,18500,91900,458900,2307500,11677700,58975900
round_k,0,1,5,20,92,459,2294,11537,58388,294879
round_shots,100,100,100,100,100,100,100,100,100,100
round_queries,100,300,1100,5500,25300,121700,608700,3044700,15364900,77218100
round_k,0,1,5,27,126,608,3043,15223,76824,386090
round_shots,200,100,100,100,100,100,100,100,100,100
round_queries,200,300,1100,4700,21300,102500,508300,2559100,12897300,65456900
round_k,0,1,5,23,106,512,2541,12795,64486,327284
round_shots,200,100,100,100,100,100,100,100,100,100
round_queries,200,300,1100,4100,19300,92500,462700,2329100,11699700,59130700
round_k,0,1,5,20,96,462,2313,11645,58498,295653
round_shots,100,100,100,100,100,100,100,100,100,100
round_queries,100,300,1100,4700,20700,101500,505300,2506500,12674100,64080700
round_k,0,1,5,23,103,507,2526,12532,63370,320403
round_shots,100,100,100,100,100,100,100,100,100,100
round_queries,100,300,700,2900,11700,54300,256700,1283500,6486900,32843100
round_k,0,1,3,14,58,271,1283,6417,32434,164215
round_shots,100,100,100,100,100,100,100,100,100,100
round_queries,100,300,1100,4100,18300,88700,436700,2211700,11169900,56598500
round_k,0,1,5,20,91,443,2183,11058,55849,282992
round_shots,300,100,100,100,100,100,100,100,100,100
round_queries,300,300,700,2700,11500,54700,273300,1359700,6863900,34778500
round_k,0,1,3,13,57,273,1366,6798,34319,173892
round_shots,100,100,100,100,100,100,100,100,100
round_queries,100,300,1100,5100,25300,126900,624100,3159700,15677700
round_k,0,1,5,25,126,634,3120,15798,78388
round_shots,200,100,100,100,100,100,100,100,100,100
round_queries,200,300,1100,3700,16700,82100,399500,2004700,10066100,50940700
round_k,0,1,5,18,83,410,1997,10023,50330,254703
round_shots,100,100,100,100,100,100,100,100,100
round_queries,100,300,1500,7300,34700,164300,813500,4119700,20836700
round_k,0,1,7,36,173,821,4067,20598,104183
round_shots,100,100,100,100,100,100,100,100,100,100
round_queries,100,300,1100,4900,21700,104500,521500,2627500,13296500,67419700
round_k,0,1,5,24,108,522,2607,13137,66482,337098
round_shots,200,100,100,100,100,100,100,100,100,100
round_queries,200,300,1100,4500,21700,102100,503100,2519300,12748500,64569100
round_k,0,1,5,22,108,510,2515,12596,63742,322845
round_shots,200,100,100,100,100,100,100,100,100,100
round_queries,200,300,1100,4100,17900,89500,443700,2178700,11030900,55940300
round_k,0,1,5,20,89,447,2218,10893,55154,279701
round_shots,200,100,100,100,100,100,100,100,100,100
round_queries,200,300,700,3300,14100,69300,345700,1724300,8712900,44010300
round_k,0,1,3,16,70,346,1728,8621,43564,220051
round_shots,300,100,100,100,100,100,100,100,100,100
round_queries,300,300,1100,5100,23300,116500,579100,2894300,14515900,73553700
round_k,0,1,5,25,116,582,2895,14471,72579,367768
round_shots,100,100,100,100,100,100,100,100,100,100
round_queries,100,300,1100,3500,15700,76300,379900,1921900,9734900,48928900
round_k,0,1,5,17,78,381,1899,9609,48674,244644
round_shots,200,100,100,100,100,100,100,100,100,100
round_queries,200,300,700,3300,14100,67500,335100,1680500,8489100,42929300
round_k,0,1,3,16,70,337,1675,8402,42445,214646
round_shots,200,100,100,100,100,100,100,100,100,100
round_queries,200,300,1100,5300,26300,131500,640700,3064700,15454100,78269900
round_k,0,1,5,26,131,657,3203,15323,77270,391349
round_shots,100,100,100,100,100,100,100,100,100,100
round_queries,100,300,1100,4100,19100,94900,440500,2154700,10866300,54975300
round_k,0,1,5,20,95,474,2202,10773,54331,274876
round_shots,100,100,100,100,100,100,100,100,100,100
round_queries,100,300,700,1900,8700,42100,208900,1050300,5305300,26673700
round_k,0,1,3,9,43,210,1044,5251,26526,133368
round_shots,200,100,100,100,100,100,100,100,100,100
round_queries,200,300,1100,4100,20500,98700,488900,2465500,12483500,63269300
round_k,0,1,5,20,102,493,2444,12327,62417,316346
round_shots,100,100,100,100,100,100,100,100,100,100
round_queries,100,300,1100,4700,22300,102700,506300,2551900,12936300,65566700
round_k,0,1,5,23,111,513,2531,12759,64681,327833
round_shots,100,100,100,100,100,100,100,100,100
round_queries,100,300,1100,5100,23900,113300,560700,2955300,14847700
round_k,0,1,5,25,119,566,2803,14776,74238
round_shots,100,100,100,100,100,100,100,100,100,100
round_queries,100,300,1100,5300,25500,119500,581500,2924700,14731700,74779500
round_k,0,1,5,26,127,597,2907,14623,73658,373897
round_shots,100,100,100,100,100,100,100,100,100,100
round_queries,100,300,1100,4300,19500,93100,465500,2358100,11794100,59825500
round_k,0,1,5,21,97,465,2327,11790,58970,299127
round_shots,100,100,100,100,100,100,100,100,100,100
round_queries,100,300,1100,4700,22700,112500,551500,2771700,13998100,70714900
round_k,0,1,5,23,113,562,2757,13858,69990,353574
round_shots,100,100,100,100,100,100,100,100,100,100
round_queries,100,300,700,2900,13700,65700,325100,1635300,8218100,41638100
round_k,0,1,3,14,68,328,1625,8176,41090,208190
round_shots,200,100,100,100,100,100,100,100,100,100
round_queries,200,300,700,1900,8500,37900,188300,939700,4723300,23813900
round_k,0,1,3,9,42,189,941,4698,23616,119069
round_shots,200,100,100,100,100,100,100,100,100,100
round_queries,200,300,1100,4500,20300,96500,474100,2357700,11959300,60406700
round_k,0,1,5,22,101,482,2370,11788,59796,302033
round_shots,100,100,100,100,100,100,100,100,100,100
round_queries,100,300,1500,5500,25700,119300,591300,2980300,15064700,76523300
round_k,0,1,7,27,128,596,2956,14901,75323,382616
round_shots,200,100,100,100,100,100,100,100,100
round_queries,200,300,1500,6100,30500,152100,766100,3781900,19021100
round_k,0,1,7,30,152,760,3830,18909,95105
round_shots,100,100,100,100,100,100,100,100,100
round_queries,100,500,2300,8700,40700,202700,1022700,5187500,26201300
round_k,0,2,11,43,203,1013,5113,25937,131006
round_shots,200,100,100,100,100,100,100,100,100,100
round_queries,200,300,1100,4700,21900,105700,519700,2609500,13253500,66740500
round_k,0,1,5,23,109,528,2598,13047,66267,333702
round_shots,100,100,100,100,100,100,100,100,100,100
round_queries,100,300,700,1900,7100,32900,159300,792500,3975900,20074500
round_k,0,1,3,9,35,164,796,3962,19879,100372
round_shots,100,100,100,100,100,100,100,100,100,100
round_queries,100,300,1100,3100,13900,65900,328300,1652500,8302100,41951700
round_k,0,1,5,15,69,329,1641,8262,41510,209758
round_shots,100,100,100,100,100,100,100,100,100
round_queries,100,300,1500,6500,29300,139900,685300,3419300,17319100
round_k,0,1,7,32,146,699,3426,17096,86595
round_shots,200,100,100,100,100,100,100,100,100,100
round_queries,200,300,1100,4900,22700,110500,543500,2716700,13708300,69564500
round_k,0,1,5,24,113,552,2717,13583,68541,347822
round_shots,100,100,100,100,100,100,100,100,100,100
round_queries,100,300,1100,4100,19100,91500,452100,2278300,11510100,58282500
round_k,0,1,5,20,95,457,2260,11391,57550,291412
round_shots,100,100,100,100,100,100,100,100,100,100
round_queries,100,300,700,2300,9900,48900,244500,1207300,6099500,30817300
round_k,0,1,3,11,49,244,1222,6036,30497,154086
round_shots,100,100,100,100,100,100,100,100,100,100
round_queries,100,300,1100,4900,23100,106500,532900,2678300,13503500,68286500
round_k,0,1,5,24,115,532,2664,13391,67517,341432
round_shots,200,100,100,100,100,100,100,100,100
round_queries,200,300,1500,6300,31500,157500,777300,3899300,19917100
round_k,0,1,7,31,157,787,3886,19496,99585
round_shots,100,100,100,100,100,100,100,100,100,100
round_queries,100,300,1100,5100,23700,114700,562900,2832100,14315300,72234100
round_k,0,1,5,25,118,573,2814,14160,71576,361170
round_shots,200,100,100,100,100,100,100,100,100
round_queries,200,700,1900,7700,36100,177100,870300,4364700,21968500
round_k,0,3,9,38,180,885,4351,21823,109842
round_shots,300,100,100,100,100,100,100,100,100,100
round_queries,300,300,1100,4500,19900,97900,486700,2312500,11555900,58418900
round_k,0,1,5,22,99,489,2433,11562,57779,292094
round_shots,200,100,100,100,100,100,100,100,100
round_queries,200,500,1500,6300,29500,144300,717300,3613500,18281100
round_k,0,2,7,31,147,721,3586,18067,91405
round_shots,100,100,100,100,100,100,100,100,100
round_queries,100,300,1100,5500,25900,128500,643700,3155100,15856100
round_k,0,1,5,27,129,642,3218,15775,79280
round_shots,100,100,100,100,100,100,100,100,100,100
round_queries,100,300,1100,3700,17500,86100,424300,2135100,10819300,54911300
round_k,0,1,5,18,87,430,2121,10675,54096,274556
round_shots,200,100,100,100,100,100,100,100,100,100
round_queries,200,300,1100,3700,16700,81500,406300,2050500,10316100,52127100
round_k,0,1,5,18,83,407,2031,10252,51580,260635
round_shots,100,100,100,100,100,100,100,100,100,100
round_queries,100,300,1100,3100,13900,63700,314300,1590700,8036500,40636300
round_k,0,1,5,15,69,318,1571,7953,40182,203181
round_shots,100,100,100,100,100,100,100,100,100,100
round_queries,100,300,1100,4100,20300,99100,485700,2404900,12089300,61167700
round_k,0,1,5,20,101,495,2428,12024,60446,305838
round_shots,200,100,100,100,100,100,100,100,100,100
round_queries,200,300,1100,4100,17100,81300,404100,2028700,10262700,51848900
round_k,0,1,5,20,85,406,2020,10143,51313,259244
round_shots,200,100,100,100,100,100,100,100,100,100
round_queries,200,300,1100,3700,16300,78100,386500,1928300,9708100,49155900
round_k,0,1,5,18,81,390,1932,9641,48540,245779
round_shots,100,100,100,100,100,100,100,100,100,100
round_queries,100,300,1500,5700,25300,119900,604100,3026500,15254100,76991900
round_k,0,1,7,28,126,599,3020,15132,76270,384959
round_shots,200,100,100,100,100,100,100,100,100,100
round_queries,200,300,700,2900,13500,66300,317700,1563300,7828900,39710300
round_k,0,1,3,14,67,331,1588,7816,39144,198551
round_shots,100,100,100,100,100,100,100,100,100,100
round_queries,100,300,1100,4500,20700,98500,492500,2491500,12540300,63064900
round_k,0,1,5,22,103,492,2462,12457,62701,315324
round_shots,100,100,100,100,100,100,100,100,100,100
round_queries,100,300,700,1900,8500,41100,199900,991700,4957500,24932100
round_k,0,1,3,9,42,205,999,4958,24787,124660
round_shots,200,100,100,100,100,100,100,100,100,100
round_queries,200,300,1100,3700,16500,79500,397700,1990700,10015100,50707500
round_k,0,1,5,18,82,397,1988,9953,50075,253537
round_shots,300,100,100,100,100,100,100,100,100
round_queries,300,500,1500,6900,33300,160700,800900,4011900,20187100
round_k,0,2,7,34,166,803,4004,20059,100935
round_shots,100,100,100,100,100,100,100,100,100,100
round_queries,100,300,1100,3700,15700,73900,360700,1815700,9173300,46507900
round_k,0,1,5,18,78,369,1803,9078,45866,232539
round_shots,200,100,100,100,100,100,100,100,100,100
round_queries,200,300,1100,3500,16100,80500,400500,2014900,10186900,51685900
round_k,0,1,5,17,80,402,2002,10074,50934,258429
round_shots,200,100,100,100,100,100,100,100,100,100
round_queries,200,300,700,2300,11100,54100,269100,1341700,6752500,34242300
round_k,0,1,3,11,55,270,1345,6708,33762,171211
round_shots,200,100,100,100,100,100,100,100,100,100
round_queries,200,300,1100,4100,20300,101500,503100,2524900,12663300,64138100
round_k,0,1,5,20,101,507,2515,12624,63316,320690
round_shots,100,100,100,100,100,100,100,100,100,100
round_queries,100,300,1100,5100,24300,120100,597700,3016500,15181900,76652300
round_k,0,1,5,25,121,600,2988,15082,75909,383261
round_shots,200,100,100,100,100,100,100,100,100,100
round_queries,200,300,1100,4300,19300,93300,460300,2300900,11626500,58806100
round_k,0,1,5,21,96,466,2301,11504,58132,294030
round_shots,200,100,100,100,100,100,100,100,100,100
round_queries,200,300,1100,4100,19100,90500,447500,2249700,11254100,56558300
round_k,0,1,5,20,95,452,2237,11248,56270,282791
round_shots,100,100,100,100,100,100,100,100,100,100
round_queries,100,300,900,2700,12300,58300,288900,1449900,7293300,36745700
round_k,0,1,4,13,61,291,1444,7249,36466,183728
round_shots,200,100,100,100,100,100,100,100,100,100
round_queries,200,300,700,2900,12300,60700,300300,1491500,7514500,38102700
round_k,0,1,3,14,61,303,1501,7457,37572,190513
round_shots,100,100,100,100,100,100,100,100,100,100
round_queries,100,300,700,2900,12500,61500,309900,1548500,7741100,38865100
round_k,0,1,3,14,62,307,1549,7742,38705,194325
round_shots,200,100,100,100,100,100,100,100,100
round_queries,200,500,1500,5500,25700,127700,644500,3162300,15989500
round_k,0,2,7,27,128,638,3222,15811,79947
round_shots,200,100,100,100,100,100,100,100,100,100
round_queries,200,300,1100,4500,20100,98500,493900,2479300,12468500,63225100
round_k,0,1,5,22,100,492,2469,12396,62342,316125
round_shots,200,100,100,100,100,100,100,100,100,100
round_queries,200,300,700,1900,8700,43500,208700,1049700,5354700,26969300
round_k,0,1,3,9,43,217,1043,5248,26773,134846
round_shots,100,100,100,100,100,100,100,100,100,100
round_queries,100,300,1100,3700,16700,79900,395700,1972300,9951500,50502100
round_k,0,1,5,18,83,399,1978,9861,49757,252510
round_shots,300,100,100,100,100,100,100,100,100,100
round_queries,300,300,700,3300,15900,73700,368900,1857300,9278500,47031500
round_k,0,1,3,16,79,368,1844,9286,46392,235157
round_shots,200,100,100,100,100,100,100,100,100
round_queries,200,700,2300,9100,45700,220300,1168700,7107500,35834100
round_k,0,3,11,45,228,1101,5843,35537,179170
round_shots,200,100,100,100,100,100,100,100,100
round_queries,200,500,1500,7100,32900,162700,805700,4028300,20402500
round_k,0,2,7,35,164,813,4028,20141,102012
round_shots,200,100,100,100,100,100,100,100,100
round_queries,200,300,1500,6700,29900,143900,697900,3439500,17413700
round_k,0,1,7,33,149,719,3489,17197,87068
round_shots,200,100,100,100,100,100,100,100,100,100
round_queries,200,300,1100,4100,18300,90500,451700,2244900,11341300,57443100
round_k,0,1,5,20,91,452,2258,11224,56706,287215
round_shots,100,100,100,100,100,100,100,100,100,100
round_queries,100,300,1100,4100,18900,89300,442100,2221700,11178100,56662900
round_k,0,1,5,20,94,446,2210,11108,55890,283314
round_shots,200,100,100,100,100,100,100,100,100,100
round_queries,200,300,1100,4500,21500,104700,512300,2578100,13115500,65911500
round_k,0,1,5,22,107,523,2561,12890,65577,329557
round_shots,100,100,100,100,100,100,100,100,100,100
round_queries,100,300,1100,5100,22900,114300,574700,2855700,14370300,72923300
round_k,0,1,5,25,114,571,2873,14278,71851,364616
round_shots,200,100,100,100,100,100,100,100,100,100
round_queries,200,300,1100,4100,18900,93900,438300,2195100,10731900,53662700
round_k,0,1,5,20,94,469,2191,10975,53659,268313
round_shots,300,100,100,100,100,100,100,100,100,100
round_queries,300,300,1100,4500,20300,94700,445700,2254500,10635700,53184500
round_k,0,1,5,22,101,473,2228,11272,53178,265922
round_shots,200,100,100,100,100,100,100,100,100
round_queries,200,300,1500,6700,31500,148100,733700,3673300,18580500
round_k,0,1,7,33,157,740,3668,18366,92902
round_shots,200,100,100,100,100,100,100,100,100,100
round_queries,200,300,700,1900,7700,35100,167300,823500,4166700,21055900
round_k,0,1,3,9,38,175,836,4117,20833,105279
round_shots,100,100,100,100,100,100,100,100,100
round_queries,100,300,1500,7100,33900,162900,814700,4098900,20767300
round_k,0,1,7,35,169,814,4073,20494,103836
round_shots,100,100,100,100,100,100,100,100,100,100
round_queries,100,300,700,2900,13100,64900,323500,1624900,8227900,41756700
round_k,0,1,3,14,65,324,1617,8124,41139,208783
round_shots,200,100,100,100,100,100,100,100,100,100
round_queries,200,300,1100,4100,17700,81100,378500,1886100,9515900,47973300
round_k,0,1,5,20,88,405,1892,9430,47579,239866
round_shots,100,100,100,100,100,100,100,100,100,100
round_queries,100,300,1100,4100,19300,90300,426700,2158500,10838500,54788500
round_k,0,1,5,20,96,451,2133,10792,54192,273942
round_shots,100,100,100,100,100,100,100,100,100,100
round_queries,100,300,1100,3700,17700,89700,534700,2676500,13524300,68256700
round_k,0,1,5,18,88,448,2673,13382,67621,341283
round_shots,200,100,100,100,100,100,100,100,100,100
round_queries,200,300,700,2900,13700,64900,325100,1629700,8239500,41729500
round_k,0,1,3,14,68,324,1625,8148,41197,208647
round_shots,100,100,100,100,100,100,100,100,100,100
round_queries,100,300,1100,5100,24300,120300,592500,3000500,15152900,77409100
round_k,0,1,5,25,121,601,2962,15002,75764,387045
round_shots,200,100,100,100,100,100,100,100,100,100
round_queries,200,300,1100,4900,21100,102500,503300,2501100,12644300,63749500
round_k,0,1,5,24,105,512,2516,12505,63221,318747
round_shots,200,100,100,100,100,100,100,100,100,100
round_queries,200,300,1100,4500,20500,98900,490500,2453100,12342100,62609900
round_k,0,1,5,22,102,494,2452,12265,61710,313049
round_shots,200,100,100,100,100,100,100,100,100,100
round_queries,200,300,1100,4500,21700,106500,528300,2641700,13322900,67444300
round_k,0,1,5,22,108,532,2641,13208,66614,337221
round_shots,200,100,100,100,100,100,100,100,100
round_queries,200,300,1100,5300,25700,126500,629900,3114700,15497300
round_k,0,1,5,26,128,632,3149,15573,77486
round_shots,100,100,100,100,100,100,100,100,100
round_queries,100,300,1500,6300,28500,138900,697500,3508700,17705500
round_k,0,1,7,31,142,694,3487,17543,88527
round_shots,100,100,100,100,100,100,100,100,100,100
round_queries,100,300,1100,3100,15500,75900,361900,1782900,8759900,43926100
round_k,0,1,5,15,77,379,1809,8914,43799,219630
round_shots,200,100,100,100,100,100,100,100,100,100
round_queries,200,300,1100,3700,17900,83500,417900,2122300,10762900,54535100
round_k,0,1,5,18,89,417,2089,10611,53814,272675
round_shots,300,100,100,100,100,100,100,100,100,100
round_queries,300,300,700,1900,7500,36100,176500,884100,4451100,22550300
round_k,0,1,3,9,37,180,882,4420,22255,112751
round_shots,200,100,100,100,100,100,100,100,100,100
round_queries,200,300,1100,5300,24300,114700,569300,2872900,14427500,73188900
round_k,0,1,5,26,121,573,2846,14364,72137,365944
round_shots,100,100,100,100,100,100,100,100,100,100
round_queries,100,300,1100,3700,17500,81100,406900,2044300,10321100,52342500
round_k,0,1,5,18,87,405,2034,10221,51605,261712
round_shots,200,100,100,100,100,100,100,100,100,100
round_queries,200,300,1100,4100,18500,90700,447100,2236300,11261500,57105300
round_k,0,1,5,20,92,453,2235,11181,56307,285526
round_shots,100,100,100,100,100,100,100,100,100,100
round_queries,100,300,1100,4700,22500,107700,529100,2651500,13396900,67949900
round_k,0,1,5,23,112,538,2645,13257,66984,339749
round_shots,200,100,100,100,100,100,100,100,100,100
round_queries,200,300,1100,4500,19500,93700,451500,2248500,11308300,57328500
round_k,0,1,5,22,97,468,2257,11242,56541,286642
round_shots,200,100,100,100,100,100,100,100,100,100
round_queries,200,300,700,2900,12300,58700,283500,1426300,7195500,36465900
round_k,0,1,3,14,61,293,1417,7131,35977,182329
round_shots,200,100,100,100,100,100,100,100,100,100
round_queries,200,300,1100,4900,24300,121500,603700,3025900,15302300,77627300
round_k,0,1,5,24,121,607,3018,15129,76511,388136
round_shots,100,100,100,100,100,100,100,100,100,100
round_queries,100,300,1100,4500,21100,104100,522300,2599900,13101500,65997700
round_k,0,1,5,22,105,520,2611,12999,65507,329988
round_shots,200,100,100,100,100,100,100,100,100,100
round_queries,200,300,1100,3700,17700,84100,422700,2139700,10710500,53783500
round_k,0,1,5,18,88,420,2113,10698,53552,268917
round_shots,200,100,100,100,100,100,100,100,100
round_queries,200,300,1500,6700,32500,160300,800700,4020900,20339700
round_k,0,1,7,33,162,801,4003,20104,101698
round_shots,100,100,100,100,100,100,100,100,100,100
round_queries,100,300,700,1900,7100,32100,157700,777900,3923900,19841100
round_k,0,1,3,9,35,160,788,3889,19619,99205
round_shots,100,100,100,100,100,100,100,100,100,100
round_queries,100,300,1100,5300,24300,114900,573900,2893300,14622500,74140300
round_k,0,1,5,26,121,574,2869,14466,73112,370701
round_shots,100,100,100,100,100,100,100,100,100,100
round_queries,100,300,700,2500,10300,46300,227700,1130500,5671700,28558500
round_k,0,1,3,12,51,231,1138,5652,28358,142792
round_shots,100,100,100,100,100,100,100,100,100
round_queries,100,300,1100,4700,22300,128900,636500,3214300,16267300
round_k,0,1,5,23,111,644,3182,16071,81336
round_shots,100,100,100,100,100,100,100,100,100
round_queries,100,500,1900,7900,36100,178900,899300,4542300,23036500
round_k,0,2,9,39,180,894,4496,22711,115182
round_shots,200,100,100,100,100,100,100,100,100
round_queries,200,500,1500,6300,30300,147900,744500,3672300,18576500
round_k,0,2,7,31,151,739,3722,18361,92882
round_shots,100,100,100,100,100,100,100,100,100,100
round_queries,100,300,1100,4700,20900,102500,505900,2534300,12735100,64210300
round_k,0,1,5,23,104,512,2529,12671,63675,321051
round_shots,200,100,100,100,100,100,100,100,100,100
round_queries,200,300,700,1900,8100,39900,191900,955100,4806700,24282500
round_k,0,1,3,9,40,199,959,4775,24033,121412
round_shots,100,100,100,100,100,100,100,100,100,100
round_queries,100,300,700,2700,11700,56100,277700,1390300,7016700,35571900
round_k,0,1,3,13,58,280,1388,6951,35083,177859
round_shots,100,100,100,100,100,100,100,100,100,100
round_queries,100,300,700,3500,20100,92500,462300,2310500,11687300,59132100
round_k,0,1,3,17,100,462,2311,11552,58436,295660
round_shots,200,100,100,100,100,100,100,100,100,100
round_queries,200,300,1100,5100,23900,117700,584300,2958900,14974700,75503500
round_k,0,1,5,25,119,588,2921,14794,74873,377517
round_shots,100,100,100,100,100,100,100,100,100
round_queries,100,500,2300,10700,49100,238100,1196500,6061300,30680500
round_k,0,2,11,53,245,1190,5982,30306,153402
round_shots,100,100,100,100,100,100,100,100,100,100
round_queries,100,300,1100,3100,14300,69100,340700,1702500,8529500,43241100
round_k,0,1,5,15,71,345,1703,8512,42647,216205
round_shots,200,100,100,100,100,100,100,100,100
round_queries,200,300,1100,5100,24300,117900,580500,3536700,17796100
round_k,0,1,5,25,121,589,2902,17683,88980
round_shots,200,100,100,100,100,100,100,100,100,100
round_queries,200,300,1100,4100,18700,91900,459500,2318900,11734900,59346100
round_k,0,1,5,20,93,459,2297,11594,58674,296730
round_shots,200,100,100,100,100,100,100,100,100,100
round_queries,200,300,1100,4100,18300,85300,425700,2148100,10851500,55076900
round_k,0,1,5,20,91,426,2128,10740,54257,275384
round_shots,200,100,100,100,100,100,100,100,100
round_queries,200,700,2700,11500,56900,264700,1290500,6500500,32824100
round_k,0,3,13,57,284,1323,6452,32502,164120
round_shots,200,100,100,100,100,100,100,100,100,100
round_queries,200,300,1100,4900,20900,101100,507300,2541500,12834500,64788300
round_k,0,1,5,24,104,505,2536,12707,64172,323941
round_shots,100,100,100,100,100,100,100,100,100,100
round_queries,100,300,1100,4900,22900,109300,546300,2730300,13787900,69710700
round_k,0,1,5,24,114,546,2731,13651,68939,348553
round_shots,100,100,100,100,100,100,100,100,100,100
round_queries,100,300,1100,4900,21500,103700,514700,2607300,13176300,66698500
round_k,0,1,5,24,107,518,2573,13036,65881,333492
round_shots,200,100,100,100,100,100,100,100,100,100
round_queries,200,300,700,1900,7700,34900,170900,844100,4240300,21334900
round_k,0,1,3,9,38,174,854,4220,21201,106674
round_shots,200,100,100,100,100,100,100,100,100,100
round_queries,200,300,1100,4100,17700,82900,405900,2044500,10327300,52251100
round_k,0,1,5,20,88,414,2029,10222,51636,261255
round_shots,200,100,100,100,100,100,100,100,100,100
round_queries,200,300,1100,4100,20500,98100,485700,2424300,12266700,61948700
round_k,0,1,5,20,102,490,2428,12121,61333,309743
round_shots,100,100,100,100,100,100,100,100,100,100
round_queries,100,300,700,2900,12500,58900,293900,1477300,7446100,37624100
round_k,0,1,3,14,62,294,1469,7386,37230,188120
round_shots,100,100,100,100,100,100,100,100,100
round_queries,100,300,1500,5900,27900,133900,675100,3411100,17265900
round_k,0,1,7,29,139,669,3375,17055,86329
round_shots,100,100,100,100,100,100,100,100,100,100
round_queries,100,300,700,1900,8100,39500,194900,957500,4837700,24472100
round_k,0,1,3,9,40,197,974,4787,24188,122360
round_shots,100,100,100,100,100,100,100,100,100,100
round_queries,100,300,1100,4500,20500,100100,489500,2480500,12562100,63714900
round_k,0,1,5,22,102,500,2447,12402,62810,318574
round_shots,200,200,100,100,100,100,100,100,100
round_queries,200,600,1500,5900,28500,139300,679300,3435100,17353100
round_k,0,1,7,29,142,696,3396,17175,86765
round_shots,200,100,100,100,100,100,100,100,100
round_queries,200,300,1500,7500,35100,171300,864100,4290700,21641500
round_k,0,1,7,37,175,856,4320,21453,108207
round_shots,200,100,100,100,100,100,100,100,100
round_queries,200,500,1900,9100,42900,213100,1061700,5353100,26968500
round_k,0,2,9,45,214,1065,5308,26765,134842
round_shots,200,100,100,100,100,100,100,100,100,100
round_queries,200,300,1100,3700,16900,79700,394100,1987700,10022700,53395100
round_k,0,1,5,18,84,398,1970,9938,50113,266975
round_shots,100,100,100,100,100,100,100,100,100,100
round_queries,100,300,700,3300,13500,63500,313900,1583300,7981300,40323900
round_k,0,1,3,16,67,317,1569,7916,39906,201619
round_shots,100,100,100,100,100,100,100,100,100,100
round_queries,100,300,1100,4700,21700,105700,521900,2626100,13184700,66597700
round_k,0,1,5,23,108,528,2609,13130,65923,332988
round_shots,200,100,100,100,100,100,100,100,100,100
round_queries,200,300,700,2300,9900,48700,239100,1188700,5970900,30224500
round_k,0,1,3,11,49,243,1195,5943,29854,151122
round_shots,200,100,100,100,100,100,100,100,100,100
round_queries,200,300,700,1900,9100,43300,217500,1098100,5560300,28102700
round_k,0,1,3,9,45,216,1087,5490,27801,140513
round_shots,200,100,100,100,100,100,100,100,100
round_queries,200,300,1100,5500,26500,131500,656100,3302300,16747500
round_k,0,1,5,27,132,657,3280,16511,83737
round_shots,200,100,100,100,100,100,100,100,100
round_queries,200,300,1500,5700,27300,128900,636500,3218700,16189900
round_k,0,1,7,28,136,644,3182,16093,80949
round_shots,300,100,100,100,100,100,100,100,100
round_queries,300,500,1500,5900,28700,142100,707300,3569900,18112500
round_k,0,2,7,29,143,710,3536,17849,90562
round_shots,100,100,100,100,100,100,100,100,100,100
round_queries,100,300,1100,4100,18500,87900,431900,2187700,11036300,55625700
round_k,0,1,5,20,92,439,2159,10938,55181,278128
round_shots,300,100,100,100,100,100,100,100,100,100
round_queries,300,300,700,2700,11100,53100,262900,1325900,6690100,33556300
round_k,0,1,3,13,55,265,1314,6629,33450,167781
round_shots,100,100,100,100,100,100,100,100,100,100
round_queries,100,300,1100,4500,20100,94500,463300,2316100,11644900,59090300
round_k,0,1,5,22,100,472,2316,11580,58224,295451
round_shots,100,100,100,100,100,100,100,100,100,100
round_queries,100,300,1100,4900,22900,113300,558500,2814900,14283900,72435300
round_k,0,1,5,24,114,566,2792,14074,71419,362176
round_shots,100,100,100,100,100,100,100,100,100,100
round_queries,100,300,700,2500,10900,52300,253900,1258300,6334100,32108300
round_k,0,1,3,12,54,261,1269,6291,31670,160541
round_shots,300,100,100,100,100,100,100,100,100,100
round_queries,300,300,1100,4500,21900,104700,522500,2643900,13389100,67943100
round_k,0,1,5,22,109,523,2612,13219,66945,339715
round_shots,100,100,100,100,100,100,100,100,100,100
round_queries,100,300,1100,4500,20100,93700,459900,2317300,11637700,59071100
round_k,0,1,5,22,100,468,2299,11586,58188,295355
round_shots,300,100,100,100,100,100,100,100,100,100
round_queries,300,300,1100,4100,18500,86700,427300,2158300,10907700,54760500
round_k,0,1,5,20,92,433,2136,10791,54538,273802
round_shots,200,100,100,100,100,100,100,100,100,100
round_queries,200,300,700,2300,10900,52300,257700,1291700,6548100,33187300
round_k,0,1,3,11,54,261,1288,6458,32740,165936
round_shots,200,100,100,100,100,100,100,100,100,100
round_queries,200,300,1100,4500,20100,98100,463700,2321300,11757700,59516500
round_k,0,1,5,22,100,490,2318,11606,58788,297582
round_shots,200,100,100,100,100,100,100,100,100,100
round_queries,200,300,700,2300,10500,50300,250900,1248500,6317900,32085900
round_k,0,1,3,11,52,251,1254,6242,31589,160429
round_shots,100,100,100,100,100,100,100,100,100,100
round_queries,100,300,1100,3700,17300,82500,404700,2029900,10253100,51673100
round_k,0,1,5,18,86,412,2023,10149,51265,258365
round_shots,100,100,100,100,100,100,100,100,100,100
round_queries,100,300,700,2900,13700,63900,320700,1615300,8140300,41213700
round_k,0,1,3,14,68,319,1603,8076,40701,206068
round_shots,200,100,100,100,100,100,100,100,100,100
round_queries,200,300,1100,5500,25300,120900,601700,3028500,15262100,76995700
round_k,0,1,5,27,126,604,3008,15142,76310,384978
round_shots,100,100,100,100,100,100,100,100,100,100
round_queries,100,300,1100,4100,20300,101500,502100,2521900,12738300,64426900
round_k,0,1,5,20,101,507,2510,12609,63691,322134
round_shots,200,100,100,100,100,100,100,100,100,100
round_queries,200,300,900,4500,20300,99700,489700,2448500,12402100,62817700
round_k,0,1,4,22,101,498,2448,12242,62010,314088
round_shots,200,100,100,100,100,100,100,100,100,100
round_queries,200,300,1100,4500,19900,98100,490500,2462900,12313900,62423100
round_k,0,1,5,22,99,490,2452,12314,61569,312115
round_shots,200,100,100,100,100,100,100,100,100,100
round_queries,200,300,700,2300,11100,53700,260900,1315700,6657900,33688900
round_k,0,1,3,11,55,268,1304,6578,33289,168444
round_shots,100,100,100,100,100,100,100,100,100,100
round_queries,100,300,700,3300,15500,76300,377500,1881300,9494900,47785100
round_k,0,1,3,16,77,381,1887,9406,47474,238925
round_shots,100,100,100,100,100,100,100,100,100,100
round_queries,100,300,1100,5100,25500,122100,598900,2998900,15195700,77004100
round_k,0,1,5,25,127,610,2994,14994,75978,385020
round_shots,100,100,100,100,100,100,100,100,100,100
round_queries,100,300,700,2900,12900,62700,301100,1518100,7749500,39164300
round_k,0,1,3,14,64,313,1505,7590,38747,195821
round_shots,100,100,100,100,100,100,100,100,100,100
round_queries,100,300,700,2900,12900,59100,288300,1437700,7232700,36639900
round_k,0,1,3,14,64,295,1441,7188,36163,183199
round_shots,300,100,100,100,100,100,100,100,100,100
round_queries,300,300,700,3300,14700,72300,358300,1787700,8975300,45555700
round_k,0,1,3,16,73,361,1791,8938,44876,227778
round_shots,200,100,100,100,100,100,100,100,100,100
round_queries,200,300,1100,3700,16500,80500,394900,1968700,9966300,50436500
round_k,0,1,5,18,82,402,1974,9843,49831,252182
round_shots,200,100,100,100,100,100,100,100,100
round_queries,200,300,1300,6900,33100,164100,824100,4163300,21052500
round_k,0,1,6,34,165,820,4120,20816,105262
round_shots,100,100,100,100,100,100,100,100,100,100
round_queries,100,300,700,2900,14500,70500,344100,1723500,8669700,43895900
round_k,0,1,3,14,72,352,1720,8617,43348,219479
round_shots,100,100,100,100,100,100,100,100,100,100
round_queries,100,300,700,2900,13500,66900,326700,1636900,8282100,41950300
round_k,0,1,3,14,67,334,1633,8184,41410,209751
round_shots,100,100,100,100,100,100,100,100,100,100
round_queries,100,300,1100,4100,18700,90700,438700,2148300,10837700,55039500
round_k,0,1,5,20,93,453,2193,10741,54188,275197
round_shots,100,100,100,100,100,100,100,100,100,100
round_queries,100,300,1100,5100,24900,120300,599500,3007700,15163900,76832700
round_k,0,1,5,25,124,601,2997,15038,75819,384163
round_shots,200,100,100,100,100,100,100,100,100,100
round_queries,200,300,1100,4100,17100,79700,388300,1946100,9844900,49960100
round_k,0,1,5,20,85,398,1941,9730,49224,249800
round_shots,200,100,100,100,100,100,100,100,100,100
round_queries,200,300,1500,5500,24300,120100,598900,2989300,15156700,76920900
round_k,0,1,7,27,121,600,2994,14946,75783,384604
round_shots,100,100,100,100,100,100,100,100,100,100
round_queries,100,300,700,2500,11100,52900,254300,1263300,6337700,31824300
round_k,0,1,3,12,55,264,1271,6316,31688,159121
round_shots,200,100,100,100,100,100,100,100,100
round_queries,200,500,2300,10900,50500,251100,1243700,6258100,31675100
round_k,0,2,11,54,252,1255,6218,31290,158375
round_shots,100,100,100,100,100,100,100,100,100,100
round_queries,100,300,1100,4100,19700,92700,463500,2323900,11651100,59164100
round_k,0,1,5,20,98,463,2317,11619,58255,295820
round_shots,100,100,100,100,100,100,100,100,100,100
round_queries,100,300,1100,5300,24300,112500,543100,2714300,13692300,69042300
round_k,0,1,5,26,121,562,2715,13571,68461,345211
round_shots,200,100,100,100,100,100,100,100,100,100
round_queries,200,300,1100,3700,16900,80700,403100,2033500,10263900,51918700
round_k,0,1,5,18,84,403,2015,10167,51319,259593
round_shots,200,100,100,100,100,100,100,100,100
round_queries,200,300,1500,5700,28300,137300,686900,3471300,17586300
round_k,0,1,7,28,141,686,3434,17356,87931
round_shots,200,100,100,100,100,100,100,100,100,100
round_queries,200,300,1100,4700,20500,96500,478500,2397100,12007900,60420900
round_k,0,1,5,23,102,482,2392,11985,60039,302104
round_shots,200,100,100,100,100,100,100,100,100,100
round_queries,200,300,1100,4100,20100,96900,446300,2254500,11341700,57357900
round_k,0,1,5,20,100,484,2231,11272,56708,286789
round_shots,100,100,100,100,100,100,100,100,100
round_queries,100,500,2300,9300,43500,212300,1064300,5385900,27036100
round_k,0,2,11,46,217,1061,5321,26929,135180
round_shots,200,100,100,100,100,100,100,100,100,100
round_queries,200,300,700,2900,13300,60300,295900,1487900,7504100,37640100
round_k,0,1,3,14,66,301,1479,7439,37520,188200
round_shots,100,100,100,100,100,100,100,100,100,100
round_queries,100,300,1100,5100,24100,120700,587700,2963500,15015900,75847900
round_k,0,1,5,25,120,603,2938,14817,75079,379239
round_shots,100,100,100,100,100,100,100,100,100,100
round_queries,100,300,700,1900,8500,39700,197700,982100,4954700,25033300
round_k,0,1,3,9,42,198,988,4910,24773,125166
round_shots,200,100,100,100,100,100,100,100,100,100
round_queries,200,300,700,2900,12900,61700,302700,1507300,7613100,38600700
round_k,0,1,3,14,64,308,1513,7536,38065,193003
round_shots,100,100,100,100,100,100,100,100,100,100
round_queries,100,300,1100,4700,22100,105500,526300,2657900,13442500,71439500
round_k,0,1,5,23,110,527,2631,13289,67212,357197
round_shots,100,100,100,100,100,100,100,100,100,100
round_queries,100,300,1100,4100,19500,95900,482300,2416100,12223900,61917700
round_k,0,1,5,20,97,479,2411,12080,61119,309588
round_shots,200,100,100,100,100,100,100,100,100
round_queries,200,300,1100,5300,25100,122500,611100,3094300,18843500
round_k,0,1,5,26,125,612,3055,15471,94217
round_shots,200,100,100,100,100,100,100,100,100,100
round_queries,200,300,700,3300,14100,65100,326300,1641900,8254700,41563500
round_k,0,1,3,16,70,325,1631,8209,41273,207817
round_shots,100,100,100,100,100,100,100,100,100,100
round_queries,100,300,1100,4900,22300,108300,532300,2645300,13995500,70962300
round_k,0,1,5,24,111,541,2661,13226,69977,354811
round_shots,200,100,100,100,100,100,100,100,100,100
round_queries,200,300,700,2900,12700,57500,287300,1440900,7283700,36717700
round_k,0,1,3,14,63,287,1436,7204,36418,183588
round_shots,100,100,100,100,100,100,100,100,100,100
round_queries,100,300,1100,4100,20300,101300,489500,2468700,12470700,63055300
round_k,0,1,5,20,101,506,2447,12343,62353,315276
round_shots,100,100,100,100,100,100,100,100,100,100
round_queries,100,300,1100,4100,16900,80500,395100,1984900,9949100,50377500
round_k,0,1,5,20,84,402,1975,9924,49745,251887
round_shots,100,100,100,100,100,100,100,100,100,100
round_queries,100,300,1100,4100,19700,96300,483300,2427700,12280100,62224100
round_k,0,1,5,20,98,481,2416,12138,61400,311120
round_shots,100,100,100,100,100,100,100,100,100
round_queries,100,300,1100,5500,26500,131300,648900,3248100,16389300
round_k,0,1,5,27,132,656,3244,16240,81946
round_shots,200,100,100,100,100,100,100,100,100,100
round_queries,200,300,1100,4900,21100,100100,501500,2530700,12727300,64517100
round_k,0,1,5,24,105,500,2507,12653,63636,322585
round_shots,100,100,100,100,100,100,100,100,100,100
round_queries,100,300,700,2700,12900,63500,311500,1530700,7745700,39248700
round_k,0,1,3,13,64,317,1557,7653,38728,196243
round_shots,100,100,100,100,100,100,100,100,100,100
round_queries,100,300,1100,4100,18700,92500,457300,2312900,11644500,59071300
round_k,0,1,5,20,93,462,2286,11564,58222,295356
round_shots,100,100,100,100,100,100,100,100,100
round_queries,100,500,2500,10700,53700,259500,1293700,6521700,33056100
round_k,0,2,12,53,268,1297,6468,32608,165280
round_shots,200,100,100,100,100,100,100,100,100,100
round_queries,200,300,1100,5100,23100,105100,522100,2593500,13098500,66318900
round_k,0,1,5,25,115,525,2610,12967,65492,331594
round_shots,100,100,100,100,100,100,100,100,100
round_queries,100,300,1500,6700,31900,152100,767300,3858300,19450300
round_k,0,1,7,33,159,760,3836,19291,97251
round_shots,200,100,100,100,100,100,100,100,100,100
round_queries,200,300,1100,3700,16900,80700,403100,2044500,10362500,51928700
round_k,0,1,5,18,84,403,2015,10222,51812,259643
round_shots,100,100,100,100,100,100,100,100,100,100
round_queries,100,300,1100,3700,17500,83900,413700,2055900,12511100,62843900
round_k,0,1,5,18,87,419,2068,10279,62555,314219
round_shots,200,100,100,100,100,100,100,100,100,100
round_queries,200,300,1100,5500,24700,120100,603300,3023500,15243700,77203100
round_k,0,1,5,27,123,600,3016,15117,76218,386015
round_shots,100,100,100,100,100,100,100,100,100
round_queries,100,300,1500,7500,35300,171700,859700,4356500,22042100
round_k,0,1,7,37,176,858,4298,21782,110210
round_shots,200,100,100,100,100,100,100,100,100,100
round_queries,200,300,1100,3700,16300,78300,380500,1906100,9613500,48699500
round_k,0,1,5,18,81,391,1902,9530,48067,243497
round_shots,200,100,100,100,100,100,100,100,100
round_queries,200,700,2900,11900,55100,255500,1272700,6444100,32396500
round_k,0,3,14,59,275,1277,6363,32220,161982
round_shots,200,100,100,100,100,100,100,100,100,100
round_queries,200,300,1100,4500,19300,90900,444300,2222300,11276900,56804700
round_k,0,1,5,22,96,454,2221,11111,56384,284023
round_shots,300,100,100,100,100,100,100,100,100
round_queries,300,300,1500,5900,26700,140500,703700,3533700,17887700
round_k,0,1,7,29,133,702,3518,17668,89438
round_shots,100,100,100,100,100,100,100,100,100,100
round_queries,100,300,1100,3700,17100,82700,412300,2070700,10453500,53035500
round_k,0,1,5,18,85,413,2061,10353,52267,265177
round_shots,200,100,100,100,100,100,100,100,100,100
round_queries,200,300,1100,5100,23900,115300,565700,2838100,14239700,71889700
round_k,0,1,5,25,119,576,2828,14190,71198,359448
round_shots,200,100,100,100,100,100,100,100,100,100
round_queries,200,300,1100,3700,16900,81100,405900,2052300,10355700,52552300
round_k,0,1,5,18,84,405,2029,10261,51778,262761
round_shots,200,100,100,100,100,100,100,100,100
round_queries,200,300,1100,5500,25300,125900,626100,3157100,15989100
round_k,0,1,5,27,126,629,3130,15785,79945
round_shots,200,100,100,100,100,100,100,100,100,100
round_queries,200,300,1100,4500,19300,95100,474300,2389700,11737700,59407100
round_k,0,1,5,22,96,475,2371,11948,58688,297035
round_shots,200,100,100,100,100,100,100,100,100,100
round_queries,200,300,700,3300,14500,69100,343900,1709300,8623700,43680900
round_k,0,1,3,16,72,345,1719,8546,43118,218404
round_shots,200,100,100,100,100,100,100,100,100,100
round_queries,200,300,1100,3700,15900,75300,363100,1804500,9112300,46171900
round_k,0,1,5,18,79,376,1815,9022,45561,230859
round_shots,100,100,100,100,100,100,100,100,100,100
round_queries,100,300,1100,5100,24300,116700,578500,2910900,14713300,74592500
round_k,0,1,5,25,121,583,2892,14554,73566,372962
round_shots,100,100,100,100,100,100,100,100,100,100
round_queries,100,300,1100,4500,18300,87500,432500,2166500,10946300,55525900
round_k,0,1,5,22,91,437,2162,10832,54731,277629
round_shots,100,100,100,100,100,100,100,100,100,100
round_queries,100,300,1100,3700,17100,81700,387500,1958100,9890500,50082100
round_k,0,1,5,18,85,408,1937,9790,49452,250410
round_shots,200,100,100,100,100,100,100,100,100,100
round_queries,200,300,1100,4500,20500,101300,496500,2505500,12618300,63889900
round_k,0,1,5,22,102,506,2482,12527,63091,319449
round_shots,100,100,100,100,100,100,100,100,100,100
round_queries,100,300,1100,4100,18100,84700,422500,2126900,10772300,54633100
round_k,0,1,5,20,90,423,2112,10634,53861,273165
round_shots,200,100,100,100,100,100,100,100,100,100
round_queries,200,300,1100,4900,20700,100700,495500,2478100,12494700,62899500
round_k,0,1,5,24,103,503,2477,12390,62473,314497
round_shots,200,100,100,100,100,100,100,100,100,100
round_queries,200,300,1100,4900,22500,107900,538100,2671500,13421100,67991900
round_k,0,1,5,24,112,539,2690,13357,67105,339959
round_shots,200,100,100,100,100,100,100,100,100,100
round_queries,200,300,1100,3700,17300,82900,404900,2037300,10297700,52162300
round_k,0,1,5,18,86,414,2024,10186,51488,260811
round_shots,100,100,100,100,100,100,100,100,100,100
round_queries,100,300,1100,5500,24500,116500,568100,2848500,14396300,72789500
round_k,0,1,5,27,122,582,2840,14242,71981,363947
round_shots,100,100,100,100,100,100,100,100,100,100
round_queries,100,300,1100,4300,19100,93500,466700,2348100,11831100,59967900
round_k,0,1,5,21,95,467,2333,11740,59155,299839
round_shots,200,100,100,100,100,100,100,100,100
round_queries,200,500,2300,8900,40900,199700,980500,4936300,25058100
round_k,0,2,11,44,204,998,4902,24681,125290
round_shots,200,100,100,100,100,100,100,100,100
round_queries,200,300,1100,5500,24300,121100,723100,3650900,18385700
round_k,0,1,5,27,121,605,3615,18254,91928
round_shots,100,100,100,100,100,100,100,100,100,100
round_queries,100,300,1100,4100,17900,82300,415300,2086300,10585700,53633300
round_k,0,1,5,20,89,411,2076,10431,52928,268166
round_shots,200,100,100,100,100,100,100,100,100,100
round_queries,200,300,1100,4900,23700,109900,530300,2567900,12906100,65154500
round_k,0,1,5,24,118,549,2651,12839,64530,325772
round_shots,200,100,100,100,100,100,100,100,100,100
round_queries,200,300,1100,4100,19900,95300,476700,2385300,12041700,60991700
round_k,0,1,5,20,99,476,2383,11926,60208,304958
round_shots,100,100,100,100,100,100,100,100,100,100
round_queries,100,300,1100,4700,22300,108700,544100,2734100,13855100,70320700
round_k,0,1,5,23,111,543,2720,13670,69275,351603
round_shots,200,100,100,100,100,100,100,100,100,100
round_queries,200,300,1100,4900,21500,106700,527300,2652700,13397100,67154100
round_k,0,1,5,24,107,533,2636,13263,66985,335770
round_shots,200,100,100,100,100,100,100,100,100
round_queries,200,500,1500,7100,33300,160100,796700,3978500,20156100
round_k,0,2,7,35,166,800,3983,19892,100780
round_shots,200,100,100,100,100,100,100,100,100,100
round_queries,200,300,700,1900,7900,39300,198300,988300,5009500,25315300
round_k,0,1,3,9,39,196,991,4941,25047,126576
round_shots,200,100,100,100,100,100,100,100,100,100
round_queries,200,300,1100,3700,15900,77700,390500,1954700,9896900,49933700
round_k,0,1,5,18,79,388,1952,9773,49484,249668
round_shots,100,200,100,100,100,100,100,100,100
round_queries,100,600,1900,8100,37500,179700,884500,4454300,22557300
round_k,0,1,9,40,187,898,4422,22271,112786
round_shots,100,100,100,100,100,100,100,100,100,100
round_queries,100,300,1100,3700,16300,77100,381500,1923900,9721700,49170100
round_k,0,1,5,18,81,385,1907,9619,48608,245850
round_shots,200,100,100,100,100,100,100,100,100
round_queries,200,500,1500,7100,33500,163500,800100,4018300,20337100
round_k,0,2,7,35,167,817,4000,20091,101685
round_shots,100,100,100,100,100,100,100,100,100
round_queries,100,300,1100,5500,27300,135100,673700,3375100,17057100
round_k,0,1,5,27,136,675,3368,16875,85285
round_shots,100,100,100,100,100,100,100,100,100,100
round_queries,100,300,1100,3700,16100,75700,368500,1860500,9369900,47429900
round_k,0,1,5,18,80,378,1842,9302,46849,237149
round_shots,200,100,100,100,100,100,100,100,100,100
round_queries,200,300,1100,3100,13100,64700,316100,1579300,7962900,40109300
round_k,0,1,5,15,65,323,1580,7896,39814,200546
round_shots,200,100,100,100,100,100,100,100,100,100
round_queries,200,300,1100,4100,17100,82100,410300,2071700,10433900,52933100
round_k,0,1,5,20,85,410,2051,10358,52169,264665
round_shots,200,100,100,100,100,100,100,100,100,100
round_queries,200,300,1100,4500,20100,98300,488700,2479500,12537500,63580500
round_k,0,1,5,22,100,491,2443,12397,62687,317902
round_shots,100,100,100,100,100,100,100,100,100,100
round_queries,100,300,1100,5100,23900,113100,562100,2831500,14308900,72433500
round_k,0,1,5,25,119,565,2810,14157,71544,362167
round_shots,200,100,100,100,100,100,100,100,100,100
round_queries,200,300,1100,4100,18500,87500,432500,2185900,10949300,55332700
round_k,0,1,5,20,92,437,2162,10929,54746,276663
round_shots,200,100,100,100,100,100,100,100,100,100
round_queries,200,300,1100,5100,22700,108900,538900,2733500,13737700,69758100
round_k,0,1,5,25,113,544,2694,13667,68688,348790
round_shots,100,100,100,100,100,100,100,100,100,100
round_queries,100,300,700,2300,9900,48100,236700,1156700,5760500,29176300
round_k,0,1,3,11,49,240,1183,5783,28802,145881
round_shots,300,100,100,100,100,100,100,100,100,100
round_queries,300,300,1100,4100,18100,85700,428500,2162700,10914100,55089900
round_k,0,1,5,20,90,428,2142,10813,54570,275449
round_shots,100,100,100,100,100,100,100,100,100
round_queries,100,300,1100,4500,21300,126500,620500,3133300,15798700
round_k,0,1,5,22,106,632,3102,15666,78993
round_shots,200,100,100,100,100,100,100,100,100,100
round_queries,200,300,1100,3700,17500,87500,433300,2196300,11040700,55975900
round_k,0,1,5,18,87,437,2166,10981,55203,279879
round_shots,100,100,100,100,100,100,100,100,100,100
round_queries,100,300,1100,4500,20700,101700,500100,2516300,12685100,64141300
round_k,0,1,5,22,103,508,2500,12581,63425,320706
round_shots,100,100,100,100,100,100,100,100,100,100
round_queries,100,300,1100,3500,15700,76100,384100,1937700,9792700,49643900
round_k,0,1,5,17,78,380,1920,9688,48963,248219
round_shots,100,100,100,100,100,100,100,100,100
round_queries,100,500,1900,8100,39100,195500,982900,4936300,24973900
round_k,0,2,9,40,195,977,4914,24681,124869
round_shots,300,100,100,100,100,100,100,100,100,100
round_queries,300,300,1100,3700,16500,81300,403500,2034300,10259300,51944700
round_k,0,1,5,18,82,406,2017,10171,51296,259723
round_shots,100,100,100,100,100,100,100,100,100,100
round_queries,100,300,1100,4700,21100,105500,525100,2635300,13317700,67473700
round_k,0,1,5,23,105,527,2625,13176,66588,337368
round_shots,100,100,100,100,100,100,100,100,100,100
round_queries,100,300,1100,4100,19900,95700,477900,2398500,12164500,61618100
round_k,0,1,5,20,99,478,2389,11992,60822,308090
round_shots,100,100,100,100,100,100,100,100,100,100
round_queries,100,300,700,1900,8700,40100,196500,976100,4898700,24767900
round_k,0,1,3,9,43,200,982,4880,24493,123839
round_shots,100,100,100,100,100,100,100,100,100,100
round_queries,100,300,1100,4500,20500,98500,493100,2437100,12210900,61875300
round_k,0,1,5,22,102,492,2465,12185,61054,309376
round_shots,200,100,100,100,100,100,100,100,100,100
round_queries,200,300,1100,4100,19900,97700,488700,2465700,12440300,63076500
round_k,0,1,5,20,99,488,2443,12328,62201,315382
round_shots,200,100,100,100,100,100,100,100,100
round_queries,200,500,1900,7900,39300,196100,1027700,5197300,26092700
round_k,0,2,9,39,196,980,5138,25986,130463
round_shots,100,100,100,100,100,100,100,100,100,100
round_queries,100,300,700,2700,11100,51900,255900,1283300,6493900,32924300
round_k,0,1,3,13,55,259,1279,6416,32469,164621
round_shots,200,100,100,100,100,100,100,100,100,100
round_queries,200,300,1100,4500,21300,104100,523500,2617500,13124900,66380300
round_k,0,1,5,22,106,520,2617,13087,65624,331901
round_shots,100,100,100,100,100,100,100,100,100,100
round_queries,100,300,1100,4700,21500,103300,518300,2600500,13023100,65986500
round_k,0,1,5,23,107,516,2591,13002,65115,329932
round_shots,100,100,100,100,100,100,100,100,100,100
round_queries,100,300,700,2900,12300,60500,304100,1523100,7635500,38719900
round_k,0,1,3,14,61,302,1520,7615,38177,193599
round_shots,100,100,100,100,100,100,100,100,100
round_queries,100,300,1500,6300,29300,141700,694700,3472500,17537900
round_k,0,1,7,31,146,708,3473,17362,87689
round_shots,200,100,100,100,100,100,100,100,100,100
round_queries,200,300,1100,4500,20700,97700,484700,2425300,12245700,62057900
round_k,0,1,5,22,103,488,2423,12126,61228,310289
round_shots,200,100,100,100,100,100,100,100,100,100
round_queries,200,300,1100,4500,20100,96300,474700,2373100,11915900,60358700
round_k,0,1,5,22,100,481,2373,11865,59579,301793
round_shots,100,100,100,100,100,100,100,100,100,100
round_queries,100,300,1100,5300,23700,113500,569500,2850700,14353900,72785100
round_k,0,1,5,26,118,567,2847,14253,71769,363925
round_shots,200,100,100,100,100,100,100,100,100,100
round_queries,200,300,1100,4900,23100,110700,552100,2778300,13937700,70570500
round_k,0,1,5,24,115,553,2760,13891,69688,352852
round_shots,100,100,100,100,100,100,100,100,100
round_queries,100,300,1500,7500,35700,178900,889700,4470100,22550500
round_k,0,1,7,37,178,894,4448,22350,112752
round_shots,200,100,100,100,100,100,100,100,100,100
round_queries,200,300,700,2300,9300,43700,218500,1081900,5469300,27718500
round_k,0,1,3,11,46,218,1092,5409,27346,138592
round_shots,200,100,100,100,100,100,100,100,100,100
round_queries,200,300,1100,4100,19900,98100,490900,2471900,12514900,63049700
round_k,0,1,5,20,99,490,2454,12359,62574,315248
round_shots,200,100,100,100,100,100,100,100,100,100
round_queries,200,300,700,2900,12500,56900,276900,1385900,6989900,35411300
round_k,0,1,3,14,62,284,1384,6929,34949,177056
round_shots,100,100,100,100,100,100,100,100,100,100
round_queries,100,300,1100,4100,19500,91500,458100,2289100,11569900,58671100
round_k,0,1,5,20,97,457,2290,11445,57849,293355
round_shots,100,100,100,100,100,100,100,100,100,100
round_queries,100,300,700,1900,8900,44100,215700,1081100,5438500,27479700
round_k,0,1,3,9,44,220,1078,5405,27192,137398
round_shots,100,100,100,100,100,100,100,100,100,100
round_queries,100,300,1100,4100,19900,97900,473100,2377900,11985500,60683100
round_k,0,1,5,20,99,489,2365,11889,59927,303415
round_shots,100,100,100,100,100,100,100,100,100
round_queries,100,300,1100,5100,22500,111900,672700,3391300,17050300
round_k,0,1,5,25,112,559,3363,16956,85251
round_shots,100,100,100,100,100,100,100,100,100,100
round_queries,100,300,1100,5500,24500,116700,584300,2948500,14941500,75027900
round_k,0,1,5,27,122,583,2921,14742,74707,375139
round_shots,200,100,100,100,100,100,100,100,100,100
round_queries,200,300,1100,4500,20300,95700,456900,2217900,11158100,56558900
round_k,0,1,5,22,101,478,2284,11089,55790,282794
round_shots,200,100,100,100,100,100,100,100,100
round_queries,200,700,2900,13700,64500,322700,1619100,8193900,41529500
round_k,0,3,14,68,322,1613,8095,40969,207647
round_shots,200,100,100,100,100,100,100,100,100,100
round_queries,200,300,700,2700,11900,55500,276300,1377500,6893100,34988900
round_k,0,1,3,13,59,277,1381,6887,34465,174944
round_shots,200,100,100,100,100,100,100,100,100,100
round_queries,200,300,1100,4100,17700,82500,406300,2026500,10271900,52141900
round_k,0,1,5,20,88,412,2031,10132,51359,260709
round_shots,200,100,100,100,100,100,100,100,100,100
round_queries,200,300,700,2300,8900,42100,209100,1051700,5320100,26967100
round_k,0,1,3,11,44,210,1045,5258,26600,134835
round_shots,300,100,100,100,100,100,100,100,100,100
round_queries,300,500,1500,5300,25500,123300,606900,3058300,15409900,77527900
round_k,0,2,7,26,127,616,3034,15291,77049,387639
round_shots,100,100,100,100,100,100,100,100,100,100
round_queries,100,300,1100,4100,19500,97700,487100,2438700,12335300,62511100
round_k,0,1,5,20,97,488,2435,12193,61676,312555
round_shots,100,100,100,100,100,100,100,100,100,100
round_queries,100,300,1100,4700,21100,102300,510900,2565500,12951500,68858700
round_k,0,1,5,23,105,511,2554,12827,64757,344293
round_shots,100,100,100,100,100,100,100,100,100,100
round_queries,100,300,1100,3700,17100,84100,416900,2099900,10614700,53803900
round_k,0,1,5,18,85,420,2084,10499,53073,269019
round_shots,100,100,100,100,100,100,100,100,100,100
round_queries,100,300,700,1900,7300,36100,179500,895900,4517900,22822300
round_k,0,1,3,9,36,180,897,4479,22589,114111
round_shots,200,100,100,100,100,100,100,100,100
round_queries,200,500,2300,8700,43500,215500,1062900,5338100,26966700
round_k,0,2,11,43,217,1077,5314,26690,134833
round_shots,100,100,100,100,100,100,100,100,100,100
round_queries,100,300,1100,4900,20700,100900,490900,2479100,12542900,62945500
round_k,0,1,5,24,103,504,2454,12395,62714,314727
round_shots,100,100,100,100,100,100,100,100,100
round_queries,100,300,1500,7100,32700,159700,796300,4013900,20328100
round_k,0,1,7,35,163,798,3981,20069,101640
round_shots,200,100,100,100,100,100,100,100,100,100
round_queries,200,300,1100,3700,15300,72900,358700,1814500,9070500,45986100
round_k,0,1,5,18,76,364,1793,9072,45352,229930
round_shots,100,100,100,100,100,100,100,100,100,100
round_queries,100,300,1100,4100,19700,99300,497100,2482700,12561500,63635100
round_k,0,1,5,20,98,496,2485,12413,62807,318175
round_shots,100,100,100,100,100,100,100,100,100,100
round_queries,100,300,1100,4300,20700,100100,483100,2414500,12202700,61787500
round_k,0,1,5,21,103,500,2415,12072,61013,308937
round_shots,100,100,100,100,100,100,100,100,100
round_queries,100,300,1100,5500,25500,125700,620100,3119500,15797300
round_k,0,1,5,27,127,628,3100,15597,78986
round_shots,200,100,100,100,100,100,100,100,100,100
round_queries,200,300,700,2900,12900,62300,309700,1563100,7893900,39983700
round_k,0,1,3,14,64,311,1548,7815,39469,199918
round_shots,100,100,100,100,100,100,100,100,100,100
round_queries,100,300,900,4500,21100,100100,493300,2481900,12518500,63581100
round_k,0,1,4,22,105,500,2466,12409,62592,317905
round_shots,100,100,100,100,100,100,100,100,100,100
round_queries,100,300,700,2300,10700,50700,250100,1231300,6230100,31345700
round_k,0,1,3,11,53,253,1250,6156,31150,156728
round_shots,200,100,100,100,100,100,100,100,100,100
round_queries,200,300,700,2300,9700,46700,233100,1157700,5792900,29266100
round_k,0,1,3,11,48,233,1165,5788,28964,146330
round_shots,100,100,100,100,100,100,100,100,100,100
round_queries,100,300,1100,4500,19700,95500,458700,2320300,11281100,57197300
round_k,0,1,5,22,98,477,2293,11601,56405,285986
round_shots,200,100,100,100,100,100,100,100,100,100
round_queries,200,300,700,2300,9300,43300,210100,1048700,5306300,26894700
round_k,0,1,3,11,46,216,1050,5243,26531,134473
round_shots,100,100,100,100,100,100,100,100,100,100
round_queries,100,300,700,2500,11100,52100,252100,1260100,6352500,32030100
round_k,0,1,3,12,55,260,1260,6300,31762,160150
round_shots,200,100,100,100,100,100,100,100,100,100
round_queries,200,300,700,2700,11700,54900,274100,1361700,6826900,34573100
round_k,0,1,3,13,58,274,1370,6808,34134,172865
round_shots,100,100,100,100,100,100,100,100,100,100
round_queries,100,300,1100,5300,24500,122500,601900,3000100,15187300,76732700
round_k,0,1,5,26,122,612,3009,15000,75936,383663
round_shots,100,100,100,100,100,100,100,100,100,100
round_queries,100,300,1100,5500,24700,119500,598700,3009100,15193700,76385900
round_k,0,1,5,27,123,597,2993,15045,75968,381929
round_shots,200,100,100,100,100,100,100,100,100,100
round_queries,200,300,1100,4100,17700,85900,422900,2141700,10767500,54285700
round_k,0,1,5,20,88,429,2114,10708,53837,271428
round_shots,100,100,100,100,100,100,100,100,100
round_queries,100,300,1100,5300,24700,121500,606500,3051900,15482700
round_k,0,1,5,26,123,607,3032,15259,77413
round_shots,100,100,100,100,100,100,100,100,100,100
round_queries,100,300,1100,4500,20300,96700,479100,2401300,12079900,61059700
round_k,0,1,5,22,101,483,2395,12006,60399,305298
round_shots,100,100,100,100,100,100,100,100,100,100
round_queries,100,300,1100,4900,23100,108700,546500,2741900,13900700,70439500
round_k,0,1,5,24,115,543,2732,13709,69503,352197
round_shots,200,100,100,100,100,100,100,100,100,100
round_queries,200,300,1100,5100,22700,111300,549100,2761300,13943300,70362500
round_k,0,1,5,25,113,556,2745,13806,69716,351812
round_shots,100,100,100,100,100,100,100,100,100,100
round_queries,100,300,1100,3100,13500,63900,317300,1594100,8046700,40777300
round_k,0,1,5,15,67,319,1586,7970,40233,203886
round_shots,200,100,100,100,100,100,100,100,100,100
round_queries,200,300,1100,4500,20500,100700,487500,2445300,12248900,62074900
round_k,0,1,5,22,102,503,2437,12226,61244,310374
round_shots,200,100,100,100,100,100,100,100,100,100
round_queries,200,300,700,2300,9700,46300,224700,1121900,5636500,28453300
round_k,0,1,3,11,48,231,1123,5609,28182,142266
round_shots,200,100,100,100,100,100,100,100,100
round_queries,200,500,1900,7100,33300,157300,775500,3885100,19657100
round_k,0,2,9,35,166,786,3877,19425,98285
round_shots,200,100,100,100,100,100,100,100,100,100
round_queries,200,300,1100,4500,20100,94700,466300,2354100,11850700,60163500
round_k,0,1,5,22,100,473,2331,11770,59253,300817
round_shots,100,100,100,100,100,100,100,100,100,100
round_queries,100,300,1100,4500,19500,96300,476500,2411500,12177700,61701100
round_k,0,1,5,22,97,481,2382,12057,60888,308505
round_shots,200,100,100,100,100,100,100,100,100,100
round_queries,200,300,1500,5300,24900,119900,606300,3059300,15496500,78184300
round_k,0,1,7,26,124,599,3031,15296,77482,390921
round_shots,200,100,100,100,100,100,100,100,100
round_queries,200,300,1500,7100,34500,166900,830300,4167100,21148100
round_k,0,1,7,35,172,834,4151,20835,105740
round_shots,100,100,100,100,100,100,100,100,100,100
round_queries,100,300,1100,4500,20500,103100,505700,2509300,12756500,64619100
round_k,0,1,5,22,102,515,2528,12546,63782,323095
round_shots,100,100,100,100,100,100,100,100,100,100
round_queries,100,300,1100,5100,24500,117900,588900,2969100,15031900,76136500
round_k,0,1,5,25,122,589,2944,14845,75159,380682
round_shots,300,100,100,100,100,100,100,100,100
round_queries,300,500,2300,10300,49500,239700,1207300,6096700,30741300
round_k,0,2,11,51,247,1198,6036,30483,153706
round_shots,200,100,100,100,100,100,100,100,100,100
round_queries,200,300,1100,4100,19300,91100,452500,2263300,11439300,58088300
round_k,0,1,5,20,96,455,2262,11316,57196,290441
round_shots,200,100,100,100,100,100,100,100,100,100
round_queries,200,300,1100,4100,17100,80900,398700,2000900,10033100,50794700
round_k,0,1,5,20,85,404,1993,10004,50165,253973
round_shots,200,100,100,100,100,100,100,100,100,100
round_queries,200,300,1100,3700,16300,78100,393500,1981300,9975700,50401900
round_k,0,1,5,18,81,390,1967,9906,49878,252009
round_shots,100,100,100,100,100,100,100,100,100,100
round_queries,100,300,700,3100,13100,64900,315500,1588100,8035500,40775900
round_k,0,1,3,15,65,324,1577,7940,40177,203879
round_shots,100,100,100,100,100,100,100,100,100,100
round_queries,100,300,1100,5100,22100,106900,533500,2686100,13589900,68901300
round_k,0,1,5,25,110,534,2667,13430,67949,344506
round_shots,200,100,100,100,100,100,100,100,100,100
round_queries,200,300,700,2300,10700,51500,253500,1265700,6354300,32099100
round_k,0,1,3,11,53,257,1267,6328,31771,160495
round_shots,300,100,100,100,100,100,100,100,100,100
round_queries,300,300,700,2300,10300,50300,247100,1234700,6248900,31703300
round_k,0,1,3,11,51,251,1235,6173,31244,158516
round_shots,200,100,100,100,100,100,100,100,100,100
round_queries,200,300,1100,4100,18300,87300,436700,2197300,11084100,56139900
round_k,0,1,5,20,91,436,2183,10986,55420,280699
round_shots,200,100,100,100,100,100,100,100,100,100
round_queries,200,300,700,2500,11500,55300,267700,1335900,6725300,34014100
round_k,0,1,3,12,57,276,1338,6679,33626,170070
round_shots,100,100,100,100,100,100,100,100,100,100
round_queries,100,300,1500,5500,24300,119900,593700,2950300,14906700,75600900
round_k,0,1,7,27,121,599,2968,14751,74533,378004
round_shots,100,100,100,100,100,100,100,100,100,100
round_queries,100,300,700,2300,10500,51700,250300,1251100,6302900,31835700
round_k,0,1,3,11,52,258,1251,6255,31514,159178
round_shots,300,100,100,100,100,100,100,100,100,100
round_queries,300,300,1100,4100,19100,94100,462500,2347900,11917100,60410900
round_k,0,1,5,20,95,470,2312,11739,59585,302054
round_shots,200,100,100,100,100,100,100,100,100,100
round_queries,200,300,700,3100,13500,62500,311100,1567900,7891900,39944900
round_k,0,1,3,15,67,312,1555,7839,39459,199724
round_shots,200,100,100,100,100,100,100,100,100,100
round_queries,200,300,700,2900,12700,60500,303300,1521100,7693500,38946100
round_k,0,1,3,14,63,302,1516,7605,38467,194730
round_shots,100,100,100,100,100,100,100,100,100,100
round_queries,100,300,1100,4100,17900,87500,423300,2122100,10740900,54453300
round_k,0,1,5,20,89,437,2116,10610,53704,272266
round_shots,100,100,100,100,100,100,100,100,100,100
round_queries,100,300,1100,4100,18700,92500,461500,2316300,11687300,59324100
round_k,0,1,5,20,93,462,2307,11581,58436,296620
round_shots,200,100,100,100,100,100,100,100,100,100
round_queries,200,300,700,3300,14300,68700,328900,1648500,8312900,42026900
round_k,0,1,3,16,71,343,1644,8242,41564,210134
round_shots,200,100,100,100,100,100,100,100,100,100
round_queries,200,300,1100,4500,20900,98300,488700,2462100,12439100,63205700
round_k,0,1,5,22,104,491,2443,12310,62195,316028
round_shots,100,100,100,100,100,100,100,100,100,100
round_queries,100,300,900,4500,21300,99700,481500,2325300,11656900,59079300
round_k,0,1,4,22,106,498,2407,11626,58284,295396
round_shots,300,100,100,100,100,100,100,100,100,100
round_queries,300,300,700,2900,11500,55700,276700,1373300,6912700,34687900
round_k,0,1,3,14,57,278,1383,6866,34563,173439
round_shots,200,100,100,100,100,100,100,100,100,100
round_queries,200,300,700,1900,8900,41500,203300,1010700,5080100,25692300
round_k,0,1,3,9,44,207,1016,5053,25400,128461
round_shots,100,100,100,100,100,100,100,100,100,100
round_queries,100,300,700,1900,7900,36300,181100,911500,4419100,22202900
round_k,0,1,3,9,39,181,905,4557,22095,111014
round_shots,100,100,100,100,100,100,100,100,100,100
round_queries,100,300,1100,3700,16700,80700,405700,2002500,10106900,51181500
round_k,0,1,5,18,83,403,2028,10012,50534,255907
round_shots,100,100,100,100,100,100,100,100,100,100
round_queries,100,300,1100,4100,19100,89900,442300,2222700,11218900,56957500
round_k,0,1,5,20,95,449,2211,11113,56094,284787
round_shots,200,100,100,100,100,100,100,100,100,100
round_queries,200,300,900,2700,11500,55300,270300,1366100,6859300,34716500
round_k,0,1,4,13,57,276,1351,6830,34296,173582
round_shots,100,100,100,100,100,100,100,100,100
round_queries,100,300,1100,4500,21500,121100,598100,3019500,15304500
round_k,0,1,5,22,107,605,2990,15097,76522
round_shots,200,100,100,100,100,100,100,100,100,100
round_queries,200,300,1100,4100,20300,99300,493300,2479900,12541700,76310700
round_k,0,1,5,20,101,496,2466,12399,62708,381553
round_shots,200,100,100,100,100,100,100,100,100,100
round_queries,200,300,700,3300,14700,68100,339500,1696900,8595300,43601300
round_k,0,1,3,16,73,340,1697,8484,42976,218006
round_shots,100,100,100,100,100,100,100,100,100
round_queries,100,300,1100,5500,26300,124700,631700,3173900,16088300
round_k,0,1,5,27,131,623,3158,15869,80441
round_shots,200,100,100,100,100,100,100,100,100,100
round_queries,200,300,700,2300,10700,48500,237700,1178500,5943100,30101700
round_k,0,1,3,11,53,242,1188,5892,29715,150508
round_shots,200,100,100,100,100,100,100,100,100
round_queries,200,500,1900,7100,34300,170300,840300,4202100,21256100
round_k,0,2,9,35,171,851,4201,21010,106280
round_shots,100,100,100,100,100,100,100,100,100,100
round_queries,100,300,700,2500,10700,49700,246500,1242700,6229300,31295300
round_k,0,1,3,12,53,248,1232,6213,31146,156476
round_shots,100,100,100,100,100,100,100,100,100,100
round_queries,100,300,700,2900,13100,65100,322900,1611100,8132900,40886500
round_k,0,1,3,14,65,325,1614,8055,40664,204432
round_shots,200,100,100,100,100,100,100,100,100
round_queries,200,300,1500,5900,28900,138700,700100,3513700,17756700
round_k,0,1,7,29,144,693,3500,17568,88783
round_shots,200,100,100,100,100,100,100,100,100,100
round_queries,200,300,700,1900,8100,39900,191500,951700,4794700,24328500
round_k,0,1,3,9,40,199,957,4758,23973,121642
round_shots,100,100,100,100,100,100,100,100,100,100
round_queries,100,300,1100,4700,22300,102700,517100,2531900,11827300,57470300
round_k,0,1,5,23,111,513,2585,12659,59136,287351
round_shots,200,100,100,100,100,100,100,100,100,100
round_queries,200,300,700,3300,14300,66700,332100,1659300,8383700,42443500
round_k,0,1,3,16,71,333,1660,8296,41918,212217
round_shots,100,100,100,100,100,100,100,100,100,100
round_queries,100,300,1100,4100,18300,90100,434100,2138500,10781900,54029900
round_k,0,1,5,20,91,450,2170,10692,53909,270149
round_shots,100,100,100,100,100,100,100,100,100,100
round_queries,100,300,1100,3700,17300,82300,408100,2040500,10265100,51728900
round_k,0,1,5,18,86,411,2040,10202,51325,258644
round_shots,200,100,100,100,100,100,100,100,100,100
round_queries,200,300,700,3300,14900,70900,353900,1695700,8390900,42564100
round_k,0,1,3,16,74,354,1769,8478,41954,212820
round_shots,200,100,100,100,100,100,100,100,100,100
round_queries,200,300,1100,4700,22500,108500,534700,2680900,13429100,68022500
round_k,0,1,5,23,112,542,2673,13404,67145,340112
round_shots,100,100,100,100,100,100,100,100,100,100
round_queries,100,300,700,2300,9100,40100,191900,971700,4887500,24696900
round_k,0,1,3,11,45,200,959,4858,24437,123484
round_shots,100,100,100,100,100,100,100,100,100,100
round_queries,100,300,1100,4500,21700,103500,501900,2520300,12778900,64744100
round_k,0,1,5,22,108,517,2509,12601,63894,323720
round_shots,100,100,100,100,100,100,100,100,100,100
round_queries,100,300,1100,3700,16700,80900,410100,2149100,10771500,54584900
round_k,0,1,5,18,83,404,2050,10745,53857,272924
round_shots,300,100,100,100,100,100,100,100,100,100
round_queries,300,300,1100,3100,13100,64500,310100,1550100,7813300,39592700
round_k,0,1,5,15,65,322,1550,7750,39066,197963
round_shots,100,100,100,100,100,100,100,100,100,100
round_queries,100,300,900,4500,21300,102500,513500,2575700,13047500,66142900
round_k,0,1,4,22,106,512,2567,12878,65237,330714
round_shots,100,100,100,100,100,100,100,100,100,100
round_queries,100,300,1100,4900,21300,105100,527300,2630900,13192700,66481100
round_k,0,1,5,24,106,525,2636,13154,65963,332405
round_shots,100,100,100,100,100,100,100,100,100,100
round_queries,100,300,1100,4900,20900,104100,517700,2583300,13072700,66335700
round_k,0,1,5,24,104,520,2588,12916,65363,331678
round_shots,100,100,100,100,100,100,100,100,100,100
round_queries,100,300,1100,4700,22300,107500,527300,2652500,13438900,68084900
round_k,0,1,5,23,111,537,2636,13262,67194,340424
round_shots,100,100,100,100,100,100,100,100,100,100
round_queries,100,300,1100,4100,19500,92900,461900,2301500,11586300,58747100
round_k,0,1,5,20,97,464,2309,11507,57931,293735
round_shots,100,100,100,100,100,100,100,100,100,100
round_queries,100,300,1100,4900,24100,112900,551700,2766700,13928700,70744300
round_k,0,1,5,24,120,564,2758,13833,69643,353721
round_shots,100,100,100,100,100,100,100,100,100,100
round_queries,100,300,1100,5100,23300,113100,562900,2806100,14135900,71723500
round_k,0,1,5,25,116,565,2814,14030,70679,358617
round_shots,100,100,100,100,100,100,100,100,100,100
round_queries,100,300,1100,4900,23300,111500,536700,2681100,13491500,67973900
round_k,0,1,5,24,116,557,2683,13405,67457,339869
round_shots,200,100,100,100,100,100,100,100,100,100
round_queries,200,300,1100,4100,19700,94300,465700,2336700,11818500,59900500
round_k,0,1,5,20,98,471,2328,11683,59092,299502
round_shots,200,100,100,100,100,100,100,100,100,100
round_queries,200,300,700,2300,9700,47300,232100,1391300,7004100,35241900
round_k,0,1,3,11,48,236,1160,6956,35020,176209
round_shots,200,100,100,100,100,100,100,100,100,100
round_queries,200,300,1100,4900,20900,102500,517700,2518700,12692900,64278700
round_k,0,1,5,24,104,512,2588,12593,63464,321393
round_shots,200,100,100,100,100,100,100,100,100,100
round_queries,200,300,1100,4100,17100,84300,406100,2055500,10340100,51854500
round_k,0,1,5,20,85,421,2030,10277,51700,259272
round_shots,200,100,100,100,100,100,100,100,100
round_queries,200,500,1900,7700,37700,179700,905100,4563300,23051300
round_k,0,2,9,38,188,898,4525,22816,115256
round_shots,200,100,100,100,100,100,100,100,100,100
round_queries,200,300,1100,3700,17700,88500,432500,2191100,11039100,55957300
round_k,0,1,5,18,88,442,2162,10955,55195,279786
round_shots,100,100,100,100,100,100,100,100,100,100
round_queries,100,300,1100,5100,23300,112100,554900,2800900,14165500,70959500
round_k,0,1,5,25,116,560,2774,14004,70827,354797
round_shots,200,100,100,100,100,100,100,100,100,100
round_queries,200,300,1100,4100,18300,85700,425300,2138900,10813700,54792500
round_k,0,1,5,20,91,428,2126,10694,54068,273962
round_shots,200,100,100,100,100,100,100,100,100,100
round_queries,200,300,1100,4100,19500,94900,474700,2368900,11978500,60735300
round_k,0,1,5,20,97,474,2373,11844,59892,303676
round_shots,100,100,100,100,100,100,100,100,100,100
round_queries,100,300,700,1900,8700,50900,248700,1222300,6084100,30731300
round_k,0,1,3,9,43,254,1243,6111,30420,153656
round_shots,100,100,100,100,100,100,100,100,100,100
round_queries,100,300,1100,4100,20100,93900,460900,2321500,11678700,59167900
round_k,0,1,5,20,100,469,2304,11607,58393,295839
round_shots,100,100,100,100,100,100,100,100,100,100
round_queries,100,300,1100,4700,21500,104900,520100,2608700,13171300,66842100
round_k,0,1,5,23,107,524,2600,13043,65856,334210
round_shots,200,100,100,100,100,100,100,100,100,100
round_queries,200,300,700,2300,9500,45100,225300,1129300,5692100,28786900
round_k,0,1,3,11,47,225,1126,5646,28460,143934
round_shots,100,100,100,100,100,100,100,100,100,100
round_queries,100,300,1100,4100,17100,81100,404700,2032900,10282300,52014100
round_k,0,1,5,20,85,405,2023,10164,51411,260070
round_shots,200,100,100,100,100,100,100,100,100
round_queries,200,500,2300,10100,47500,237900,1200300,6052300,30412900
round_k,0,2,11,50,237,1189,6001,30261,152064
round_shots,200,100,100,100,100,100,100,100,100,100
round_queries,200,300,1100,4500,19500,97900,495900,2489100,12456500,62974100
round_k,0,1,5,22,97,489,2479,12445,62282,314870
round_shots,100,100,100,100,100,100,100,100,100,100
round_queries,100,300,1100,4500,19900,97900,477900,2408900,12174500,61679300
round_k,0,1,5,22,99,489,2389,12044,60872,308396
round_shots,100,100,100,100,100,100,100,100,100
round_queries,100,300,1500,6300,27300,131500,657900,3338300,16814500
round_k,0,1,7,31,136,657,3289,16691,84072
round_shots,200,100,100,100,100,100,100,100,100
round_queries,200,300,1100,5500,26500,129300,642900,3225100,16169100
round_k,0,1,5,27,132,646,3214,16125,80845
round_shots,200,100,100,100,100,100,100,100,100,100
round_queries,200,300,700,2300,10700,50500,250100,1260100,6312500,31968500
round_k,0,1,3,11,53,252,1250,6300,31562,159842
round_shots,300,100,100,100,100,100,100,100,100,100
round_queries,300,300,1100,4100,17700,84700,422500,2119700,10656100,54106300
round_k,0,1,5,20,88,423,2112,10598,53280,270531
round_shots,100,100,100,100,100,100,100,100,100,100
round_queries,100,300,1100,4300,19100,90700,446700,2240900,11292500,57271700
round_k,0,1,5,21,95,453,2233,11204,56462,286358
round_shots,100,100,100,100,100,100,100,100,100,100
round_queries,100,300,1100,4100,18900,93100,461900,2323900,11760700,59733300
round_k,0,1,5,20,94,465,2309,11619,58803,298666
round_shots,200,100,100,100,100,100,100,100,100
round_queries,200,300,1100,5500,27500,137700,693300,3493500,17669500
round_k,0,1,5,27,137,688,3466,17467,88347
round_shots,100,100,100,100,100,100,100,100,100,100
round_queries,100,300,1100,4900,21300,101900,507300,2539500,12737700,64124500
round_k,0,1,5,24,106,509,2536,12697,63688,320622
round_shots,200,100,100,100,100,100,100,100,100
round_queries,200,300,1100,5100,25500,126300,637500,3178500,16061500
round_k,0,1,5,25,127,631,3187,15892,80307
round_shots,100,100,100,100,100,100,100,100,100,100
round_queries,100,300,700,2900,14500,70500,350700,1757900,8873100,44542500
round_k,0,1,3,14,72,352,1753,8789,44365,222712
round_shots,200,100,100,100,100,100,100,100,100,100
round_queries,200,300,1100,5500,25500,120900,602500,3014900,15164500,76968700
round_k,0,1,5,27,127,604,3012,15074,75822,384843
round_shots,200,100,100,100,100,100,100,100,100,100
round_queries,200,300,700,2900,13100,66100,333700,1668500,8418300,42637100
round_k,0,1,3,14,65,330,1668,8342,42091,213185
round_shots,100,100,100,100,100,100,100,100,100,100
round_queries,100,300,1100,4500,20900,98500,485900,2437100,12364300,62709100
round_k,0,1,5,22,104,492,2429,12185,61821,313545
round_shots,100,100,100,100,100,100,100,100,100,100
round_queries,100,300,1100,3500,14300,69500,340100,1706500,8646900,43833300
round_k,0,1,5,17,71,347,1700,8532,43234,219166
round_shots,100,100,100,100,100,100,100,100,100,100
round_queries,100,300,1100,4100,19900,95100,480900,2411500,12148900,61568300
round_k,0,1,5,20,99,475,2404,12057,60744,307841
round_shots,200,100,100,100,100,100,100,100,100,100
round_queries,200,300,700,2900,12500,59300,292500,1446700,7232100,36606100
round_k,0,1,3,14,62,296,1462,7233,36160,183030
round_shots,200,100,100,100,100,100,100,100,100
round_queries,200,500,2300,10300,46900,234300,1170700,5879500,29761300
round_k,0,2,11,51,234,1171,5853,29397,148806
round_shots,100,100,100,100,100,100,100,100,100,100
round_queries,100,300,1100,5100,23500,110500,545500,2738500,14561100,73848300
round_k,0,1,5,25,117,552,2727,13692,72805,369241
round_shots,200,100,100,100,100,100,100,100,100,100
round_queries,200,300,700,1900,7700,37500,186500,937900,4724900,23926700
round_k,0,1,3,9,38,187,932,4689,23624,119633
round_shots,200,100,100,100,100,100,100,100,100,100
round_queries,200,300,1100,4300,20700,100100,492700,2475700,12474300,62776700
round_k,0,1,5,21,103,500,2463,12378,62371,313883
round_shots,200,100,100,100,100,100,100,100,100,100
round_queries,200,300,1100,4100,19300,91500,462300,2333300,11692700,58722100
round_k,0,1,5,20,96,457,2311,11666,58463,293610
round_shots,200,100,100,100,100,100,100,100,100,100
round_queries,200,300,1100,4100,19300,93500,463300,2294900,11569900,58564900
round_k,0,1,5,20,96,467,2316,11474,57849,292824
round_shots,100,100,100,100,100,100,100,100,100,100
round_queries,100,300,1100,5100,23900,116300,569900,2861100,14470500,72807700
round_k,0,1,5,25,119,581,2849,14305,72352,364038
round_shots,100,100,100,100,100,100,100,100,100,100
round_queries,100,300,1100,4700,21900,106300,518100,2604700,13156900,66557500
round_k,0,1,5,23,109,531,2590,13023,65784,332787
round_shots,300,100,100,100,100,100,100,100,100,100
round_queries,300,300,1100,5100,22700,113300,559900,2828100,14259300,72380300
round_k,0,1,5,25,113,566,2799,14140,71296,361901
round_shots,200,100,100,100,100,100,100,100,100,100
round_queries,200,300,700,2900,13300,60700,305100,1522500,7641500,38682700
round_k,0,1,3,14,66,303,1525,7612,38207,193413
round_shots,300,100,100,100,100,100,100,100,100,100
round_queries,300,300,1500,5300,24900,120500,603500,3054300,15433700,76638300
round_k,0,1,7,26,124,602,3017,15271,77168,383191
round_shots,200,100,100,100,100,100,100,100,100
round_queries,200,300,1500,5900,29100,141300,702500,3493300,17555900
round_k,0,1,7,29,145,706,3512,17466,87779
round_shots,100,100,100,100,100,100,100,100,100,100
round_queries,100,300,1100,4100,19100,92100,461700,2327100,11735100,59456900
round_k,0,1,5,20,95,460,2308,11635,58675,297284
round_shots,100,100,100,100,100,100,100,100,100,100
round_queries,100,300,1100,4100,18500,89700,426900,2148700,10840900,54955900
round_k,0,1,5,20,92,448,2134,10743,54204,274779
round_shots,200,200,100,100,100,100,100,100,100
round_queries,200,600,1500,6300,28700,142900,712700,3596100,18173100
round_k,0,1,7,31,143,714,3563,17980,90865
round_shots,100,100,100,100,100,100,100,100,100,100
round_queries,100,300,1100,4900,22900,107700,522300,2642100,13329100,67326100
round_k,0,1,5,24,114,538,2611,13210,66645,336630
round_shots,200,100,100,100,100,100,100,100,100,100
round_queries,200,300,700,2900,13100,63900,320700,1584500,7985300,40359900
round_k,0,1,3,14,65,319,1603,7922,39926,201799
round_shots,200,100,100,100,100,100,100,100,100
round_queries,200,500,1900,7500,36100,176100,873300,4413700,22148500
round_k,0,2,9,37,180,880,4366,22068,110742
round_shots,200,100,100,100,100,100,100,100,100,100
round_queries,200,300,1100,4100,19100,90100,452100,2263700,11395700,57252100
round_k,0,1,5,20,95,450,2260,11318,56978,286260
round_shots,100,100,100,100,100,100,100,100,100,100
round_queries,100,300,1100,5100,24500,113100,543500,2716700,13599500,68877300
round_k,0,1,5,25,122,565,2717,13583,67997,344386
round_shots,300,100,100,100,100,100,100,100,100,100
round_queries,300,300,1100,4300,21500,101700,489700,2400300,11935300,60539300
round_k,0,1,5,21,107,508,2448,12001,59676,302696
round_shots,200,100,100,100,100,100,100,100,100,100
round_queries,200,300,1100,3700,16900,79100,388700,1963900,9921500,50083900
round_k,0,1,5,18,84,395,1943,9819,49607,250419
round_shots,100,100,100,100,100,100,100,100,100,100
round_queries,100,300,1100,4100,19300,95700,471700,2362700,11949700,59951900
round_k,0,1,5,20,96,478,2358,11813,59748,299759
round_shots,100,100,100,100,100,100,100,100,100,100
round_queries,100,300,1100,4900,22500,111500,548300,2763500,13975100,71317900
round_k,0,1,5,24,112,557,2741,13817,69875,356589
round_shots,200,100,100,100,100,100,100,100,100
round_queries,200,300,1100,4900,23500,117500,588500,2952700,14964500
round_k,0,1,5,24,117,587,2942,14763,74822
round_shots,200,100,100,100,100,100,100,100,100,100
round_queries,200,300,1100,4100,18500,89700,444900,2235900,11315500,57316300
round_k,0,1,5,20,92,448,2224,11179,56577,286581
round_shots,100,100,100,100,100,100,100,100,100,100
round_queries,100,300,700,2700,11700,56100,281100,1405500,7064700,35759100
round_k,0,1,3,13,58,280,1405,7027,35323,178795
round_shots,100,100,100,100,100,100,100,100,100,100
round_queries,100,300,1100,4100,18100,86900,430500,2152500,10887900,54630300
round_k,0,1,5,20,90,434,2152,10762,54439,273151
round_shots,100,100,100,100,100,100,100,100,100,100
round_queries,100,300,1100,4700,20700,100700,496500,2492500,12616500,63932500
round_k,0,1,5,23,103,503,2482,12462,63082,319662
round_shots,200,100,100,100,100,100,100,100,100
round_queries,200,300,1100,5100,25300,123500,610900,3078900,15584300
round_k,0,1,5,25,126,617,3054,15394,77921
round_shots,100,100,100,100,100,100,100,100,100,100
round_queries,100,300,1100,4900,23300,113900,573700,2878500,14582900,73831100
round_k,0,1,5,24,116,569,2868,14392,72914,369155
round_shots,100,100,100,100,100,100,100,100,100,100
round_queries,100,300,700,2900,13300,64900,322700,1619500,8200500,41521300
round_k,0,1,3,14,66,324,1613,8097,41002,207606
round_shots,200,100,100,100,100,100,100,100,100,100
round_queries,200,300,1100,3700,17100,80900,398300,2007500,10105700,51209500
round_k,0,1,5,18,85,404,1991,10037,50528,256047
round_shots,200,100,100,100,100,100,100,100,100,100
round_queries,200,300,1100,4700,22100,107300,529700,2674100,13544700,68291100
round_k,0,1,5,23,110,536,2648,13370,67723,341455
round_shots,100,100,100,100,100,100,100,100,100
round_queries,100,300,1100,4500,21300,102900,614300,3211500,16251100
round_k,0,1,5,22,106,514,3071,16057,81255
round_shots,300,100,100,100,100,100,100,100,100,100
round_queries,300,300,1100,4900,22700,112500,567100,2863700,14396500,72995900
round_k,0,1,5,24,113,562,2835,14318,71982,364979
round_shots,200,100,100,100,100,100,100,100,100,100
round_queries,200,300,1100,3700,16900,79100,390900,1957700,9903100,50200700
round_k,0,1,5,18,84,395,1954,9788,49515,251003
round_shots,100,100,100,100,100,100,100,100,100
round_queries,100,300,1100,5500,26300,129100,653500,3293500,16692900
round_k,0,1,5,27,131,645,3267,16467,83464
round_shots,200,100,100,100,100,100,100,100,100
round_queries,200,500,1500,5900,28300,139500,696500,3480500,17618500
round_k,0,2,7,29,141,697,3482,17402,88092
round_shots,100,100,100,100,100,100,100,100,100,100
round_queries,100,300,700,2500,10500,48900,245300,1233700,6223300,31467500
round_k,0,1,3,12,52,244,1226,6168,31116,157337
round_shots,200,200,100,100,100,100,100,100,100
round_queries,200,600,1500,6300,30700,147300,737700,3708700,18768700
round_k,0,1,7,31,153,736,3688,18543,93843
round_shots,100,100,100,100,100,100,100,100,100,100
round_queries,100,300,1100,4500,19500,94300,469900,2374100,11965100,60577500
round_k,0,1,5,22,97,471,2349,11870,59825,302887
round_shots,200,100,100,100,100,100,100,100,100,100
round_queries,200,300,1100,4500,21100,98100,468500,2355300,11778500,59685300
round_k,0,1,5,22,105,490,2342,11776,58892,298426
round_shots,100,100,100,100,100,100,100,100,100
round_queries,100,300,1100,5500,27100,134500,678900,3419500,17317100
round_k,0,1,5,27,135,672,3394,17097,86585
round_shots,100,100,100,100,100,100,100,100,100,100
round_queries,100,300,1100,4100,19300,94100,475300,2390300,12094100,60955500
round_k,0,1,5,20,96,470,2376,11951,60470,304777
round_shots,100,100,100,100,100,100,100,100,100
round_queries,100,300,1500,6100,27100,128500,635500,3203300,16078300
round_k,0,1,7,30,135,642,3177,16016,80391
round_shots,100,100,100,100,100,100,100,100,100,100
round_queries,100,300,1100,3700,17300,81500,395500,1974500,9993900,50549500
round_k,0,1,5,18,86,407,1977,9872,49969,252747
round_shots,200,100,100,100,100,100,100,100,100,100
round_queries,200,300,1100,4900,23300,113500,561500,2834500,14333100,72236300
round_k,0,1,5,24,116,567,2807,14172,71665,361181
round_shots,200,100,100,100,100,100,100,100,100,100
round_queries,200,300,900,2700,12300,61500,303100,1505700,7639100,38730700
round_k,0,1,4,13,61,307,1515,7528,38195,193653
round_shots,100,100,100,100,100,100,100,100,100,100
round_queries,100,300,700,2900,12700,58700,289500,1443700,7306500,36777500
round_k,0,1,3,14,63,293,1447,7218,36532,183887
round_shots,200,100,100,100,100,100,100,100,100,100
round_queries,200,300,1100,4900,24500,120900,601700,3038900,15329500,77779900
round_k,0,1,5,24,122,604,3008,15194,76647,388899
round_shots,300,100,100,100,100,100,100,100,100,100
round_queries,300,300,1100,4100,18900,88500,433300,2194300,11089500,56121700
round_k,0,1,5,20,94,442,2166,10971,55447,280608
round_shots,100,100,100,100,100,100,100,100,100,100
round_queries,100,300,1100,4100,19100,90300,449100,2251700,11355700,57563100
round_k,0,1,5,20,95,451,2245,11258,56778,287815
round_shots,200,100,100,100,100,100,100,100,100,100
round_queries,200,300,900,2700,12700,60700,304100,1517700,7668100,38836500
round_k,0,1,4,13,63,303,1520,7588,38340,194182
round_shots,200,200,100,100,100,100,100,100,100
round_queries,200,600,1900,8700,42100,204300,1023700,5157100,25903900
round_k,0,1,9,43,210,1021,5118,25785,129519
round_shots,100,100,100,100,100,100,100,100,100,100
round_queries,100,300,700,2700,12500,62700,313500,1559100,7834900,39697900
round_k,0,1,3,13,62,313,1567,7795,39174,198489
round_shots,100,100,100,100,100,100,100,100,100,100
round_queries,100,300,1100,5300,24100,119900,569300,2853500,14365500,72826700
round_k,0,1,5,26,120,599,2846,14267,71827,364133
round_shots,100,100,100,100,100,100,100,100,100,100
round_queries,100,300,1100,4100,18300,90700,447900,2261500,11435700,57677700
round_k,0,1,5,20,91,453,2239,11307,57178,288388
round_shots,200,100,100,100,100,100,100,100,100,100
round_queries,200,300,1100,3100,14500,72100,358700,1808700,9176100,46514100
round_k,0,1,5,15,72,360,1793,9043,45880,232570
round_shots,200,100,100,100,100,100,100,100,100,100
round_queries,200,300,1100,4100,18100,88300,439500,2212700,11122500,56415500
round_k,0,1,5,20,90,441,2197,11063,55612,282077
round_shots,200,100,100,100,100,100,100,100,100,100
round_queries,200,300,1100,3700,18500,89300,441100,2209500,11190300,56734700
round_k,0,1,5,18,92,446,2205,11047,55951,283673
round_shots,100,100,100,100,100,100,100,100,100,100
round_queries,100,300,1100,3700,16300,78300,389900,1949300,9830100,49448500
round_k,0,1,5,18,81,391,1949,9746,49150,247242
round_shots,200,100,100,100,100,100,100,100,100,100
round_queries,200,300,1100,4500,19700,96300,469900,2375500,11999500,60760100
round_k,0,1,5,22,98,481,2349,11877,59997,303800
round_shots,100,100,100,100,100,100,100,100,100,100
round_queries,100,300,700,3300,15300,71700,352100,1752100,8871900,44727700
round_k,0,1,3,16,76,358,1760,8760,44359,223638
round_shots,200,100,100,100,100,100,100,100,100,100
round_queries,200,300,1100,5100,24700,120700,597300,2995100,15113700,76710300
round_k,0,1,5,25,123,603,2986,14975,75568,383551
round_shots,200,100,100,100,100,100,100,100,100,100
round_queries,200,300,1100,4700,21500,106100,524700,2636500,13370300,67854100
round_k,0,1,5,23,107,530,2623,13182,66851,339270
round_shots,100,100,100,100,100,100,100,100,100,100
round_queries,100,300,1100,5100,22500,108700,540900,2716300,13735500,69579700
round_k,0,1,5,25,112,543,2704,13581,68677,347898
round_shots,100,100,100,100,100,100,100,100,100,100
round_queries,100,300,1100,3100,13500,63500,309500,1557700,7830500,39642100
round_k,0,1,5,15,67,317,1547,7788,39152,198210
round_shots,200,100,100,100,100,100,100,100,100
round_queries,200,300,1500,5900,27300,131500,663100,3326300,16775700
round_k,0,1,7,29,136,657,3315,16631,83878
round_shots,200,100,100,100,100,100,100,100,100,100
round_queries,200,300,1100,3100,12900,59100,296900,1482900,7491500,45692900
round_k,0,1,5,15,64,295,1484,7414,37457,228464
round_shots,200,100,100,100,100,100,100,100,100,100
round_queries,200,300,1100,5100,22500,108100,534100,2699500,13602900,69069900
round_k,0,1,5,25,112,540,2670,13497,68014,345349
round_shots,100,100,100,100,100,100,100,100,100,100
round_queries,100,300,1100,5100,23700,114900,574300,2903300,14711300,74628300
round_k,0,1,5,25,118,574,2871,14516,73556,373141
round_shots,200,100,100,100,100,100,100,100,100
round_queries,200,300,1500,6900,33700,168500,835500,4200900,21276500
round_k,0,1,7,34,168,842,4177,21004,106382
round_shots,100,100,100,100,100,100,100,100,100,100
round_queries,100,300,1100,3700,16900,82900,411100,2065300,10475300,53074700
round_k,0,1,5,18,84,414,2055,10326,52376,265373
round_shots,100,100,100,100,100,100,100,100,100,100
round_queries,100,300,700,1900,8500,39900,194900,976500,4926300,24921900
round_k,0,1,3,9,42,199,974,4882,24631,124609
round_shots,200,100,100,100,100,100,100,100,100,100
round_queries,200,300,1100,4500,21500,108300,535700,2705900,13740700,69128100
round_k,0,1,5,22,107,541,2678,13529,68703,345640
round_shots,200,100,100,100,100,100,100,100,100,100
round_queries,200,300,1100,4700,21500,106100,528100,2671500,13360700,67561900
round_k,0,1,5,23,107,530,2640,13357,66803,337809
round_shots,100,100,100,100,100,100,100,100,100,100
round_queries,100,300,1100,4500,22300,111500,545900,2671100,13477100,68201900
round_k,0,1,5,22,111,557,2729,13355,67385,341009
round_shots,100,100,100,100,100,100,100,100,100,100
round_queries,100,300,1100,4900,21700,103100,517100,2615100,13230300,67032300
round_k,0,1,5,24,108,515,2585,13075,66151,335161
round_shots,200,100,100,100,100,100,100,100,100,100
round_queries,200,300,1100,4900,23900,115700,578300,2924100,14852500,75064300
round_k,0,1,5,24,119,578,2891,14620,74262,375321
round_shots,200,100,100,100,100,100,100,100,100,100
round_queries,200,300,1100,5100,22100,110900,553100,2767100,13973300,70996300
round_k,0,1,5,25,110,554,2765,13835,69866,354981
round_shots,100,100,100,100,100,100,100,100,100,100
round_queries,100,300,1100,4100,18300,84900,416300,2097100,10592500,53743300
round_k,0,1,5,20,91,424,2081,10485,52962,268716
round_shots,200,100,100,100,100,100,100,100,100,100
round_queries,200,300,1100,3500,15100,74700,364300,1823300,9198500,46649100
round_k,0,1,5,17,75,373,1821,9116,45992,233245
round_shots,100,100,100,100,100,100,100,100,100,100
round_queries,100,300,1100,4500,19900,96900,478300,2392900,12048500,60576100
round_k,0,1,5,22,99,484,2391,11964,60242,302880
round_shots,200,100,100,100,100,100,100,100,100,100
round_queries,200,300,1100,4500,21100,102900,518500,2629700,13310900,67481100
round_k,0,1,5,22,105,514,2592,13148,66554,337405
round_shots,200,100,100,100,100,100,100,100,100
round_queries,200,500,1900,8700,41500,203700,1011300,5077900,25483100
round_k,0,2,9,43,207,1018,5056,25389,127415
round_shots,100,100,100,100,100,100,100,100,100,100
round_queries,100,300,1100,3700,16700,82700,411100,2069500,10474500,53024500
round_k,0,1,5,18,83,413,2055,10347,52372,265122
round_shots,200,100,100,100,100,100,100,100,100,100
round_queries,200,500,1100,4900,22300,108300,538300,2689700,13589100,68835900
round_k,0,2,5,24,111,541,2691,13448,67945,344179
round_shots,200,100,100,100,100,100,100,100,100,100
round_queries,200,300,700,2500,10500,47900,237100,1196900,6023500,30381700
round_k,0,1,3,12,52,239,1185,5984,30117,151908
round_shots,100,100,100,100,100,100,100,100,100,100
round_queries,100,300,1100,5500,24300,116900,578500,2881500,14563700,73837100
round_k,0,1,5,27,121,584,2892,14407,72818,369185
round_shots,100,100,100,100,100,100,100,100,100,100
round_queries,100,300,700,2900,12900,61500,301500,1504900,7595900,38453100
round_k,0,1,3,14,64,307,1507,7524,37979,192265
round_shots,200,100,100,100,100,100,100,100,100,100
round_queries,200,300,1100,3700,16700,83500,409500,2066500,10449500,52818500
round_k,0,1,5,18,83,417,2047,10332,52247,264092
round_shots,200,100,100,100,100,100,100,100,100,100
round_queries,200,300,1100,4500,20300,96300,465100,2318700,11722900,59165500
round_k,0,1,5,22,101,481,2325,11593,58614,295827
round_shots,100,100,100,100,100,100,100,100,100,100
round_queries,100,300,1100,4100,19300,96500,475300,2400500,12062700,61257700
round_k,0,1,5,20,96,482,2376,12002,60313,306288
round_shots,200,100,100,100,100,100,100,100,100,100
round_queries,200,300,700,2300,9300,44700,215900,1084500,5482300,27521900
round_k,0,1,3,11,46,223,1079,5422,27411,137609
round_shots,300,100,100,100,100,100,100,100,100
round_queries,300,500,1900,7300,32900,162900,821500,4164900,20909100
round_k,0,2,9,36,164,814,4107,20824,104545
round_shots,100,100,100,100,100,100,100,100,100,100
round_queries,100,300,1100,4900,21100,104700,510300,2571300,12881100,65150300
round_k,0,1,5,24,105,523,2551,12856,64405,325751
round_shots,200,100,100,100,100,100,100,100,100,100
round_queries,200,300,1100,4100,17500,81500,405900,2029500,10241300,51730100
round_k,0,1,5,20,87,407,2029,10147,51206,258650
round_shots,100,100,100,100,100,100,100,100,100,100
round_queries,100,300,1100,4100,19100,95500,476500,2411900,12202300,61923100
round_k,0,1,5,20,95,477,2382,12059,61011,309615
round_shots,100,100,100,100,100,100,100,100,100,100
round_queries,100,300,700,2700,12100,58500,284500,1426700,7236500,36622900
round_k,0,1,3,13,60,292,1422,7133,36182,183114
round_shots,100,100,100,100,100,100,100,100,100
round_queries,100,300,1500,5300,24700,122500,613500,3101500,15704100
round_k,0,1,7,26,123,612,3067,15507,78520
round_shots,100,100,100,100,100,100,100,100,100,100
round_queries,100,300,1100,3700,18100,87100,437100,2210900,11208700,56727900
round_k,0,1,5,18,90,435,2185,11054,56043,283639
round_shots,200,100,100,100,100,100,100,100,100,100
round_queries,200,300,1100,5300,25100,120700,601700,3019700,15266700,77491700
round_k,0,1,5,26,125,603,3008,15098,76333,387458
round_shots,200,100,100,100,100,100,100,100,100,100
round_queries,200,300,1100,5100,23500,110300,510500,2517700,12777100,64309900
round_k,0,1,5,25,117,551,2552,12588,63885,321549
round_shots,200,100,100,100,100,100,100,100,100,100
round_queries,200,300,1500,5500,24300,117900,588500,2972900,14925500,75742100
round_k,0,1,7,27,121,589,2942,14864,74627,378710
round_shots,200,100,100,100,100,100,100,100,100,100
round_queries,200,300,1100,5100,23700,118300,583300,2914500,14771500,74451100
round_k,0,1,5,25,118,591,2916,14572,73857,372255
round_shots,100,100,100,100,100,100,100,100,100,100
round_queries,100,300,700,2900,12500,60900,296100,1475700,7478500,37547100
round_k,0,1,3,14,62,304,1480,7378,37392,187735
round_shots,200,100,100,100,100,100,100,100,100,100
round_queries,200,300,1100,3500,16900,82100,396700,1972700,9810900,49715100
round_k,0,1,5,17,84,410,1983,9863,49054,248575
round_shots,100,100,100,100,100,100,100,100,100,100
round_queries,100,300,1100,5500,24700,118700,590300,2990500,15103100,76529700
round_k,0,1,5,27,123,593,2951,14952,75515,382648
round_shots,200,100,100,100,100,100,100,100,100
round_queries,200,300,1100,5500,25900,128500,636900,3208900,16105300
round_k,0,1,5,27,129,642,3184,16044,80526
round_shots,100,100,100,100,100,100,100,100,100,100
round_queries,100,300,1100,3700,16700,96700,480500,2427700,12282900,62062700
round_k,0,1,5,18,83,483,2402,12138,61414,310313
round_shots,300,100,100,100,100,100,100,100,100,100
round_queries,300,500,1500,5300,24700,121700,607700,3055300,15442700,78386900
round_k,0,2,7,26,123,608,3038,15276,77213,391934
round_shots,200,100,100,100,100,100,100,100,100,100
round_queries,200,300,1100,4100,19300,89700,442300,2218900,11163300,56350700
round_k,0,1,5,20,96,448,2211,11094,55816,281753
round_shots,100,100,100,100,100,100,100,100,100,100
round_queries,100,300,1100,3700,16500,77100,385900,1943100,9819500,49647700
round_k,0,1,5,18,82,385,1929,9715,49097,248238
round_shots,100,100,100,100,100,100,100,100,100,100
round_queries,100,300,1100,4300,20300,96500,479100,2391700,12102100,61154500
round_k,0,1,5,21,101,482,2395,11958,60510,305772
round_shots,100,100,100,100,100,100,100,100,100,100
round_queries,100,300,700,2500,11900,55500,268300,1348500,6787300,34378100
round_k,0,1,3,12,59,277,1341,6742,33936,171890
round_shots,100,100,100,100,100,100,100,100,100,100
round_queries,100,300,1100,5300,25100,121300,604300,3043900,15433100,78141100
round_k,0,1,5,26,125,606,3021,15219,77165,390705
round_shots,200,100,100,100,100,100,100,100,100
round_queries,200,500,2500,12300,59900,290900,1463500,7407700,37404300
round_k,0,2,12,61,299,1454,7317,37038,187021
round_shots,300,100,100,100,100,100,100,100,100
round_queries,300,500,1900,9100,41900,205100,1017300,5116900,25991700
round_k,0,2,9,45,209,1025,5086,25584,129958
round_shots,100,100,100,100,100,100,100,100,100,100
round_queries,100,300,1100,3700,16900,81700,402500,2017100,10201300,51623100
round_k,0,1,5,18,84,408,2012,10085,51006,258115
round_shots,200,100,100,100,100,100,100,100,100,100
round_queries,200,300,1100,3700,18100,86700,431500,2139700,10800700,54570300
round_k,0,1,5,18,90,433,2157,10698,54003,272851
round_shots,100,100,100,100,100,100,100,100,100
round_queries,100,300,1100,5500,27700,135700,676900,3403100,17271700
round_k,0,1,5,27,138,678,3384,17015,86358
round_shots,200,100,100,100,100,100,100,100,100,100
round_queries,200,300,1100,4100,19100,91900,459500,2298300,11613100,58874500
round_k,0,1,5,20,95,459,2297,11491,58065,294372
round_shots,200,100,100,100,100,100,100,100,100,100
round_queries,200,300,700,1900,8100,36700,183700,906700,4591700,23293500
round_k,0,1,3,9,40,183,918,4533,22958,116467
round_shots,200,100,100,100,100,100,100,100,100,100
round_queries,200,300,1100,4900,22700,106300,537700,2684700,13603300,68982700
round_k,0,1,5,24,113,531,2688,13423,68016,344913
round_shots,100,100,100,100,100,100,100,100,100,100
round_queries,100,300,700,1900,8100,39100,195900,962900,4857500,24545900
round_k,0,1,3,9,40,195,979,4814,24287,122729
round_shots,200,100,100,100,100,100,100,100,100
round_queries,200,500,1900,8900,44500,219700,1107300,5615100,28407100
round_k,0,2,9,44,222,1098,5536,28075,142035
round_shots,200,100,100,100,100,100,100,100,100,100
round_queries,200,300,700,2300,9300,45700,224500,1134500,5729500,28977500
round_k,0,1,3,11,46,228,1122,5672,28647,144887
round_shots,100,100,100,100,100,100,100,100,100,100
round_queries,100,300,1100,3700,17300,84900,416300,2082500,10512500,53159700
round_k,0,1,5,18,86,424,2081,10412,52562,265798
round_shots,200,100,100,100,100,100,100,100,100
round_queries,200,300,1500,7300,33500,165100,821500,4129900,20813100
round_k,0,1,7,36,167,825,4107,20649,104065
round_shots,200,100,100,100,100,100,100,100,100,100
round_queries,200,300,1100,5100,23700,112500,563100,2809100,14140300,71630700
round_k,0,1,5,25,118,562,2815,14045,70701,358153
round_shots,100,100,100,100,100,100,100,100,100,100
round_queries,100,300,1100,5100,23900,117100,587700,2948300,14816900,75056300
round_k,0,1,5,25,119,585,2938,14741,74084,375281
round_shots,200,100,100,100,100,100,100,100,100,100
round_queries,200,300,1100,3700,16500,76900,380300,1898700,9610900,48627700
round_k,0,1,5,18,82,384,1901,9493,48054,243138
round_shots,100,100,100,100,100,100,100,100,100,100
round_queries,100,300,1500,5300,24300,119300,588700,2971900,14998900,76037100
round_k,0,1,7,26,121,596,2943,14859,74994,380185
round_shots,100,100,100,100,100,100,100,100,100,100
round_queries,100,300,700,2500,11100,54900,270300,1339100,6774100,34128300
round_k,0,1,3,12,55,274,1351,6695,33870,170641
round_shots,200,100,100,100,100,100,100,100,100,100
round_queries,200,300,1100,3700,15900,77700,391300,1978900,9995900,50751100
round_k,0,1,5,18,79,388,1956,9894,49979,253755
round_shots,100,100,100,100,100,100,100,100,100,100
round_queries,100,300,1100,4100,18700,87700,421700,2098500,10589500,53711300
round_k,0,1,5,20,93,438,2108,10492,52947,268556
round_shots,100,100,100,100,100,100,100,100,100,100
round_queries,100,300,1100,4300,18500,92300,461500,2298700,11612100,58765900
round_k,0,1,5,21,92,461,2307,11493,58060,293829
round_shots,100,100,100,100,100,100,100,100,100,100
round_queries,100,300,1100,4100,19500,97700,484500,2414500,12122100,60874100
round_k,0,1,5,20,97,488,2422,12072,60610,304370
round_shots,200,100,100,100,100,100,100,100,100
round_queries,200,700,2900,13700,64900,328900,1630700,7690300,38472100
round_k,0,3,14,68,324,1644,8153,38451,192360
round_shots,100,100,100,100,100,100,100,100,100,100
round_queries,100,300,700,2900,13100,65500,327100,1649300,8306900,42122300
round_k,0,1,3,14,65,327,1635,8246,41534,210611
round_shots,200,100,100,100,100,100,100,100,100,100
round_queries,200,300,1100,4100,18900,94500,470700,2357700,11915900,60374100
round_k,0,1,5,20,94,472,2353,11788,59579,301870
round_shots,100,100,100,100,100,100,100,100,100,100
round_queries,100,300,1100,3700,15500,77100,380300,1921500,9701900,49196100
round_k,0,1,5,18,77,385,1901,9607,48509,245980
round_shots,200,100,100,100,100,100,100,100,100,100
round_queries,200,300,1100,5100,23900,115700,580700,2940500,14896500,75508500
round_k,0,1,5,25,119,578,2903,14702,74482,377542
round_shots,200,100,100,100,100,100,100,100,100,100
round_queries,200,300,1100,3700,15900,76900,381900,1921500,9701500,49207300
round_k,0,1,5,18,79,384,1909,9607,48507,246036
round_shots,100,100,100,100,100,100,100,100,100,100
round_queries,100,300,1100,4900,22700,111100,534100,2605300,13172500,66621100
round_k,0,1,5,24,113,555,2670,13026,65862,333105
round_shots,200,100,100,100,100,100,100,100,100,100
round_queries,200,300,1100,4900,23500,112300,558900,2810700,14058100,70657700
round_k,0,1,5,24,117,561,2794,14053,70290,353288
round_shots,200,100,100,100,100,100,100,100,100
round_queries,200,300,1100,4500,20300,96900,477900,2405700,14587700
round_k,0,1,5,22,101,484,2389,12028,72938
round_shots,200,100,100,100,100,100,100,100,100,100
round_queries,200,300,1100,4100,18900,93700,459500,2312900,11646700,59039900
round_k,0,1,5,20,94,468,2297,11564,58233,295199
round_shots,100,100,100,100,100,100,100,100,100,100
round_queries,100,300,1100,4700,23300,113500,557500,2781100,14060900,70914100
round_k,0,1,5,23,116,567,2787,13905,70304,354570
round_shots,100,100,100,100,100,100,100,100,100,100
round_queries,100,300,1100,3700,15500,75500,374900,1879500,9464500,48000500
round_k,0,1,5,18,77,377,1874,9397,47322,240002
round_shots,200,100,100,100,100,100,100,100,100,100
round_queries,200,300,1100,3100,13100,65900,325100,1631500,8250100,41643700
round_k,0,1,5,15,65,329,1625,8157,41250,208218
round_shots,100,100,100,100,100,100,100,100,100,100
round_queries,100,300,1100,4500,21100,103700,515100,2588700,13084300,66330700
round_k,0,1,5,22,105,518,2575,12943,65421,331653
round_shots,200,100,100,100,100,100,100,100,100
round_queries,200,300,1500,6700,30700,153300,758500,3844100,19297300
round_k,0,1,7,33,153,766,3792,19220,96486
round_shots,200,100,100,100,100,100,100,100,100,100
round_queries,200,300,700,1900,8500,41300,199900,1001300,5037100,25420700
round_k,0,1,3,9,42,206,999,5006,25185,127103
round_shots,100,100,100,100,100,100,100,100,100,100
round_queries,100,300,700,2900,12500,60300,297900,1507100,7604900,38543500
round_k,0,1,3,14,62,301,1489,7535,38024,192717
round_shots,100,100,100,100,100,100,100,100,100,100
round_queries,100,300,1100,4300,20100,96700,460100,2286900,11588100,58409700
round_k,0,1,5,21,100,483,2300,11434,57940,292048
round_shots,100,100,100,100,100,100,100,100,100,100
round_queries,100,300,1100,4500,20100,94500,477700,2407100,12162700,61586900
round_k,0,1,5,22,100,472,2388,12035,60813,307934
round_shots,100,100,100,100,100,100,100,100,100,100
round_queries,100,300,700,1900,7500,33900,163900,814500,4092300,20700100
round_k,0,1,3,9,37,169,819,4072,20461,103500
round_shots,200,100,100,100,100,100,100,100,100
round_queries,200,500,1500,5900,29500,141300,709900,3584300,18068700
round_k,0,2,7,29,147,706,3549,17921,90343
round_shots,200,100,100,100,100,100,100,100,100,100
round_queries,200,300,700,2900,13100,62900,315100,1574900,7936900,40093100
round_k,0,1,3,14,65,314,1575,7874,39684,200465
round_shots,100,100,100,100,100,100,100,100,100,100
round_queries,100,300,1100,3700,16900,80500,400300,1997300,10012700,50666500
round_k,0,1,5,18,84,402,2001,9986,50063,253332
round_shots,100,100,100,100,100,100,100,100,100,100
round_queries,100,300,1100,3700,16500,78700,397300,1995700,10093100,51112100
round_k,0,1,5,18,82,393,1986,9978,50465,255560
round_shots,200,100,100,100,100,100,100,100,100,100
round_queries,200,300,1100,3700,16700,82300,405100,2055100,10391900,52687700
round_k,0,1,5,18,83,411,2025,10275,51959,263438
round_shots,100,100,100,100,100,100,100,100,100,100
round_queries,100,300,1100,5100,24300,117100,574500,2893300,14659700,74246700
round_k,0,1,5,25,121,585,2872,14466,73298,371233
round_shots,200,100,100,100,100,100,100,100,100,100
round_queries,200,300,1100,4500,19900,94500,471500,2390300,12070300,73605900
round_k,0,1,5,22,99,472,2357,11951,60351,368029
round_shots,100,100,100,100,100,100,100,100,100,100
round_queries,100,300,1100,5100,24300,120100,595300,2990300,15065700,76358100
round_k,0,1,5,25,121,600,2976,14951,75328,381790
round_shots,200,100,100,100,100,100,100,100,100,100
round_queries,200,300,700,2900,13900,67500,331700,1649900,8324700,42025300
round_k,0,1,3,14,69,337,1658,8249,41623,210126
round_shots,100,100,100,100,100,100,100,100,100,100
round_queries,100,300,1100,3700,16700,82900,417500,2115900,10673300,53985900
round_k,0,1,5,18,83,414,2087,10579,53366,269929
round_shots,200,100,100,100,100,100,100,100,100,100
round_queries,200,300,1100,4900,23100,115900,577700,2909500,14725700,74663500
round_k,0,1,5,24,115,579,2888,14547,73628,373317
round_shots,200,100,100,100,100,100,100,100,100,100
round_queries,200,300,700,3300,14700,71900,358500,1807900,9133500,46348900
round_k,0,1,3,16,73,359,1792,9039,45667,231744
round_shots,100,100,100,100,100,100,100,100,100,100
round_queries,100,300,1100,4500,20500,94500,466500,2347300,11846100,59845500
round_k,0,1,5,22,102,472,2332,11736,59230,299227
round_shots,100,100,100,100,100,100,100,100,100,100
round_queries,100,300,700,1900,8900,40500,195500,970900,4902900,24780100
round_k,0,1,3,9,44,202,977,4854,24514,123900
round_shots,100,100,100,100,100,100,100,100,100,100
round_queries,100,300,700,2700,11100,53500,258100,1266700,6407500,32506300
round_k,0,1,3,13,55,267,1290,6333,32037,162531
round_shots,100,100,100,100,100,100,100,100,100
round_queries,100,300,1100,5100,25500,121100,610300,3075500,15472900
round_k,0,1,5,25,127,605,3051,15377,77364
round_shots,200,100,100,100,100,100,100,100,100
round_queries,200,300,1500,6900,30900,151900,743900,3740900,18909100
round_k,0,1,7,34,154,759,3719,18704,94545
round_shots,100,100,100,100,100,100,100,100,100,100
round_queries,100,300,1100,5100,24100,114900,574500,2891100,14670300,74094900
round_k,0,1,5,25,120,574,2872,14455,73351,370474
round_shots,100,100,100,100,100,100,100,100,100,100
round_queries,100,300,1100,4100,19500,95500,469900,2345100,11825100,59980300
round_k,0,1,5,20,97,477,2349,11725,59125,299901
round_shots,200,100,100,100,100,100,100,100,100,100
round_queries,200,300,1100,4500,21500,104700,511300,2570100,13070900,65736100
round_k,0,1,5,22,107,523,2556,12850,65354,328680
round_shots,200,100,100,100,100,100,100,100,100,100
round_queries,200,300,1100,4100,19900,95100,473500,2360900,11970700,60675100
round_k,0,1,5,20,99,475,2367,11804,59853,303375
round_shots,100,100,100,100,100,100,100,100,100,100
round_queries,100,300,700,2900,12300,58700,290700,1444500,7204100,36277300
round_k,0,1,3,14,61,293,1453,7222,36020,181386
round_shots,100,200,100,100,100,100,100,100,100
round_queries,100,600,1900,7900,37500,181100,901700,4571300,23119100
round_k,0,1,9,39,187,905,4508,22856,115595
round_shots,200,100,100,100,100,100,100,100,100,100
round_queries,200,300,1100,4500,21700,105700,516900,2592900,13081900,66855700
round_k,0,1,5,22,108,528,2584,12964,65409,334278
round_shots,200,100,100,100,100,100,100,100,100,100
round_queries,200,300,1100,4500,21700,102300,510500,2557500,12961500,65627700
round_k,0,1,5,22,108,511,2552,12787,64807,328138
round_shots,200,100,100,100,100,100,100,100,100,100
round_queries,200,300,1100,3700,16500,77500,380900,1918500,9600700,48333900
round_k,0,1,5,18,82,387,1904,9592,48003,241669
round_shots,100,100,100,100,100,100,100,100,100,100
round_queries,100,300,1100,4900,23900,115900,580100,2902100,14504500,73371100
round_k,0,1,5,24,119,579,2900,14510,72522,366855
round_shots,200,100,100,100,100,100,100,100,100,100
round_queries,200,300,1100,4500,21900,104500,524100,2651100,13450700,68267100
round_k,0,1,5,22,109,522,2620,13255,67253,341335
round_shots,100,100,100,100,100,100,100,100,100,100
round_queries,100,300,1100,3700,16100,95300,477100,2405700,12185500,61809500
round_k,0,1,5,18,80,476,2385,12028,60927,309047
round_shots,100,100,100,100,100,100,100,100,100,100
round_queries,100,300,1100,4700,21700,108700,539300,2690900,13605700,68897900
round_k,0,1,5,23,108,543,2696,13454,68028,344489
round_shots,100,100,100,100,100,100,100,100,100
round_queries,100,300,1500,6700,31500,152300,768700,3804100,19003700
round_k,0,1,7,33,157,761,3843,19020,95018
round_shots,200,100,100,100,100,100,100,100,100,100
round_queries,200,300,1100,4100,17700,87900,440900,2201100,11100300,55950900
round_k,0,1,5,20,88,439,2204,11005,55501,279754
round_shots,200,100,100,100,100,100,100,100,100,100
round_queries,200,300,1100,4500,20300,97300,480700,2416500,12216900,61329100
round_k,0,1,5,22,101,486,2403,12082,61084,306645
round_shots,200,100,100,100,100,100,100,100,100,100
round_queries,200,300,1100,5500,24900,120500,603100,3021300,15256300,77296500
round_k,0,1,5,27,124,602,3015,15106,76281,386482
round_shots,200,100,100,100,100,100,100,100,100
round_queries,200,500,1500,6300,29300,144900,718500,3618100,18124900
round_k,0,2,7,31,146,724,3592,18090,90624
round_shots,100,100,100,100,100,100,100,100,100,100
round_queries,100,300,700,1900,8500,39100,196100,982100,4947300,25081700
round_k,0,1,3,9,42,195,980,4910,24736,125408
round_shots,200,100,100,100,100,100,100,100,100,100
round_queries,200,300,1100,4700,21900,107100,525900,2615500,13163700,66345100
round_k,0,1,5,23,109,535,2629,13077,65818,331725
round_shots,200,100,100,100,100,100,100,100,100,100
round_queries,200,300,1100,4500,22300,110900,552300,2777300,13993100,71000500
round_k,0,1,5,22,111,554,2761,13886,69965,355002
round_shots,100,100,100,100,100,100,100,100,100,100
round_queries,100,300,700,1900,7900,39100,192700,954500,4747300,23827900
round_k,0,1,3,9,39,195,963,4772,23736,119139
round_shots,100,100,100,100,100,100,100,100,100,100
round_queries,100,300,1100,4700,22300,108100,528300,2654300,13458700,68284700
round_k,0,1,5,23,111,540,2641,13271,67293,341423
round_shots,200,100,100,100,100,100,100,100,100
round_queries,200,300,1500,6900,31500,155300,774300,3917900,19875700
round_k,0,1,7,34,157,776,3871,19589,99378
round_shots,100,100,100,100,100,100,100,100,100,100
round_queries,100,300,1100,4100,19300,92100,461500,2307100,11528700,58036500
round_k,0,1,5,20,96,460,2307,11535,57643,290182
round_shots,100,100,100,100,100,100,100,100,100,100
round_queries,100,300,700,2900,14100,67100,331700,1660300,8345300,42225300
round_k,0,1,3,14,70,335,1658,8301,41726,211126
round_shots,100,100,100,100,100,100,100,100,100,100
round_queries,100,300,1100,3700,17300,82900,414500,2079500,10492900,53063500
round_k,0,1,5,18,86,414,2072,10397,52464,265317
round_shots,100,100,100,100,100,100,100,100,100,100
round_queries,100,300,1100,5100,22700,108500,542700,2753300,13951900,70471300
round_k,0,1,5,25,113,542,2713,13766,69759,352356
round_shots,100,100,100,100,100,100,100,100,100,100
round_queries,100,300,700,2300,9900,46900,223700,1127700,5709500,28831700
round_k,0,1,3,11,49,234,1118,5638,28547,144158
round_shots,100,100,100,100,100,100,100,100,100,100
round_queries,100,300,1100,3500,14700,70900,345500,1732900,8750300,44138300
round_k,0,1,5,17,73,354,1727,8664,43751,220691
round_shots,200,100,100,100,100,100,100,100,100
round_queries,200,700,1900,8100,36500,176100,876900,4387500,22216300
round_k,0,3,9,40,182,880,4384,21937,111081
round_shots,100,100,100,100,100,100,100,100,100
round_queries,100,300,1500,6100,27300,132300,659900,3300100,16691700
round_k,0,1,7,30,136,661,3299,16500,83458
round_shots,100,100,100,100,100,100,100,100,100,100
round_queries,100,300,1100,4500,21500,102500,484700,2414300,12168500,61474700
round_k,0,1,5,22,107,512,2423,12071,60842,307373
round_shots,100,100,100,100,100,100,100,100,100,100
round_queries,100,300,1100,4500,19500,97100,473100,2389700,11937500,60510700
round_k,0,1,5,22,97,485,2365,11948,59687,302553
round_shots,200,100,100,100,100,100,100,100,100,100
round_queries,200,300,1100,4500,19500,94900,461900,2280900,11551300,58471900
round_k,0,1,5,22,97,474,2309,11404,57756,292359
round_shots,100,100,100,100,100,100,100,100,100
round_queries,100,300,1100,5100,25500,123500,621100,3113300,15721100
round_k,0,1,5,25,127,617,3105,15566,78605
round_shots,100,100,100,100,100,100,100,100,100,100
round_queries,100,300,900,3100,13900,67100,332700,1656300,8356300,42230100
round_k,0,1,4,15,69,335,1663,8281,41781,211150
round_shots,100,100,100,100,100,100,100,100,100,100
round_queries,100,300,1100,4500,20900,104100,514900,2594300,13102700,66451500
round_k,0,1,5,22,104,520,2574,12971,65513,332257
round_shots,100,100,100,100,100,100,100,100,100,100
round_queries,100,300,1100,4500,20500,100300,496700,2485100,12583900,63810100
round_k,0,1,5,22,102,501,2483,12425,62919,319050
round_shots,200,100,100,100,100,100,100,100,100
round_queries,200,500,1900,7500,34500,172100,861500,4341700,21925700
round_k,0,2,9,37,172,860,4307,21708,109628
round_shots,100,100,100,100,100,100,100,100,100
round_queries,100,500,1900,7100,34700,168300,843900,4214100,21331100
round_k,0,2,9,35,173,841,4219,21070,106655
round_shots,100,100,100,100,100,100,100,100,100,100
round_queries,100,300,1100,4500,20300,100500,499900,2501900,12603100,63746700
round_k,0,1,5,22,101,502,2499,12509,63015,318733
round_shots,100,100,100,100,100,100,100,100,100,100
round_queries,100,300,1100,4100,19500,94700,475300,2366100,11944100,60439700
round_k,0,1,5,20,97,473,2376,11830,59720,302198
round_shots,200,100,100,100,100,100,100,100,100
round_queries,200,300,1100,5500,25100,124100,617500,3103500,15680700
round_k,0,1,5,27,125,620,3087,15517,78403
round_shots,200,100,100,100,100,100,100,100,100,100
round_queries,200,300,700,2900,12500,58900,294100,1479300,7465700,37721500
round_k,0,1,3,14,62,294,1470,7396,37328,188607
round_shots,100,100,100,100,100,100,100,100,100,100
round_queries,100,300,1100,5100,24700,117700,583100,2925300,14819700,75082700
round_k,0,1,5,25,123,588,2915,14626,74098,375413
round_shots,200,100,100,100,100,100,100,100,100,100
round_queries,200,300,700,1900,9100,43700,218500,1092300,5508700,27804900
round_k,0,1,3,9,45,218,1092,5461,27543,139024
round_shots,100,100,100,100,100,100,100,100,100,100
round_queries,100,300,700,2300,8900,39700,190300,950300,4752300,24027100
round_k,0,1,3,11,44,198,951,4751,23761,120135
round_shots,100,100,100,100,100,100,100,100,100,100
round_queries,100,300,1100,4900,22500,111900,560900,2834900,14204100,71898900
round_k,0,1,5,24,112,559,2804,14174,71020,359494
round_shots,100,100,100,100,100,100,100,100,100,100
round_queries,100,300,1100,4700,22900,115500,579100,2911700,14704700,74412100
round_k,0,1,5,23,114,577,2895,14558,73523,372060
round_shots,100,100,100,100,100,100,100,100,100,100
round_queries,100,300,1100,4900,21300,103500,515700,2590900,13087700,65892700
round_k,0,1,5,24,106,517,2578,12954,65438,329463
round_shots,100,100,100,100,100,100,100,100,100,100
round_queries,100,300,1100,4100,19500,96300,470300,2345100,11834500,60012500
round_k,0,1,5,20,97,481,2351,11725,59172,300062
round_shots,100,100,100,100,100,100,100,100,100,100
round_queries,100,300,1100,5100,24500,112700,558900,2822100,14133100,71311900
round_k,0,1,5,25,122,563,2794,14110,70665,356559
round_shots,300,100,100,100,100,100,100,100,100,100
round_queries,300,300,1100,3700,16900,78700,388900,1952100,9869700,50098500
round_k,0,1,5,18,84,393,1944,9760,49348,250492
round_shots,300,100,100,100,100,100,100,100,100,100
round_queries,300,300,700,3300,15300,73700,364700,1818700,9219300,46547700
round_k,0,1,3,16,76,368,1823,9093,46096,232738
round_shots,100,100,100,100,100,100,100,100,100
round_queries,100,300,1100,5100,24500,122700,613500,3097500,15576900
round_k,0,1,5,25,122,613,3067,15487,77884
round_shots,100,100,100,100,100,100,100,100,100,100
round_queries,100,300,1100,5100,23500,115900,582100,2930300,14818700,74978100
round_k,0,1,5,25,117,579,2910,14651,74093,374890
round_shots,100,100,100,100,100,100,100,100,100
round_queries,100,300,1500,6500,32500,163500,811700,4098300,20758700
round_k,0,1,7,32,162,817,4058,20491,103793
round_shots,100,100,100,100,100,100,100,100,100,100
round_queries,100,300,1100,4100,20100,94100,463500,2330300,11783700,59709500
round_k,0,1,5,20,100,470,2317,11651,58918,298547
round_shots,300,100,100,100,100,100,100,100,100
round_queries,300,500,1900,8500,38100,189700,941700,4778300,24106300
round_k,0,2,9,42,190,948,4708,23891,120531
round_shots,300,100,100,100,100,100,100,100,100,100
round_queries,300,300,1100,4900,23100,113500,563300,2814500,14269300,72085500
round_k,0,1,5,24,115,567,2816,14072,71346,360427
round_shots,100,100,100,100,100,100,100,100,100,100
round_queries,100,300,700,3300,15500,75500,373300,1891700,9582300,48557700
round_k,0,1,3,16,77,377,1866,9458,47911,242788
round_shots,200,100,100,100,100,100,100,100,100,100
round_queries,200,300,1100,4900,24100,117700,588700,2981900,15070700,76138900
round_k,0,1,5,24,120,588,2943,14909,75353,380694
round_shots,100,100,100,100,100,100,100,100,100,100
round_queries,100,300,1100,4100,18100,87500,430900,2181100,10979100,55722300
round_k,0,1,5,20,90,437,2154,10905,54895,278611
round_shots,100,100,100,100,100,100,100,100,100,100
round_queries,100,300,1100,4500,21900,102500,496500,2481500,12560900,63675700
round_k,0,1,5,22,109,512,2482,12407,62804,318378
round_shots,100,100,100,100,100,100,100,100,100,100
round_queries,100,300,1100,4500,20900,99900,505500,2500700,12613300,63882100
round_k,0,1,5,22,104,499,2527,12503,63066,319410
round_shots,200,200,100,100,100,100,100,100,100,100
round_queries,200,600,1100,5300,24700,120100,602300,3037700,15356900,77872100
round_k,0,1,5,26,123,600,3011,15188,76784,389360
round_shots,100,100,100,100,100,100,100,100,100,100
round_queries,100,300,700,2300,10500,52900,260900,1313900,6596500,33449500
round_k,0,1,3,11,52,264,1304,6569,32982,167247
round_shots,200,100,100,100,100,100,100,100,100
round_queries,200,700,2300,8700,43500,215900,1088900,5466700,27720700
round_k,0,3,11,43,217,1079,5444,27333,138603
round_shots,100,100,100,100,100,100,100,100,100,100
round_queries,100,300,1100,4700,20300,101300,498300,2524100,12773100,64508900
round_k,0,1,5,23,101,506,2491,12620,63865,322544
round_shots,100,100,100,100,100,100,100,100,100
round_queries,100,300,1100,5500,26300,131500,651100,3287900,16378900
round_k,0,1,5,27,131,657,3255,16439,81894
round_shots,300,100,100,100,100,100,100,100,100
round_queries,300,500,1900,7100,32100,159900,791300,3961300,20029500
round_k,0,2,9,35,160,799,3956,19806,100147
round_shots,200,100,100,100,100,100,100,100,100,100
round_queries,200,300,1100,4500,20900,102900,513300,2566500,12971100,65176700
round_k,0,1,5,22,104,514,2566,12832,64855,325883
round_shots,200,100,100,100,100,100,100,100,100
round_queries,200,700,3500,15300,73100,359100,1792100,9060300,45821700
round_k,0,3,17,76,365,1795,8960,45301,229108
round_shots,100,100,100,100,100,100,100,100,100,100
round_queries,100,300,1100,4500,21100,101300,496900,2479300,12313900,61648900
round_k,0,1,5,22,105,506,2484,12396,61569,308244
round_shots,100,100,100,100,100,100,100,100,100
round_queries,100,300,1500,5900,27900,135300,638500,3204300,16172100
round_k,0,1,7,29,139,676,3192,16021,80860
round_shots,100,100,100,100,100,100,100,100,100,100
round_queries,100,300,1100,5300,23100,110300,548500,2724300,13741900,68954300
round_k,0,1,5,26,115,551,2742,13621,68709,344771
round_shots,200,100,100,100,100,100,100,100,100,100
round_queries,200,300,1100,5100,24100,117500,583100,2933700,14837100,75158300
round_k,0,1,5,25,120,587,2915,14668,74185,375791
round_shots,100,100,100,100,100,100,100,100,100,100
round_queries,100,300,1100,5100,25100,119500,584900,2953900,14964100,75950300
round_k,0,1,5,25,125,597,2924,14769,74820,379751
round_shots,100,100,100,100,100,100,100,100,100,100
round_queries,100,300,700,3300,15500,73500,366500,1844700,9313900,47011700
round_k,0,1,3,16,77,367,1832,9223,46569,235058
round_shots,100,100,100,100,100,100,100,100,100,100
round_queries,100,300,1100,3700,15900,77100,383500,1921500,9691100,49192500
round_k,0,1,5,18,79,385,1917,9607,48455,245962
round_shots,100,100,100,100,100,100,100,100,100
round_queries,100,300,1100,5500,27100,129100,642300,3135100,15814300
round_k,0,1,5,27,135,645,3211,15675,79071
round_shots,200,100,100,100,100,100,100,100,100,100
round_queries,200,300,700,2500,11300,53500,260900,1304300,6566300,33296900
round_k,0,1,3,12,56,267,1304,6521,32831,166484
round_shots,100,100,100,100,100,100,100,100,100,100
round_queries,100,300,700,2300,9100,42100,208100,1027700,5161700,25842700
round_k,0,1,3,11,45,210,1040,5138,25808,129213
round_shots,100,100,100,100,100,100,100,100,100,100
round_queries,100,300,700,1900,9100,42700,205500,1019300,5084300,25630100
round_k,0,1,3,9,45,213,1027,5096,25421,128150
round_shots,200,100,100,100,100,100,100,100,100,100
round_queries,200,300,1100,4500,20100,98500,478900,2399900,12166900,61588700
round_k,0,1,5,22,100,492,2394,11999,60834,307943
round_shots,100,100,100,100,100,100,100,100,100,100
round_queries,100,300,1100,3700,16500,76500,376500,1883300,9513300,48198100
round_k,0,1,5,18,82,382,1882,9416,47566,240990
round_shots,200,100,100,100,100,100,100,100,100
round_queries,200,300,1500,6300,28300,134100,669900,3365700,17028100
round_k,0,1,7,31,141,670,3349,16828,85140
round_shots,100,100,100,100,100,100,100,100,100,100
round_queries,100,300,1100,5100,23900,113500,562700,2819300,14166900,71783300
round_k,0,1,5,25,119,567,2813,14096,70834,358916
round_shots,100,100,100,100,100,100,100,100,100,100
round_queries,100,300,1100,5100,24100,116100,577700,2887700,14596500,74046100
round_k,0,1,5,25,120,580,2888,14438,72982,370230
round_shots,100,100,100,100,100,100,100,100,100,100
round_queries,100,300,1100,4500,21100,104100,527500,2668100,13480900,68108700
round_k,0,1,5,22,105,520,2637,13340,67404,340543
round_shots,200,100,100,100,100,100,100,100,100,100
round_queries,200,300,1100,5100,23100,112900,554100,2793900,14134700,71594900
round_k,0,1,5,25,115,564,2770,13969,70673,357974
round_shots,100,100,100,100,100,100,100,100,100,100
round_queries,100,300,1100,4700,22500,107100,537500,2708100,13681300,69286900
round_k,0,1,5,23,112,535,2687,13540,68406,346434
round_shots,100,100,100,100,100,100,100,100,100,100
round_queries,100,300,1100,4100,18300,86500,424700,2137700,10778500,54456100
round_k,0,1,5,20,91,432,2123,10688,53892,272280
round_shots,200,100,100,100,100,100,100,100,100,100
round_queries,200,300,1100,4100,17500,84700,427700,2138300,10788100,54541700
round_k,0,1,5,20,87,423,2138,10691,53940,272708
round_shots,100,100,100,100,100,100,100,100,100,100
round_queries,100,300,700,2900,12900,61900,307700,1529300,7724700,39108100
round_k,0,1,3,14,64,309,1538,7646,38623,195540
round_shots,100,100,100,100,100,100,100,100,100,100
round_queries,100,300,700,2500,11500,57100,286700,1447100,7279300,36880500
round_k,0,1,3,12,57,285,1433,7235,36396,184402
round_shots,100,100,100,100,100,100,100,100,100,100
round_queries,100,300,1100,4500,21100,101900,503900,2526100,12683900,64324100
round_k,0,1,5,22,105,509,2519,12630,63419,321620
round_shots,100,100,100,100,100,100,100,100,100,100
round_queries,100,300,1100,3100,13700,68500,339700,1709100,8664500,43854500
round_k,0,1,5,15,68,342,1698,8545,43322,219272
round_shots,100,100,100,100,100,100,100,100,100,100
round_queries,100,300,1100,4500,21900,108300,543300,2747100,13824100,69828100
round_k,0,1,5,22,109,541,2716,13735,69120,349140
round_shots,200,100,100,100,100,100,100,100,100,100
round_queries,200,300,900,4500,19900,95100,477100,2393900,12112100,61411500
round_k,0,1,4,22,99,475,2385,11969,60560,307057
round_shots,100,100,100,100,100,100,100,100,100
round_queries,100,500,1900,8900,42300,206700,1029100,5183900,26274100
round_k,0,2,9,44,211,1033,5145,25919,131370
round_shots,200,100,100,100,100,100,100,100,100,100
round_queries,200,300,700,2900,13300,66100,329500,1656500,8387300,42382300
round_k,0,1,3,14,66,330,1647,8282,41936,211911
round_shots,100,100,100,100,100,100,100,100,100,100
round_queries,100,300,700,2300,10700,49100,240500,1165700,5834700,29522900
round_k,0,1,3,11,53,245,1202,5828,29173,147614
round_shots,100,100,100,100,100,100,100,100,100,100
round_queries,100,300,1100,4900,22700,108900,535900,2668900,13360900,67752700
round_k,0,1,5,24,113,544,2679,13344,66804,338763
round_shots,100,100,100,100,100,100,100,100,100
round_queries,100,300,1500,5900,27300,129700,645100,3266500,16565300
round_k,0,1,7,29,136,648,3225,16332,82826
round_shots,100,100,100,100,100,100,100,100,100,100
round_queries,100,300,1100,5100,22900,114500,573300,2897500,14545500,73166500
round_k,0,1,5,25,114,572,2866,14487,72727,365832
round_shots,100,100,100,100,100,100,100,100,100,100
round_queries,100,300,1100,5100,22300,106300,521500,2625100,13233100,66360100
round_k,0,1,5,25,111,531,2607,13125,66165,331800
round_shots,200,100,100,100,100,100,100,100,100,100
round_queries,200,300,1500,5300,24500,117500,567900,2866100,14477500,73413500
round_k,0,1,7,26,122,587,2839,14330,72387,367067
round_shots,100,100,100,100,100,100,100,100,100,100
round_queries,100,300,1100,4100,18900,90100,446900,2250500,11353900,57436100
round_k,0,1,5,20,94,450,2234,11252,56769,287180
round_shots,200,100,100,100,100,100,100,100,100,100
round_queries,200,300,1100,4100,18100,86300,421300,2116900,10686300,53839500
round_k,0,1,5,20,90,431,2106,10584,53431,269197
round_shots,200,100,100,100,100,100,100,100,100,100
round_queries,200,300,1100,4700,21900,102500,499500,2500100,12626500,63999100
round_k,0,1,5,23,109,512,2497,12500,63132,319995
round_shots,200,100,100,100,100,100,100,100,100,100
round_queries,200,300,1100,4100,18500,85700,428500,2139700,10698300,53768300
round_k,0,1,5,20,92,428,2142,10698,53491,268841
round_shots,100,100,100,100,100,100,100,100,100,100
round_queries,100,300,900,2700,13100,65100,319700,1585300,7981100,40410900
round_k,0,1,4,13,65,325,1598,7926,39905,202054
round_shots,100,100,100,100,100,100,100,100,100,100
round_queries,100,300,700,3300,14700,73500,366100,1827900,9229100,46836500
round_k,0,1,3,16,73,367,1830,9139,46145,234182
round_shots,100,100,100,100,100,100,100,100,100,100
round_queries,100,300,700,3300,14500,70300,350300,1760100,8854700,44745500
round_k,0,1,3,16,72,351,1751,8800,44273,223727
round_shots,200,100,100,100,100,100,100,100,100,100
round_queries,200,300,1100,4700,22700,109900,543700,2730900,13748300,69097500
round_k,0,1,5,23,113,549,2718,13654,68741,345487
round_shots,200,100,100,100,100,100,100,100,100,100
round_queries,200,300,1100,4700,20900,104900,487300,2298500,11426100,57487700
round_k,0,1,5,23,104,524,2436,11492,57130,287438
round_shots,200,100,100,100,100,100,100,100,100,100
round_queries,200,300,1100,4900,22300,110500,546300,2734700,13821900,69958900
round_k,0,1,5,24,111,552,2731,13673,69109,349794
round_shots,200,100,100,100,100,100,100,100,100,100
round_queries,200,300,1100,4700,22100,105300,521700,2606100,13156500,66589300
round_k,0,1,5,23,110,526,2608,13030,65782,332946
round_shots,300,100,100,100,100,100,100,100,100,100
round_queries,300,300,700,2300,8700,40900,199900,982300,4878900,24558700
round_k,0,1,3,11,43,204,999,4911,24394,122793
round_shots,100,100,100,100,100,100,100,100,100,100
round_queries,100,300,1100,4700,20700,102300,510300,2553700,12942300,65605100
round_k,0,1,5,23,103,511,2551,12768,64711,328025
round_shots,200,100,100,100,100,100,100,100,100,100
round_queries,200,300,1100,4700,21500,101300,509700,2546100,12882900,65355500
round_k,0,1,5,23,107,506,2548,12730,64414,326777
round_shots,100,100,100,100,100,100,100,100,100,100
round_queries,100,300,1100,3900,17100,81700,413700,2082700,10546900,53217100
round_k,0,1,5,19,85,408,2068,10413,52734,266085
round_shots,100,100,100,100,100,100,100,100,100,100
round_queries,100,300,1100,4100,18300,84900,419900,2100300,10549900,53397500
round_k,0,1,5,20,91,424,2099,10501,52749,266987
round_shots,100,100,100,100,100,100,100,100,100,100
round_queries,100,300,1100,4900,22700,113700,565900,2851100,14298500,72595900
round_k,0,1,5,24,113,568,2829,14255,71492,362979
round_shots,200,100,100,100,100,100,100,100,100,100
round_queries,200,300,1100,4700,21100,103100,513700,2550700,12884300,65329100
round_k,0,1,5,23,105,515,2568,12753,64421,326645
round_shots,100,100,100,100,100,100,100,100,100,100
round_queries,100,300,1100,4100,19300,91500,454500,2279300,11429100,57952900
round_k,0,1,5,20,96,457,2272,11396,57145,289764
round_shots,200,100,100,100,100,100,100,100,100,100
round_queries,200,300,1100,4100,18900,93500,462100,2326700,11761100,59641300
round_k,0,1,5,20,94,467,2310,11633,58805,298206
round_shots,200,100,100,100,100,100,100,100,100,100
round_queries,200,300,1100,4100,18300,89900,446100,2243300,11306300,57335900
round_k,0,1,5,20,91,449,2230,11216,56531,286679
round_shots,200,100,100,100,100,100,100,100,100
round_queries,200,300,1100,5500,26300,127700,638500,3203100,16172900
round_k,0,1,5,27,131,638,3192,16015,80864
round_shots,200,100,100,100,100,100,100,100,100,100
round_queries,200,300,900,4500,20900,98500,480700,2425500,12309900,62180300
round_k,0,1,4,22,104,492,2403,12127,61549,310901
round_shots,200,100,100,100,100,100,100,100,100,100
round_queries,200,300,1100,4500,22300,102900,506300,2559300,12949700,65766300
round_k,0,1,5,22,111,514,2531,12796,64748,328831
round_shots,100,100,100,100,100,100,100,100,100,100
round_queries,100,300,1100,4100,18900,95300,476900,2398900,12067700,61253500
round_k,0,1,5,20,94,476,2384,11994,60338,306267
round_shots,100,100,100,100,100,100,100,100,100,100
round_queries,100,300,1100,3700,17700,86300,420100,2123300,10730900,54439500
round_k,0,1,5,18,88,431,2100,10616,53654,272197
round_shots,300,100,100,100,100,100,100,100,100,100
round_queries,300,300,1100,4500,21700,103500,507500,2565900,12965700,65608900
round_k,0,1,5,22,108,517,2537,12829,64828,328044
round_shots,100,100,100,100,100,100,100,100,100,100
round_queries,100,300,1100,3700,17300,84100,417300,2099100,10572100,53469700
round_k,0,1,5,18,86,420,2086,10495,52860,267348
round_shots,100,100,100,100,100,100,100,100,100,100
round_queries,100,300,1100,4500,21700,107500,543900,2751300,13929100,70608900
round_k,0,1,5,22,108,537,2719,13756,69645,353044
round_shots,300,100,100,100,100,100,100,100,100
round_queries,300,500,1900,7100,33700,168500,827300,4162700,20983100
round_k,0,2,9,35,168,842,4136,20813,104915
round_shots,100,100,100,100,100,100,100,100,100,100
round_queries,100,300,1100,4900,23100,110900,550500,2741500,13860300,70230900
round_k,0,1,5,24,115,554,2752,13707,69301,351154
round_shots,100,100,100,100,100,100,100,100,100,100
round_queries,100,300,700,2900,12500,59900,295300,1481700,7403900,37443300
round_k,0,1,3,14,62,299,1476,7408,37019,187216
round_shots,100,100,100,100,100,100,100,100,100,100
round_queries,100,300,1100,3700,16900,77700,388900,1949100,9826900,49622300
round_k,0,1,5,18,84,388,1944,9745,49134,248111
round_shots,100,100,100,100,100,100,100,100,100,100
round_queries,100,300,700,2700,12900,64300,319900,1681900,8498900,43101700
round_k,0,1,3,13,64,321,1599,8409,42494,215508
round_shots,100,100,100,100,100,100,100,100,100,100
round_queries,100,300,1100,4500,19900,92500,461900,2280500,11531100,58368300
round_k,0,1,5,22,99,462,2309,11402,57655,291841
round_shots,100,100,100,100,100,100,100,100,100
round_queries,100,300,1500,6700,29500,143700,710900,3579300,18146900
round_k,0,1,7,33,147,718,3554,17896,90734
round_shots,200,100,100,100,100,100,100,100,100,100
round_queries,200,300,1100,3100,14300,68300,333300,1656100,8354500,42334300
round_k,0,1,5,15,71,341,1666,8280,41772,211671
round_shots,100,100,100,100,100,100,100,100,100
round_queries,100,300,1500,6100,30500,152100,769100,3826500,18972300
round_k,0,1,7,30,152,760,3845,19132,94861
round_shots,100,100,100,100,100,100,100,100,100,100
round_queries,100,300,1100,4900,20900,102500,512500,2571300,12992100,65913300
round_k,0,1,5,24,104,512,2562,12856,64960,329566
round_shots,100,100,100,100,100,100,100,100,100,100
round_queries,100,300,1100,4500,20700,97500,487500,2452300,12373900,62759100
round_k,0,1,5,22,103,487,2437,12261,61869,313795
round_shots,100,100,100,100,100,100,100,100,100,100
round_queries,100,300,1100,5100,23500,111500,557100,2815900,14284900,72284700
round_k,0,1,5,25,117,557,2785,14079,71424,361423
round_shots,100,100,100,100,100,100,100,100,100
round_queries,100,300,1100,4900,24500,122500,615300,3093900,15654100
round_k,0,1,5,24,122,612,3076,15469,78270
round_shots,200,100,100,100,100,100,100,100,100,100
round_queries,200,300,1100,4500,20900,103300,511100,2554900,12891700,65212300
round_k,0,1,5,22,104,516,2555,12774,64458,326061
round_shots,200,100,100,100,100,100,100,100,100,100
round_queries,200,300,1100,4500,20500,100300,491500,2489500,12639300,63911700
round_k,0,1,5,22,102,501,2457,12447,63196,319558
round_shots,100,100,100,100,100,100,100,100,100,100
round_queries,100,300,1100,4100,18700,89500,445300,2225900,11231500,56919900
round_k,0,1,5,20,93,447,2226,11129,56157,284599
round_shots,200,100,100,100,100,100,100,100,100,100
round_queries,200,300,700,2300,9500,47500,233300,1172100,5928300,30064700
round_k,0,1,3,11,47,237,1166,5860,29641,150323
round_shots,100,100,100,100,100,100,100,100,100,100
round_queries,100,300,1100,4700,22100,110500,553700,2777500,14019500,71086500
round_k,0,1,5,23,110,552,2768,13887,70097,355432
round_shots,200,100,100,100,100,100,100,100,100,100
round_queries,200,300,700,2700,11500,53900,258300,1291900,6459300,32769500
round_k,0,1,3,13,57,269,1291,6459,32296,163847
round_shots,200,100,100,100,100,100,100,100,100,100
round_queries,200,300,1100,5300,23700,117700,582100,2869900,14499500,73357300
round_k,0,1,5,26,118,588,2910,14349,72497,366786
round_shots,200,100,100,100,100,100,100,100,100,100
round_queries,200,300,1100,3100,13500,63900,321500,1614500,8144300,41292900
round_k,0,1,5,15,67,319,1607,8072,40721,206464
round_shots,200,100,100,100,100,100,100,100,100,100
round_queries,200,300,1100,4900,22300,104900,494500,2464500,12447700,63092900
round_k,0,1,5,24,111,524,2472,12322,62238,315464
round_shots,100,100,100,100,100,100,100,100,100,100
round_queries,100,300,1100,5100,22900,111700,555900,2815100,14215300,71807700
round_k,0,1,5,25,114,558,2779,14075,71076,359038
round_shots,100,100,100,100,100,100,100,100,100,100
round_queries,100,300,700,3300,14100,67100,327500,1650900,8251700,41723100
round_k,0,1,3,16,70,335,1637,8254,41258,208615
round_shots,200,100,100,100,100,100,100,100,100,100
round_queries,200,300,1100,4100,17900,83500,415900,2082100,10478300,52969100
round_k,0,1,5,20,89,417,2079,10410,52391,264845
round_shots,200,100,100,100,100,100,100,100,100,100
round_queries,200,300,1100,4100,18900,92100,451100,2288100,11534500,58453300
round_k,0,1,5,20,94,460,2255,11440,57672,292266
round_shots,200,100,100,100,100,100,100,100,100,100
round_queries,200,300,700,2300,10700,52100,252100,1243700,6278300,31662300
round_k,0,1,3,11,53,260,1260,6218,31391,158311
round_shots,200,200,100,100,100,100,100,100,100,100
round_queries,200,600,900,3500,15300,70300,342500,1701300,8577300,43441700
round_k,0,1,4,17,76,351,1712,8506,42886,217208
round_shots,100,100,100,100,100,100,100,100,100,100
round_queries,100,300,1100,4900,23100,111300,547300,2754700,13896100,70248900
round_k,0,1,5,24,115,556,2736,13773,69480,351244
round_shots,100,100,100,100,100,100,100,100,100
round_queries,100,300,1100,5100,24700,124500,620300,3130900,15842100
round_k,0,1,5,25,123,622,3101,15654,79210
round_shots,100,100,100,100,100,100,100,100,100,100
round_queries,100,300,1100,3100,13700,62700,306300,1554700,7817500,39484900
round_k,0,1,5,15,68,313,1531,7773,39087,197424
round_shots,200,100,100,100,100,100,100,100,100,100
round_queries,200,300,1100,3700,16500,77500,377900,1898500,9570300,48415300
round_k,0,1,5,18,82,387,1889,9492,47851,242076
round_shots,100,100,100,100,100,100,100,100,100,100
round_queries,100,300,1100,3900,17900,85100,419100,2088300,10586500,53645900
round_k,0,1,5,19,89,425,2095,10441,52932,268229
round_shots,200,100,100,100,100,100,100,100,100,100
round_queries,200,300,1100,4900,23100,110700,558900,2816100,14177700,71230700
round_k,0,1,5,24,115,553,2794,14080,70888,356153
round_shots,200,100,100,100,100,100,100,100,100
round_queries,200,500,1500,5900,25700,123300,616900,3102300,15595100
round_k,0,2,7,29,128,616,3084,15511,77975
round_shots,100,100,100,100,100,100,100,100,100,100
round_queries,100,300,1100,3700,17300,84700,424500,2128500,10688900,54048300
round_k,0,1,5,18,86,423,2122,10642,53444,270241
round_shots,100,100,100,100,100,100,100,100,100,100
round_queries,100,300,1100,4700,21300,102700,484900,2420300,12241500,62169500
round_k,0,1,5,23,106,513,2424,12101,61207,310847
round_shots,100,100,100,100,100,100,100,100,100,100
round_queries,100,300,1100,4900,23700,112700,562700,2836100,14332100,72313300
round_k,0,1,5,24,118,563,2813,14180,71660,361566
round_shots,100,100,100,100,100,100,100,100,100,100
round_queries,100,300,1100,3700,15500,75900,379300,1922300,9697700,49210500
round_k,0,1,5,18,77,379,1896,9611,48488,246052
round_shots,200,100,100,100,100,100,100,100,100
round_queries,200,300,1500,6700,32700,158900,786100,3984700,20083500
round_k,0,1,7,33,163,794,3930,19923,100417
round_shots,200,100,100,100,100,100,100,100,100,100
round_queries,200,300,1100,5100,22700,108100,528300,2638500,13330500,67364300
round_k,0,1,5,25,113,540,2641,13192,66652,336821
round_shots,100,100,100,100,100,100,100,100,100,100
round_queries,100,300,1100,3700,16900,84900,427500,2122700,10558900,53571300
round_k,0,1,5,18,84,424,2137,10613,52794,267856
round_shots,100,100,100,100,100,100,100,100,100,100
round_queries,100,300,700,2300,9300,42300,209100,1040700,5250500,26481300
round_k,0,1,3,11,46,211,1045,5203,26252,132406
round_shots,100,100,100,100,100,100,100,100,100,100
round_queries,100,300,1100,4900,23100,108100,546300,2754900,13926700,70620100
round_k,0,1,5,24,115,540,2731,13774,69633,353100
round_shots,200,100,100,100,100,100,100,100,100,100
round_queries,200,300,1100,4500,19500,91900,456700,2291500,11637100,59023100
round_k,0,1,5,22,97,459,2283,11457,58185,295115
round_shots,100,100,100,100,100,100,100,100,100,100
round_queries,100,300,1100,5100,24700,119100,589900,2982900,15058500,76395700
round_k,0,1,5,25,123,595,2949,14914,75292,381978
round_shots,100,100,100,100,100,100,100,100,100,100
round_queries,100,300,1100,5100,24100,117500,592100,2967300,14886900,75321700
round_k,0,1,5,25,120,587,2960,14836,74434,376608
round_shots,200,100,100,100,100,100,100,100,100,100
round_queries,200,300,1100,3500,15100,71900,357700,1798300,9089100,46125500
round_k,0,1,5,17,75,359,1788,8991,45445,230627
round_shots,100,100,100,100,100,100,100,100,100,100
round_queries,100,300,1100,4500,22500,104700,523500,2614100,13076500,66340300
round_k,0,1,5,22,112,523,2617,13070,65382,331701
round_shots,200,100,100,100,100,100,100,100,100,100
round_queries,200,300,1100,4900,23500,113700,563700,2849300,14436100,72592100
round_k,0,1,5,24,117,568,2818,14246,72180,362960
round_shots,100,100,100,100,100,100,100,100,100,100
round_queries,100,300,1500,4900,24100,112700,558700,2807900,14144300,71558700
round_k,0,1,7,24,120,563,2793,14039,70721,357793
round_shots,200,100,100,100,100,100,100,100,100,100
round_queries,200,300,1100,3700,16900,82500,405300,2007700,10105300,51159900
round_k,0,1,5,18,84,412,2026,10038,50526,255799
round_shots,200,100,100,100,100,100,100,100,100,100
round_queries,200,300,700,1900,8100,37500,180900,912500,4562100,23146100
round_k,0,1,3,9,40,187,904,4562,22810,115730
round_shots,200,100,100,100,100,100,100,100,100,100
round_queries,200,300,1100,4100,19300,94500,478500,2395100,11989100,60745900
round_k,0,1,5,20,96,472,2392,11975,59945,303729
round_shots,100,100,100,100,100,100,100,100,100,100
round_queries,100,300,1100,4100,17500,84500,417700,2082900,10550100,53465700
round_k,0,1,5,20,87,422,2088,10414,52750,267328
round_shots,200,100,100,100,100,100,100,100,100,100
round_queries,200,300,700,2500,11500,53300,263900,1335900,6716300,33972500
round_k,0,1,3,12,57,266,1319,6679,33581,169862
round_shots,200,100,100,100,100,100,100,100,100
round_queries,200,300,1500,6300,29900,145700,731700,3686300,18518500
round_k,0,1,7,31,149,728,3658,18431,92592
round_shots,100,100,100,100,100,100,100,100,100,100
round_queries,100,300,1100,5100,23700,112100,551100,2751100,13857900,70268100
round_k,0,1,5,25,118,560,2755,13755,69289,351340
round_shots,200,100,100,100,100,100,100,100,100,100
round_queries,200,300,1100,5100,22700,110700,549300,2778500,13937900,70536900
round_k,0,1,5,25,113,553,2746,13892,69689,352684
round_shots,100,100,100,100,100,100,100,100,100,100
round_queries,100,300,700,1900,8100,39300,189700,949300,4748900,23883100
round_k,0,1,3,9,40,196,948,4746,23744,119415
round_shots,200,100,100,100,100,100,100,100,100,100
round_queries,200,300,1100,4900,22100,102700,485500,2423900,12247500,62054700
round_k,0,1,5,24,110,513,2427,12119,61237,310273
round_shots,200,100,100,100,100,100,100,100,100
round_queries,200,300,1500,6700,31300,156300,774100,3906500,19749700
round_k,0,1,7,33,156,781,3870,19532,98748
round_shots,100,100,100,100,100,100,100,100,100,100
round_queries,100,300,1100,5500,25100,122300,607900,3045500,15344500,77494100
round_k,0,1,5,27,125,611,3039,15227,76722,387470
round_shots,200,100,100,100,100,100,100,100,100,100
round_queries,200,300,700,3500,16500,78500,387300,1954300,9899100,50088900
round_k,0,1,3,17,82,392,1936,9771,49495,250444
round_shots,200,100,100,100,100,100,100,100,100,100
round_queries,200,300,700,2300,10900,51500,251300,1265500,6336100,32094700
round_k,0,1,3,11,54,257,1256,6327,31680,160473
round_shots,200,100,100,100,100,100,100,100,100,100
round_queries,200,300,700,2900,12300,58100,278500,1404700,7098700,35834500
round_k,0,1,3,14,61,290,1392,7023,35493,179172
round_shots,200,100,100,100,100,100,100,100,100,100
round_queries,200,300,1100,3500,16700,80500,397300,1983900,10039100,50957300
round_k,0,1,5,17,83,402,1986,9919,50195,254786
round_shots,200,100,100,100,100,100,100,100,100
round_queries,200,500,1900,7900,39300,191300,966500,4864900,24564300
round_k,0,2,9,39,196,956,4832,24324,122821
round_shots,200,200,100,100,100,100,100,100,100,100
round_queries,200,600,1100,5300,24700,119300,594300,2941300,14928500,75433100
round_k,0,1,5,26,123,596,2971,14706,74642,377165
round_shots,200,100,100,100,100,100,100,100,100
round_queries,200,700,3500,16500,80700,403500,2033700,10260100,51821900
round_k,0,3,17,82,403,2017,10168,51300,259109
round_shots,100,100,100,100,100,100,100,100,100,100
round_queries,100,300,1100,3700,16700,78500,380900,1924300,9705500,49111100
round_k,0,1,5,18,83,392,1904,9621,48527,245555
round_shots,100,100,100,100,100,100,100,100,100,100
round_queries,100,300,1100,3100,12900,60900,299100,1503900,7571100,38395900
round_k,0,1,5,15,64,304,1495,7519,37855,191979
round_shots,100,100,100,100,100,100,100,100,100,100
round_queries,100,300,700,2900,13900,69100,336900,1682700,8501300,42692900
round_k,0,1,3,14,69,345,1684,8413,42506,213464
round_shots,200,100,100,100,100,100,100,100,100,100
round_queries,200,300,700,2900,11900,58100,288500,1449300,7335100,37205900
round_k,0,1,3,14,59,290,1442,7246,36675,186029
round_shots,200,100,100,100,100,100,100,100,100,100
round_queries,200,300,700,2900,13300,61500,299500,1512500,7644700,38533700
round_k,0,1,3,14,66,307,1497,7562,38223,192668
round_shots,100,100,100,100,100,100,100,100,100,100
round_queries,100,300,1100,3700,16700,81900,409700,2057900,10289700,52109300
round_k,0,1,5,18,83,409,2048,10289,51448,260546
round_shots,200,100,100,100,100,100,100,100,100,100
round_queries,200,300,1100,4500,21300,101100,510700,2571500,12959700,65623100
round_k,0,1,5,22,106,505,2553,12857,64798,328115
round_shots,200,100,100,100,100,100,100,100,100,100
round_queries,200,300,900,4500,20900,99500,486700,2458500,12391500,62841900
round_k,0,1,4,22,104,497,2433,12292,61957,314209
round_shots,100,100,100,100,100,100,100,100,100,100
round_queries,100,300,700,2900,13700,67500,334100,1673900,8450700,42805100
round_k,0,1,3,14,68,337,1670,8369,42253,214025
round_shots,100,100,100,100,100,100,100,100,100,100
round_queries,100,300,1100,3700,16700,80300,398300,1994700,10082900,51053100
round_k,0,1,5,18,83,401,1991,9973,50414,255265
round_shots,200,100,100,100,100,100,100,100,100,100
round_queries,200,300,1100,4100,19300,94100,467500,2352100,11887700,60242100
round_k,0,1,5,20,96,470,2337,11760,59438,301210
round_shots,200,100,100,100,100,100,100,100,100
round_queries,200,500,1500,5900,27500,131100,646700,3253900,16340500
round_k,0,2,7,29,137,655,3233,16269,81702
round_shots,200,100,100,100,100,100,100,100,100,100
round_queries,200,300,1100,4900,21100,105500,524100,2615300,13155100,66580300
round_k,0,1,5,24,105,527,2620,13076,65775,332901
round_shots,100,100,100,100,100,100,100,100,100,100
round_queries,100,300,1100,4100,20500,101500,487700,2453300,12409100,62836300
round_k,0,1,5,20,102,507,2438,12266,62045,314181
round_shots,200,100,100,100,100,100,100,100,100,100
round_queries,200,300,1100,3700,16900,82500,405900,2039100,10271100,51589900
round_k,0,1,5,18,84,412,2029,10195,51355,257949
round_shots,100,100,100,100,100,100,100,100,100,100
round_queries,100,300,1100,4100,19500,97500,478100,2277700,11361100,57670300
round_k,0,1,5,20,97,487,2390,11388,56805,288351
round_shots,200,100,100,100,100,100,100,100,100,100
round_queries,200,300,1100,5100,22700,107500,536900,2711900,13638700,69140700
round_k,0,1,5,25,113,537,2684,13559,68193,345703
round_shots,100,100,100,100,100,100,100,100,100,100
round_queries,100,300,1100,4900,24300,115300,569300,2864900,14478900,73350700
round_k,0,1,5,24,121,576,2846,14324,72394,366753
round_shots,100,100,100,100,100,100,100,100,100,100
round_queries,100,300,1100,4100,19300,94900,462900,2340100,11843700,60105900
round_k,0,1,5,20,96,474,2314,11700,59218,300529
round_shots,100,100,100,100,100,100,100,100,100,100
round_queries,100,300,1100,3700,16100,77500,381700,1925700,9711100,49267500
round_k,0,1,5,18,80,387,1908,9628,48555,246337
round_shots,100,100,100,100,100,100,100,100,100,100
round_queries,100,300,1100,4100,18500,85900,427500,2169300,10949100,55241100
round_k,0,1,5,20,92,429,2137,10846,54745,276205
round_shots,100,100,100,100,100,100,100,100,100,100
round_queries,100,300,1100,5100,23300,110700,551100,2782900,14014300,70904700
round_k,0,1,5,25,116,553,2755,13914,70071,354523
round_shots,100,100,100,100,100,100,100,100,100,100
round_queries,100,300,1100,4100,19900,98100,484900,2402300,12129300,61461500
round_k,0,1,5,20,99,490,2424,12011,60646,307307
round_shots,200,100,100,100,100,100,100,100,100,100
round_queries,200,300,1500,5500,24900,119300,600300,3003900,15058900,76245100
round_k,0,1,7,27,124,596,3001,15019,75294,381225
round_shots,200,100,100,100,100,100,100,100,100
round_queries,200,300,1500,5700,26500,123700,618900,3131900,15825300
round_k,0,1,7,28,132,618,3094,15659,79126
round_shots,100,100,100,100,100,100,100,100,100,100
round_queries,100,300,700,2300,9900,46300,226500,1133300,5701300,28841300
round_k,0,1,3,11,49,231,1132,5666,28506,144206
round_shots,200,100,100,100,100,100,100,100,100,100
round_queries,200,300,1100,4700,20700,100300,504500,2522500,12764500,64486700
round_k,0,1,5,23,103,501,2522,12612,63822,322433
round_shots,200,200,100,100,100,100,100,100,100,100
round_queries,200,600,1100,4900,22500,108100,512300,2510700,12668500,64256300
round_k,0,1,5,24,112,540,2561,12553,63342,321281
round_shots,100,100,100,100,100,100,100,100,100,100
round_queries,100,300,1100,4100,19100,94500,471300,2380900,12033300,60943300
round_k,0,1,5,20,95,472,2356,11904,60166,304716
round_shots,100,100,100,100,100,100,100,100,100,100
round_queries,100,300,1100,4900,21100,102100,508500,2576500,13025700,65920900
round_k,0,1,5,24,105,510,2542,12882,65128,329604
round_shots,100,100,100,100,100,100,100,100,100,100
round_queries,100,300,1100,5100,24900,115700,571700,2863900,14419500,72030100
round_k,0,1,5,25,124,578,2858,14319,72097,360150
round_shots,100,100,100,100,100,100,100,100,100,100
round_queries,100,300,1500,5300,24500,122500,607700,3057900,15395900,77614300
round_k,0,1,7,26,122,612,3038,15289,76979,388071
round_shots,200,100,100,100,100,100,100,100,100,100
round_queries,200,300,1100,4100,19700,92500,460900,2221900,11135500,55768900
round_k,0,1,5,20,98,462,2304,11109,55677,278844
round_shots,100,100,100,100,100,100,100,100,100,100
round_queries,100,300,700,2900,13300,61500,300100,1500500,7581500,38321700
round_k,0,1,3,14,66,307,1500,7502,37907,191608
round_shots,100,100,100,100,100,100,100,100,100,100
round_queries,100,300,1100,4100,19100,93500,436100,2158900,10762300,54463100
round_k,0,1,5,20,95,467,2180,10794,53811,272315
round_shots,100,100,100,100,100,100,100,100,100,100
round_queries,100,300,1100,5100,23700,113100,563500,2839300,14377500,72774900
round_k,0,1,5,25,118,565,2817,14196,71887,363874
round_shots,100,100,100,100,100,100,100,100,100,100
round_queries,100,300,1100,4100,17900,85100,399300,1904100,9448700,47843700
round_k,0,1,5,20,89,425,1996,9520,47243,239218
round_shots,200,100,100,100,100,100,100,100,100
round_queries,200,500,1500,6300,29300,140500,692500,3465700,17498700
round_k,0,2,7,31,146,702,3462,17328,87493
round_shots,100,100,100,100,100,100,100,100,100,100
round_queries,100,300,1100,5500,25100,122500,611100,3078500,15534300,78221700
round_k,0,1,5,27,125,612,3055,15392,77671,391108
round_shots,200,100,100,100,100,100,100,100,100,100
round_queries,200,300,700,2900,13500,63900,314900,1579700,7970700,40192300
round_k,0,1,3,14,67,319,1574,7898,39853,200961
round_shots,200,100,100,100,100,100,100,100,100
round_queries,200,500,1900,8300,38500,188500,948700,4740700,23829100
round_k,0,2,9,41,192,942,4743,23703,119145
round_shots,100,100,100,100,100,100,100,100,100,100
round_queries,100,300,1100,4500,21300,107900,545100,2734700,13704700,69358300
round_k,0,1,5,22,106,539,2725,13673,68523,346791
round_shots,100,100,100,100,100,100,100,100,100,100
round_queries,100,300,700,2300,10100,47300,234300,1165300,5904300,29569900
round_k,0,1,3,11,50,236,1171,5826,29521,147849
round_shots,200,100,100,100,100,100,100,100,100,100
round_queries,200,300,1100,5100,22900,111700,563500,2843500,14374500,72756700
round_k,0,1,5,25,114,558,2817,14217,71872,363783
round_shots,200,100,100,100,100,100,100,100,100
round_queries,200,500,1500,5900,28100,134100,679700,3425100,17202900
round_k,0,2,7,29,140,670,3398,17125,86014
round_shots,200,100,100,100,100,100,100,100,100,100
round_queries,200,300,1100,4700,22300,111700,556100,2786100,14082100,71451500
round_k,0,1,5,23,111,558,2780,13930,70410,357257
round_shots,200,100,100,100,100,100,100,100,100,100
round_queries,200,300,1100,4500,21700,102100,495100,2493700,12589700,63927500
round_k,0,1,5,22,108,510,2475,12468,62948,319637
round_shots,200,100,100,100,100,100,100,100,100,100
round_queries,200,300,1100,4500,20900,103900,510100,2542700,12844100,65167700
round_k,0,1,5,22,104,519,2550,12713,64220,325838
round_shots,200,100,100,100,100,100,100,100,100,100
round_queries,200,300,1100,4900,22900,111300,556100,2769900,14014300,70958300
round_k,0,1,5,24,114,556,2780,13849,70071,354791
round_shots,200,100,100,100,100,100,100,100,100,100
round_queries,200,300,700,2900,13500,65700,321900,1615700,8187500,41493500
round_k,0,1,3,14,67,328,1609,8078,40937,207467
round_shots,200,100,100,100,100,100,100,100,100,100
round_queries,200,300,700,1900,7500,35500,169300,852100,4287100,21639100
round_k,0,1,3,9,37,177,846,4260,21435,108195
round_shots,200,100,100,100,100,100,100,100,100,100
round_queries,200,300,1100,3700,16900,78300,397300,1991100,12097500,61122300
round_k,0,1,5,18,84,391,1986,9955,60487,305611
round_shots,100,100,100,100,100,100,100,100,100,100
round_queries,100,300,1100,4100,17100,85500,405700,1962300,9647700,48785900
round_k,0,1,5,20,85,427,2028,9811,48238,243929
round_shots,200,100,100,100,100,100,100,100,100,100
round_queries,200,300,1100,3700,16500,82300,407100,2076500,10405700,52792700
round_k,0,1,5,18,82,411,2035,10382,52028,263963
round_shots,200,100,100,100,100,100,100,100,100,100
round_queries,200,300,1100,4100,19100,94300,475300,2367700,11960100,60570100
round_k,0,1,5,20,95,471,2376,11838,59800,302850
round_shots,100,200,100,100,100,100,100,100,100
round_queries,100,600,1900,9100,44300,214500,1070100,5381500,27203100
round_k,0,1,9,45,221,1072,5350,26907,136015
round_shots,100,100,100,100,100,100,100,100,100,100
round_queries,100,300,1100,4300,20700,103500,515700,2596300,13024100,65993300
round_k,0,1,5,21,103,517,2578,12981,65120,329966
round_shots,200,100,100,100,100,100,100,100,100,100
round_queries,200,300,1500,4900,23300,111100,553500,2791100,13931700,70687300
round_k,0,1,7,24,116,555,2767,13955,69658,353436
round_shots,200,100,100,100,100,100,100,100,100
round_queries,200,500,1900,8300,37700,183700,921900,4640700,23460500
round_k,0,2,9,41,188,918,4609,23203,117302
round_shots,100,100,100,100,100,100,100,100,100,100
round_queries,100,300,700,1900,8100,37700,181300,915300,4622100,23283700
round_k,0,1,3,9,40,188,906,4576,23110,116418
round_shots,300,100,100,100,100,100,100,100,100
round_queries,300,500,1500,7500,34900,171100,860300,4360700,22012500
round_k,0,2,7,37,174,855,4301,21803,110062
round_shots,100,100,100,100,100,100,100,100,100,100
round_queries,100,300,700,1900,8900,40700,202300,994500,4987500,25262300
round_k,0,1,3,9,44,203,1011,4972,24937,126311
round_shots,100,100,100,100,100,100,100,100,100,100
round_queries,100,300,700,2300,10300,50300,250900,1261100,6346500,32075900
round_k,0,1,3,11,51,251,1254,6305,31732,160379
round_shots,100,100,100,100,100,100,100,100,100,100
round_queries,100,300,1100,4500,22100,107100,517500,2583500,13047100,66156300
round_k,0,1,5,22,110,535,2587,12917,65235,330781
round_shots,200,100,100,100,100,100,100,100,100
round_queries,200,500,2500,10900,54500,270900,1368300,6905100,35037500
round_k,0,2,12,54,272,1354,6841,34525,175187
round_shots,100,100,100,100,100,100,100,100,100,100
round_queries,100,300,1100,4700,21900,107900,534500,2701700,13665500,68839500
round_k,0,1,5,23,109,539,2672,13508,68327,344197
round_shots,100,100,100,100,100,100,100,100,100,100
round_queries,100,300,1100,4100,18100,88300,433300,2158700,10926300,55284700
round_k,0,1,5,20,90,441,2166,10793,54631,276423
round_shots,200,100,100,100,100,100,100,100,100,100
round_queries,200,300,1100,4900,21900,104700,519500,2568100,12991500,65882900
round_k,0,1,5,24,109,523,2597,12840,64957,329414
round_shots,100,100,100,100,100,100,100,100,100,100
round_queries,100,300,1100,3100,14300,71500,352900,1760100,8861100,44938300
round_k,0,1,5,15,71,357,1764,8800,44305,224691
round_shots,200,100,100,100,100,100,100,100,100,100
round_queries,200,300,700,2300,10900,54500,270100,1350500,6823300,34541300
round_k,0,1,3,11,54,272,1350,6752,34116,172706
round_shots,100,100,100,100,100,100,100,100,100
round_queries,100,300,1500,7100,34100,172100,851300,4250300,21399900
round_k,0,1,7,35,170,860,4256,21251,106999
round_shots,200,100,100,100,100,100,100,100,100,100
round_queries,200,300,700,2500,10700,49100,236700,1180900,5950700,30048500
round_k,0,1,3,12,53,245,1183,5904,29753,150242
round_shots,200,100,100,100,100,100,100,100,100
round_queries,200,300,1100,5100,25500,123500,617300,3102300,15654500
round_k,0,1,5,25,127,617,3086,15511,78272
round_shots,200,100,100,100,100,100,100,100,100
round_queries,200,700,2900,12900,64100,313100,1564500,7885500,39843700
round_k,0,3,14,64,320,1565,7822,39427,199218
round_shots,200,100,100,100,100,100,100,100,100,100
round_queries,200,300,1100,3700,18300,84100,419500,2100700,10650500,53896300
round_k,0,1,5,18,91,420,2097,10503,53252,269481
round_shots,100,100,100,100,100,100,100,100,100,100
round_queries,100,300,1100,4100,18100,90300,445500,2230500,11178500,56626500
round_k,0,1,5,20,90,451,2227,11152,55892,283132
round_shots,200,100,100,100,100,100,100,100,100,100
round_queries,200,300,1100,3700,16900,78700,388500,1953700,9862700,49901900
round_k,0,1,5,18,84,393,1942,9768,49313,249509
round_shots,200,100,100,100,100,100,100,100,100,100
round_queries,200,300,700,2900,13700,68100,334300,1675700,8499100,43023100
round_k,0,1,3,14,68,340,1671,8378,42495,215115
round_shots,200,100,100,100,100,100,100,100,100,100
round_queries,200,300,700,2300,10500,50100,244900,1226100,6223500,31482700
round_k,0,1,3,11,52,250,1224,6130,31117,157413
round_shots,200,100,100,100,100,100,100,100,100
round_queries,200,300,1500,6300,28300,134700,673300,3391700,17137900
round_k,0,1,7,31,141,673,3366,16958,85689
round_shots,200,100,100,100,100,100,100,100,100,100
round_queries,200,300,1100,3700,17100,85100,420300,2095300,10365300,51845500
round_k,0,1,5,18,85,425,2101,10476,51826,259227
round_shots,100,100,100,100,100,100,100,100,100
round_queries,100,300,1500,5900,27700,133500,666500,3375700,17109100
round_k,0,1,7,29,138,667,3332,16878,85545
round_shots,100,100,100,100,100,100,100,100,100,100
round_queries,100,300,1100,4500,21700,106900,534100,2655100,13436900,68166300
round_k,0,1,5,22,108,534,2670,13275,67184,340831
round_shots,100,100,100,100,100,100,100,100,100,100
round_queries,100,300,700,3300,14100,66900,333300,1652300,8350500,42178500
round_k,0,1,3,16,70,334,1666,8261,41752,210892
round_shots,300,100,100,100,100,100,100,100,100,100
round_queries,300,300,1100,4100,19100,90900,446700,2223900,11254700,57103100
round_k,0,1,5,20,95,454,2233,11119,56273,285515
round_shots,100,100,100,100,100,100,100,100,100
round_queries,100,300,1500,6700,32300,153500,753900,3802900,19114900
round_k,0,1,7,33,161,767,3769,19014,95574
round_shots,200,100,100,100,100,100,100,100,100,100
round_queries,200,300,1100,3700,15300,70300,351100,1770700,8989100,45566500
round_k,0,1,5,18,76,351,1755,8853,44945,227832
round_shots,100,100,100,100,100,100,100,100,100,100
round_queries,100,300,1100,4500,20900,104500,515100,2566300,12937100,65283500
round_k,0,1,5,22,104,522,2575,12831,64685,326417
round_shots,200,100,100,100,100,100,100,100,100,100
round_queries,200,300,1100,4100,19300,96300,483100,2411100,12164500,61774100
round_k,0,1,5,20,96,481,2415,12055,60822,308870
round_shots,100,200,100,100,100,100,100,100,100
round_queries,100,600,1900,8900,41700,209100,1045500,5279100,26741700
round_k,0,1,9,44,208,1045,5227,26395,133708
round_shots,100,100,100,100,100,100,100,100,100
round_queries,100,300,1500,5900,26700,126100,633500,3214300,16224900
round_k,0,1,7,29,133,630,3167,16071,81124
round_shots,100,100,100,100,100,100,100,100,100,100
round_queries,100,300,700,3100,14100,69500,346900,1741700,8783500,44539700
round_k,0,1,3,15,70,347,1734,8708,43917,222698
round_shots,200,100,100,100,100,100,100,100,100,100
round_queries,200,300,700,3300,14900,69700,342500,1715100,8651100,43686300
round_k,0,1,3,16,74,348,1712,8575,43255,218431
round_shots,100,100,100,100,100,100,100,100,100
round_queries,100,300,1500,6300,29700,149300,742700,3740900,18887700
round_k,0,1,7,31,148,746,3713,18704,94438
round_shots,100,200,100,100,100,100,100,100,100,100
round_queries,100,600,900,4500,21300,105100,511100,2578700,13024300,65929900
round_k,0,1,4,22,106,525,2555,12893,65121,329649
round_shots,200,100,100,100,100,100,100,100,100,100
round_queries,200,300,1100,4100,19500,95300,457100,2267900,11369900,57613700
round_k,0,1,5,20,97,476,2285,11339,56849,288068
round_shots,100,100,100,100,100,100,100,100,100,100
round_queries,100,300,1100,4100,18300,91500,449100,2272300,11372900,57636900
round_k,0,1,5,20,91,457,2245,11361,56864,288184
round_shots,100,100,100,100,100,100,100,100,100
round_queries,100,500,2300,10100,50100,242500,1213900,6122300,30872700
round_k,0,2,11,50,250,1212,6069,30611,154363
round_shots,200,100,100,100,100,100,100,100,100,100
round_queries,200,300,700,3300,14100,67300,335100,1692300,8547500,43182100
round_k,0,1,3,16,70,336,1675,8461,42737,215910
round_shots,100,100,100,100,100,100,100,100,100,100
round_queries,100,300,1100,5100,24700,121100,589900,2958100,14825900,75250100
round_k,0,1,5,25,123,605,2949,14790,74129,376250
round_shots,100,100,100,100,100,100,100,100,100,100
round_queries,100,300,1100,4700,21900,106700,533900,2694100,13581300,68749300
round_k,0,1,5,23,109,533,2669,13470,67906,343746
round_shots,200,100,100,100,100,100,100,100,100,100
round_queries,200,300,1100,4100,18100,84100,420900,2121500,10756100,54561500
round_k,0,1,5,20,90,420,2104,10607,53780,272807
round_shots,100,100,100,100,100,100,100,100,100,100
round_queries,100,300,1100,4500,21500,105900,527500,2655100,13408500,67973700
round_k,0,1,5,22,107,529,2637,13275,67042,339868
round_shots,300,100,100,100,100,100,100,100,100,100
round_queries,300,300,700,2900,12700,60100,290300,1468700,7408100,37545500
round_k,0,1,3,14,63,300,1451,7343,37040,187727
round_shots,200,100,100,100,100,100,100,100,100,100
round_queries,200,300,1100,4500,19900,92700,456900,2306500,11634100,59050900
round_k,0,1,5,22,99,463,2284,11532,58170,295254
round_shots,200,100,100,100,100,100,100,100,100,100
round_queries,200,300,1100,4500,20500,99500,496500,2489500,12590100,63367500
round_k,0,1,5,22,102,497,2482,12447,62950,316837
round_shots,100,100,100,100,100,100,100,100,100,100
round_queries,100,300,700,2300,10700,51900,257100,1294100,6541500,32842300
round_k,0,1,3,11,53,259,1285,6470,32707,164211
round_shots,100,100,100,100,100,100,100,100,100,100
round_queries,100,300,1100,4900,21300,103100,519900,2630500,13204900,66324900
round_k,0,1,5,24,106,515,2599,13152,66024,331624
round_shots,200,100,100,100,100,100,100,100,100,100
round_queries,200,300,1100,3700,16700,81300,402900,1994700,10077700,50566700
round_k,0,1,5,18,83,406,2014,9973,50388,252833
round_shots,200,100,100,100,100,100,100,100,100,100
round_queries,200,300,1100,4100,19100,92500,466900,2346300,11791300,59388500
round_k,0,1,5,20,95,462,2334,11731,58956,296942
round_shots,200,100,100,100,100,100,100,100,100,100
round_queries,200,300,700,2900,14300,67500,322700,1624100,8213900,41536300
round_k,0,1,3,14,71,337,1613,8120,41069,207681
round_shots,200,100,100,100,100,100,100,100,100,100
round_queries,200,300,1100,5100,24900,116500,576700,2886500,14597700,73864500
round_k,0,1,5,25,124,582,2883,14432,72988,369322
round_shots,100,100,100,100,100,100,100,100,100,100
round_queries,100,300,700,1900,8700,40300,199700,987100,4977700,24641300
round_k,0,1,3,9,43,201,998,4935,24888,123206
round_shots,100,100,100,100,100,100,100,100,100,100
round_queries,100,300,1100,3500,16100,79500,395500,1988100,10018900,50886100
round_k,0,1,5,17,80,397,1977,9940,50094,254430
round_shots,200,100,100,100,100,100,100,100,100,100
round_queries,200,300,1100,5500,25300,119300,584300,2940900,14857700,75271100
round_k,0,1,5,27,126,596,2921,14704,74288,376355
round_shots,100,100,100,100,100,100,100,100,100,100
round_queries,100,300,700,2700,11700,56300,280100,1414700,7124300,36114300
round_k,0,1,3,13,58,281,1400,7073,35621,180571
round_shots,200,100,100,100,100,100,100,100,100,100
round_queries,200,300,900,2700,12100,60700,292700,1478100,7443300,37776700
round_k,0,1,4,13,60,303,1463,7390,37216,188883
round_shots,300,100,100,100,100,100,100,100,100,100
round_queries,300,300,1100,4500,21300,105300,522100,2598700,13101700,66384100
round_k,0,1,5,22,106,526,2610,12993,65508,331920
round_shots,200,100,100,100,100,100,100,100,100,100
round_queries,200,300,700,2300,10100,46300,226300,1117900,5607700,28388700
round_k,0,1,3,11,50,231,1131,5589,28038,141943
round_shots,100,100,100,100,100,100,100,100,100,100
round_queries,100,300,1100,4100,17700,84900,419100,2087700,10559500,53060700
round_k,0,1,5,20,88,424,2095,10438,52797,265303
round_shots,100,100,100,100,100,100,100,100,100,100
round_queries,100,300,700,2300,10100,47500,235900,1184500,5978900,30283900
round_k,0,1,3,11,50,237,1179,5922,29894,151419
round_shots,100,100,100,100,100,100,100,100,100,100
round_queries,100,300,1100,4100,18900,93300,467900,2359500,11950300,60658700
round_k,0,1,5,20,94,466,2339,11797,59751,303293
round_shots,100,100,100,100,100,100,100,100,100,100
round_queries,100,300,700,3100,12900,63900,316500,1560700,7881300,39781300
round_k,0,1,3,15,64,319,1582,7803,39406,198906
round_shots,100,100,100,100,100,100,100,100,100,100
round_queries,100,300,700,2300,10500,47500,237100,1183700,5975300,30255100
round_k,0,1,3,11,52,237,1185,5918,29876,151275
round_shots,200,100,100,100,100,100,100,100,100
round_queries,200,300,1500,5700,26100,126500,626300,3166900,16014100
round_k,0,1,7,28,130,632,3131,15834,80070
round_shots,200,100,100,100,100,100,100,100,100,100
round_queries,200,300,1100,4900,22300,107700,531700,2659100,13422100,67870300
round_k,0,1,5,24,111,538,2658,13295,67110,339351
round_shots,100,100,100,100,100,100,100,100,100,100
round_queries,100,300,1100,5100,22500,106900,530100,2679700,13447500,68219300
round_k,0,1,5,25,112,534,2650,13398,67237,341096
round_shots,200,100,100,100,100,100,100,100,100,100
round_queries,200,300,700,2900,13300,63100,304700,1519100,7693900,38764300
round_k,0,1,3,14,66,315,1523,7595,38469,193821
round_shots,200,100,100,100,100,100,100,100,100
round_queries,200,500,1900,7900,37900,181100,900500,4486500,22750700
round_k,0,2,9,39,189,905,4502,22432,113753
round_shots,100,100,100,100,100,100,100,100,100,100
round_queries,100,300,700,2300,10100,47500,233900,1161100,5833100,29570700
round_k,0,1,3,11,50,237,1169,5805,29165,147853
round_shots,100,100,100,100,100,100,100,100,100,100
round_queries,100,300,1100,3700,18500,89900,441700,2209700,11161100,56112100
round_k,0,1,5,18,92,449,2208,11048,55805,280560
round_shots,100,100,100,100,100,100,100,100,100,100
round_queries,100,300,700,2700,10900,51300,250500,1253100,6273500,31789700
round_k,0,1,3,13,54,256,1252,6265,31367,158948
round_shots,100,100,100,100,100,100,100,100,100,100
round_queries,100,300,700,1900,7100,34500,167100,833100,4211700,21273700
round_k,0,1,3,9,35,172,835,4165,21058,106368
round_shots,100,100,100,100,100,100,100,100,100,100
round_queries,100,300,1100,3700,17100,86100,426900,2149500,10815500,54497900
round_k,0,1,5,18,85,430,2134,10747,54077,272489
round_shots,200,100,100,100,100,100,100,100,100,100
round_queries,200,300,1100,4100,18300,87100,435500,2166300,10960500,55564500
round_k,0,1,5,20,91,435,2177,10831,54802,277822
round_shots,300,100,100,100,100,100,100,100,100,100
round_queries,300,300,1100,3500,15700,75100,369500,1838300,9256500,46948300
round_k,0,1,5,17,78,375,1847,9191,46282,234741
round_shots,200,100,100,100,100,100,100,100,100,100
round_queries,200,300,1100,4500,20100,94700,468100,2290700,11613500,58841900
round_k,0,1,5,22,100,473,2340,11453,58067,294209
round_shots,200,100,100,100,100,100,100,100,100,100
round_queries,200,300,1100,4500,21700,104700,519300,2616300,13242700,67195700
round_k,0,1,5,22,108,523,2596,13081,66213,335978
round_shots,200,100,100,100,100,100,100,100,100,100
round_queries,200,300,1100,4100,18100,90700,448300,2255300,11394100,57873700
round_k,0,1,5,20,90,453,2241,11276,56970,289368
round_shots,200,100,100,100,100,100,100,100,100,100
round_queries,200,300,1100,4300,20900,99300,494900,2480900,12559500,63641300
round_k,0,1,5,21,104,496,2474,12404,62797,318206
round_shots,100,100,100,100,100,100,100,100,100,100
round_queries,100,300,1100,4100,19300,91100,449900,2272500,11480900,58187900
round_k,0,1,5,20,96,455,2249,11362,57404,290939
round_shots,200,100,100,100,100,100,100,100,100,100
round_queries,200,300,700,2300,9700,46700,228500,1139100,5735900,29055900
round_k,0,1,3,11,48,233,1142,5695,28679,145279
round_shots,100,100,100,100,100,100,100,100,100,100
round_queries,100,300,1100,5100,22900,110500,543100,2702500,13661500,69265900
round_k,0,1,5,25,114,552,2715,13512,68307,346329
round_shots,100,100,100,100,100,100,100,100,100
round_queries,100,300,1500,6100,29100,140500,702900,3549500,17987900
round_k,0,1,7,30,145,702,3514,17747,89939
round_shots,200,100,100,100,100,100,100,100,100,100
round_queries,200,300,1100,4700,22700,111500,556700,2789900,14096500,71422900
round_k,0,1,5,23,113,557,2783,13949,70482,357114
round_shots,200,100,100,100,100,100,100,100,100,100
round_queries,200,300,1100,5100,23300,113700,566100,2827500,14172500,71528100
round_k,0,1,5,25,116,568,2830,14137,70862,357640
round_shots,100,100,100,100,100,100,100,100,100,100
round_queries,100,300,1100,4500,22100,106300,531300,2682900,13580700,68108500
round_k,0,1,5,22,110,531,2656,13414,67903,340542
round_shots,100,100,100,100,100,100,100,100,100,100
round_queries,100,300,1100,5100,23900,116700,578700,2918100,14750900,74710900
round_k,0,1,5,25,119,583,2893,14590,73754,373554
round_shots,200,100,100,100,100,100,100,100,100,100
round_queries,200,300,1100,4700,20500,100900,490700,2424500,12215900,61853900
round_k,0,1,5,23,102,504,2453,12122,61079,309269
round_shots,200,100,100,100,100,100,100,100,100,100
round_queries,200,300,1100,4900,20900,100700,504500,2538500,12837700,64380500
round_k,0,1,5,24,104,503,2522,12692,64188,321902
round_shots,200,100,100,100,100,100,100,100,100
round_queries,200,500,1900,7700,35700,175100,859700,4336700,21991100
round_k,0,2,9,38,178,875,4298,21683,109955
round_shots,100,100,100,100,100,100,100,100,100,100
round_queries,100,300,1100,4100,18700,92300,457100,2284100,11513100,58340900
round_k,0,1,5,20,93,461,2285,11420,57565,291704
round_shots,200,100,100,100,100,100,100,100,100,100
round_queries,200,300,1100,4500,21900,104900,523900,2639100,13372900,67316700
round_k,0,1,5,22,109,524,2619,13195,66864,336583
round_shots,100,100,100,100,100,100,100,100,100,100
round_queries,100,300,1100,3700,18500,89300,433300,2175500,10973500,55747500
round_k,0,1,5,18,92,446,2166,10877,54867,278737
round_shots,300,100,100,100,100,100,100,100,100,100
round_queries,300,300,700,2300,10100,49500,240500,1195100,6053500,30609700
round_k,0,1,3,11,50,247,1202,5975,30267,153048
round_shots,100,100,100,100,100,100,100,100,100
round_queries,100,300,1500,6900,32900,161900,809100,4079300,20604100
round_k,0,1,7,34,164,809,4045,20396,103020
round_shots,100,100,100,100,100,100,100,100,100,100
round_queries,100,300,1100,4100,17900,87100,431900,2186300,11069900,56078300
round_k,0,1,5,20,89,435,2159,10931,55349,280391
round_shots,100,100,100,100,100,100,100,100,100,100
round_queries,100,300,700,1900,8700,41500,207500,1053900,5259500,26612300
round_k,0,1,3,9,43,207,1037,5269,26297,133061
round_shots,100,100,100,100,100,100,100,100,100,100
round_queries,100,300,1100,3900,16300,79900,395100,1978300,9952500,50545100
round_k,0,1,5,19,81,399,1975,9891,49762,252725
round_shots,100,100,100,100,100,100,100,100,100,100
round_queries,100,300,700,2300,9100,40900,203100,1001300,5012700,25397900
round_k,0,1,3,11,45,204,1015,5006,25063,126989
round_shots,100,100,100,100,100,100,100,100,100,100
round_queries,100,300,1100,4500,19700,97900,482100,2401100,12085500,61212300
round_k,0,1,5,22,98,489,2410,12005,60427,306061
round_shots,200,100,100,100,100,100,100,100,100,100
round_queries,200,300,700,2900,12700,62100,300700,1494100,7539900,38159900
round_k,0,1,3,14,63,310,1503,7470,37699,190799
round_shots,200,100,100,100,100,100,100,100,100
round_queries,200,300,1500,6300,29900,144500,712100,3598300,18196500
round_k,0,1,7,31,149,722,3560,17991,90982
round_shots,200,100,100,100,100,100,100,100,100,100
round_queries,200,300,700,2900,13300,63700,312300,1536100,7761100,39147300
round_k,0,1,3,14,66,318,1561,7680,38805,195736
round_shots,200,100,100,100,100,100,100,100,100,100
round_queries,200,300,700,2300,10700,48500,242900,1216500,6126300,30930300
round_k,0,1,3,11,53,242,1214,6082,30631,154651
round_shots,200,100,100,100,100,100,100,100,100
round_queries,200,300,1500,5500,26300,126300,624300,3097300,15660900
round_k,0,1,7,27,131,631,3121,15486,78304
round_shots,200,100,100,100,100,100,100,100,100,100
round_queries,200,300,1100,4500,20500,99700,485700,2404700,12101500,61366900
round_k,0,1,5,22,102,498,2428,12023,60507,306834
round_shots,100,100,100,100,100,100,100,100,100,100
round_queries,100,300,700,2300,10300,50300,239700,1195700,6032100,30561900
round_k,0,1,3,11,51,251,1198,5978,30160,152809
round_shots,200,100,100,100,100,100,100,100,100,100
round_queries,200,300,700,3100,14500,71900,344900,1717900,8684900,44038100
round_k,0,1,3,15,72,359,1724,8589,43424,220190
round_shots,100,100,100,100,100,100,100,100,100,100
round_queries,100,300,700,2300,9900,47300,235900,1185300,5984100,30151900
round_k,0,1,3,11,49,236,1179,5926,29920,150759
round_shots,200,100,100,100,100,100,100,100,100,100
round_queries,200,300,1100,4100,19500,94100,468100,2351500,11865900,60185700
round_k,0,1,5,20,97,470,2340,11757,59329,300928
round_shots,100,100,100,100,100,100,100,100,100,100
round_queries,100,300,1100,3700,16100,74700,375700,1864300,9910500,50315100
round_k,0,1,5,18,80,373,1878,9321,49552,251575
round_shots,200,100,100,100,100,100,100,100,100
round_queries,200,300,1100,5500,27500,138300,687900,3456700,17351300
round_k,0,1,5,27,137,691,3439,17283,86756
round_shots,100,100,100,100,100,100,100,100,100,100
round_queries,100,300,1100,5100,23900,118100,585700,2942500,14894900,75541500
round_k,0,1,5,25,119,590,2928,14712,74474,377707
round_shots,200,100,100,100,100,100,100,100,100,100
round_queries,200,300,1100,3500,16500,76700,381500,1896500,9564100,48522500
round_k,0,1,5,17,82,383,1907,9482,47820,242612
round_shots,100,100,100,100,100,100,100,100,100,100
round_queries,100,300,1100,3700,16500,75700,361500,1798900,9017700,45694100
round_k,0,1,5,18,82,378,1807,8994,45088,228470
round_shots,200,100,100,100,100,100,100,100,100,100
round_queries,200,300,1100,5100,22900,112100,549900,2754700,13888900,70341500
round_k,0,1,5,25,114,560,2749,13773,69444,351707
round_shots,100,100,100,100,100,100,100,100,100,100
round_queries,100,300,1100,4100,20100,99700,503900,2544100,12817700,64836500
round_k,0,1,5,20,100,498,2519,12720,64088,324182
round_shots,200,100,100,100,100,100,100,100,100,100
round_queries,200,300,700,3300,15300,72900,364500,1815500,9169100,46462300
round_k,0,1,3,16,76,364,1822,9077,45845,232311
round_shots,100,100,100,100,100,100,100,100,100,100
round_queries,100,300,1100,4100,18900,90300,432100,2171500,10963700,55655900
round_k,0,1,5,20,94,451,2160,10857,54818,278279
round_shots,200,100,100,100,100,100,100,100,100
round_queries,200,300,1500,6700,29900,145700,728500,3678700,18531300
round_k,0,1,7,33,149,728,3642,18393,92656
round_shots,100,100,100,100,100,100,100,100,100,100
round_queries,100,300,1100,4500,22500,106900,520500,2594500,13165100,66660900
round_k,0,1,5,22,112,534,2602,12972,65825,333304
round_shots,200,100,100,100,100,100,100,100,100,100
round_queries,200,300,1100,4100,19500,96100,475100,2368500,11962300,60585500
round_k,0,1,5,20,97,480,2375,11842,59811,302927
round_shots,200,100,100,100,100,100,100,100,100,100
round_queries,200,300,1100,4300,20700,100500,500500,2481300,12535100,63524100
round_k,0,1,5,21,103,502,2502,12406,62675,317620
round_shots,100,100,100,100,100,100,100,100,100,100
round_queries,100,300,1100,3700,16900,83300,415900,2088100,10479900,53123500
round_k,0,1,5,18,84,416,2079,10440,52399,265617
round_shots,100,100,100,100,100,100,100,100,100,100
round_queries,100,300,1100,4500,20300,95700,471500,2363100,11909700,60401500
round_k,0,1,5,22,101,478,2357,11815,59548,302007
round_shots,200,100,100,100,100,100,100,100,100,100
round_queries,200,300,1100,4100,17700,84500,413500,2064300,10442500,52844700
round_k,0,1,5,20,88,422,2067,10321,52212,264223
round_shots,100,100,100,100,100,100,100,100,100,100
round_queries,100,300,1100,3700,17700,87300,426900,2120500,10658700,53876500
round_k,0,1,5,18,88,436,2134,10602,53293,269382
round_shots,100,100,100,100,100,100,100,100,100,100
round_queries,100,300,1100,4100,20100,95500,471100,2392500,12116100,61451100
round_k,0,1,5,20,100,477,2355,11962,60580,307255
round_shots,100,100,100,100,100,100,100,100,100,100
round_queries,100,300,1100,4100,18100,89900,451900,2268100,11457700,57907700
round_k,0,1,5,20,90,449,2259,11340,57288,289538
round_shots,200,100,100,100,100,100,100,100,100,100
round_queries,200,300,1100,4500,19700,90700,444300,2161300,10838500,54813500
round_k,0,1,5,22,98,453,2221,10806,54192,274067
round_shots,100,100,100,100,100,100,100,100,100,100
round_queries,100,300,1100,3700,16300,80300,404700,2037700,10336900,52440500
round_k,0,1,5,18,81,401,2023,10188,51684,262202
round_shots,100,100,100,100,100,100,100,100,100
round_queries,100,300,1500,7100,33700,165900,830900,4186300,21191500
round_k,0,1,7,35,168,829,4154,20931,105957
round_shots,200,100,100,100,100,100,100,100,100,100
round_queries,200,300,700,2500,10700,53300,260100,1305300,6534900,33087300
round_k,0,1,3,12,53,266,1300,6526,32674,165436
round_shots,100,100,100,100,100,100,100,100,100,100
round_queries,100,300,700,2500,11700,55700,263700,1328300,6688900,33751900
round_k,0,1,3,12,58,278,1318,6641,33444,168759
round_shots,200,100,100,100,100,100,100,100,100,100
round_queries,200,300,1100,4700,22300,110700,548300,2762300,13901900,70504100
round_k,0,1,5,23,111,553,2741,13811,69509,352520
round_shots,200,100,100,100,100,100,100,100,100,100
round_queries,200,300,1100,5500,24100,120500,598100,3032100,15310500,77445500
round_k,0,1,5,27,120,602,2990,15160,76552,387227
round_shots,100,100,100,100,100,100,100,100,100,100
round_queries,100,300,1100,5100,22100,109100,540900,2711500,13644700,68482900
round_k,0,1,5,25,110,545,2704,13557,68223,342414
round_shots,200,100,100,100,100,100,100,100,100
round_queries,200,300,1500,5900,28700,134900,677300,3409700,17272500
round_k,0,1,7,29,143,674,3386,17048,86362
round_shots,100,100,100,100,100,100,100,100,100,100
round_queries,100,300,1100,3700,17300,79100,378500,1913100,9675700,48780100
round_k,0,1,5,18,86,395,1892,9565,48378,243900
round_shots,100,100,100,100,100,100,100,100,100,100
round_queries,100,300,1100,3700,17300,82900,415300,2060500,10335900,52476300
round_k,0,1,5,18,86,414,2076,10302,51679,262381
round_shots,200,100,100,100,100,100,100,100,100,100
round_queries,200,300,1100,4700,21700,106300,524700,2645900,13342900,67575500
round_k,0,1,5,23,108,531,2623,13229,66714,337877
round_shots,200,100,100,100,100,100,100,100,100,100
round_queries,200,300,1100,4300,19300,94300,466300,2315700,11684100,59149900
round_k,0,1,5,21,96,471,2331,11578,58420,295749
round_shots,200,100,100,100,100,100,100,100,100,100
round_queries,200,300,1100,4500,20100,95900,484500,2375300,11993500,60759500
round_k,0,1,5,22,100,479,2422,11876,59967,303797
round_shots,300,100,100,100,100,100,100,100,100
round_queries,300,500,1500,6900,32300,154900,780500,3911100,19819700
round_k,0,2,7,34,161,774,3902,19555,99098
round_shots,100,100,100,100,100,100,100,100,100,100
round_queries,100,300,1100,4900,23900,113300,561500,2829700,14257500,72293500
round_k,0,1,5,24,119,566,2807,14148,71287,361467
round_shots,200,100,100,100,100,100,100,100,100,100
round_queries,200,300,1100,4700,22500,108700,549500,2781300,14030100,71116300
round_k,0,1,5,23,112,543,2747,13906,70150,355581
round_shots,200,100,100,100,100,100,100,100,100,100
round_queries,200,300,1100,4100,19100,91700,456700,2279300,11454100,57755700
round_k,0,1,5,20,95,458,2283,11396,57270,288778
round_shots,100,100,100,100,100,100,100,100,100,100
round_queries,100,300,1100,3700,16500,81900,406700,2046500,10348700,52246100
round_k,0,1,5,18,82,409,2033,10232,51743,261230
round_shots,100,100,100,100,100,100,100,100,100,100
round_queries,100,300,1100,5100,23100,114700,569100,2847100,14422700,72899300
round_k,0,1,5,25,115,573,2845,14235,72113,364496
round_shots,100,100,100,100,100,100,100,100,100,100
round_queries,100,300,1100,4100,19700,96500,462300,2325900,11725500,59040100
round_k,0,1,5,20,98,482,2311,11629,58627,295200
round_shots,200,100,100,100,100,100,100,100,100
round_queries,200,300,1100,5500,27100,131300,652900,3291100,16597100
round_k,0,1,5,27,135,656,3264,16455,82985
round_shots,200,100,100,100,100,100,100,100,100,100
round_queries,200,300,1100,4100,19300,95900,455100,2247100,11392100,57763500
round_k,0,1,5,20,96,479,2275,11235,56960,288817
round_shots,200,100,100,100,100,100,100,100,100
round_queries,200,300,1500,6300,29500,142500,712300,3609700,18231500
round_k,0,1,7,31,147,712,3561,18048,91157
round_shots,100,100,100,100,100,100,100,100,100,100
round_queries,100,300,700,3300,15300,74300,365500,1846100,9320900,46908100
round_k,0,1,3,16,76,371,1827,9230,46604,234540
round_shots,200,100,100,100,100,100,100,100,100,100
round_queries,200,300,1100,3500,16100,79500,395300,2000700,10097900,51152900
round_k,0,1,5,17,80,397,1976,10003,50489,255764
round_shots,200,100,100,100,100,100,100,100,100,100
round_queries,200,300,1500,5300,23700,114700,568900,2858100,14394700,72987300
round_k,0,1,7,26,118,573,2844,14290,71973,364936
round_shots,200,100,100,100,100,100,100,100,100,100
round_queries,200,300,1100,4900,23900,114100,560100,2791500,14150100,71818100
round_k,0,1,5,24,119,570,2800,13957,70750,359090
round_shots,100,100,100,100,100,100,100,100,100,100
round_queries,100,300,700,2900,12700,63700,315300,1572100,7882500,39975900
round_k,0,1,3,14,63,318,1576,7860,39412,199879
round_shots,200,100,100,100,100,100,100,100,100,100
round_queries,200,300,700,1900,8900,44300,218700,1096900,5526700,27913900
round_k,0,1,3,9,44,221,1093,5484,27633,139569
round_shots,100,100,100,100,100,100,100,100,100,100
round_queries,100,300,700,1900,8100,38300,184700,922500,4655300,23615700
round_k,0,1,3,9,40,191,923,4612,23276,118078
round_shots,300,100,100,100,100,100,100,100,100,100
round_queries,300,300,700,2700,11700,56100,280900,1412700,7095100,35946100
round_k,0,1,3,13,58,280,1404,7063,35475,179730
round_shots,100,100,100,100,100,100,100,100,100,100
round_queries,100,300,1100,4100,18300,90900,457300,2271700,11483500,58211700
round_k,0,1,5,20,91,454,2286,11358,57417,291058
round_shots,100,100,100,100,100,100,100,100,100,100
round_queries,100,300,1100,4500,19500,93300,442700,2200700,11039300,55926900
round_k,0,1,5,22,97,466,2213,11003,55196,279634
round_shots,200,100,100,100,100,100,100,100,100,100
round_queries,200,300,1100,4900,23500,108700,548300,2756500,13902300,69908700
round_k,0,1,5,24,117,543,2741,13782,69511,349543
round_shots,200,100,100,100,100,100,100,100,100
round_queries,200,500,1900,9500,46700,230900,1138100,5745900,29131100
round_k,0,2,9,47,233,1154,5690,28729,145655
round_shots,200,100,100,100,100,100,100,100,100
round_queries,200,700,1900,7500,34500,163300,815900,4107100,20779100
round_k,0,3,9,37,172,816,4079,20535,103895
round_shots,200,100,100,100,100,100,100,100,100
round_queries,200,300,1300,6900,40100,239300,1185300,6009900,30277700
round_k,0,1,6,34,200,1196,5926,30049,151388
round_shots,200,100,100,100,100,100,100,100,100,100
round_queries,200,300,1100,3700,15700,78300,385700,1927300,11746100,59704500
round_k,0,1,5,18,78,391,1928,9636,58730,298522
round_shots,100,100,100,100,100,100,100,100,100,100
round_queries,100,300,1100,4500,20500,101700,504100,2542500,12870900,65290700
round_k,0,1,5,22,102,508,2520,12712,64354,326453
round_shots,200,100,100,100,100,100,100,100,100,100
round_queries,200,300,1100,4100,18100,87100,432700,2180500,10962900,55620500
round_k,0,1,5,20,90,435,2163,10902,54814,278102
round_shots,200,100,100,100,100,100,100,100,100,100
round_queries,200,300,1100,3700,17100,81100,408300,2048900,10371300,51965100
round_k,0,1,5,18,85,405,2041,10244,51856,259825
round_shots,200,100,100,100,100,100,100,100,100,100
round_queries,200,300,700,2300,9900,48100,233700,1139100,5737100,29076500
round_k,0,1,3,11,49,240,1168,5695,28685,145382
round_shots,200,100,100,100,100,100,100,100,100,100
round_queries,200,300,1100,4500,21100,104500,523700,2648700,13339700,67673100
round_k,0,1,5,22,105,522,2618,13243,66698,338365
round_shots,200,100,100,100,100,100,100,100,100,100
round_queries,200,300,700,2700,12700,59700,284100,1418100,7124900,36074700
round_k,0,1,3,13,63,298,1420,7090,35624,180373
round_shots,100,100,100,100,100,100,100,100,100
round_queries,100,300,1500,5900,28100,135900,677900,3430100,17353900
round_k,0,1,7,29,140,679,3389,17150,86769
round_shots,100,100,100,100,100,100,100,100,100,100
round_queries,100,300,1100,4300,20100,92500,440700,2216900,11143300,56128500
round_k,0,1,5,21,100,462,2203,11084,55716,280642
round_shots,100,100,100,100,100,100,100,100,100,100
round_queries,100,300,1100,5100,23300,115700,575300,2906700,14672500,74447900
round_k,0,1,5,25,116,578,2876,14533,73362,372239
round_shots,100,100,100,100,100,100,100,100,100,100
round_queries,100,300,1100,3700,17700,87100,434100,2180700,11010500,55807300
round_k,0,1,5,18,88,435,2170,10903,55052,279036
round_shots,100,100,100,100,100,100,100,100,100,100
round_queries,100,300,700,1900,7100,33700,164900,828100,4166900,21135900
round_k,0,1,3,9,35,168,824,4140,20834,105679
round_shots,100,100,100,100,100,100,100,100,100,100
round_queries,100,300,1100,4500,20300,97500,481300,2422100,12189300,61886700
round_k,0,1,5,22,101,487,2406,12110,60946,309433
round_shots,100,100,100,100,100,100,100,100,100,100
round_queries,100,300,1100,4100,18300,88700,443900,2241500,11325500,57314100
round_k,0,1,5,20,91,443,2219,11207,56627,286570
round_shots,100,100,100,100,100,100,100,100,100,100
round_queries,100,300,700,2900,12500,61900,301900,1501500,7572700,38443500
round_k,0,1,3,14,62,309,1509,7507,37863,192217
round_shots,200,100,100,100,100,100,100,100,100,100
round_queries,200,300,1100,4100,17900,89500,428700,2245900,11370700,57663300
round_k,0,1,5,20,89,447,2143,11229,56853,288316
round_shots,100,100,100,100,100,100,100,100,100,100
round_queries,100,300,1100,3700,17700,89500,451300,2279300,11540300,58497700
round_k,0,1,5,18,88,447,2256,11396,57701,292488
round_shots,300,100,100,100,100,100,100,100,100,100
round_queries,300,300,1100,4900,23900,117100,579300,2926700,14831500,75226700
round_k,0,1,5,24,119,585,2896,14633,74157,376133
round_shots,200,100,100,100,100,100,100,100,100,100
round_queries,200,300,1100,5500,24300,119500,594900,3009300,15258500,77477700
round_k,0,1,5,27,121,597,2974,15046,76292,387388
round_shots,100,100,100,100,100,100,100,100,100,100
round_queries,100,300,1100,3700,18100,86300,432900,2170300,10866500,54642100
round_k,0,1,5,18,90,431,2164,10851,54332,273210
round_shots,100,100,100,100,100,100,100,100,100,100
round_queries,100,300,1100,4100,20100,95500,475500,2388500,11982500,60664500
round_k,0,1,5,20,100,477,2377,11942,59912,303322
round_shots,100,100,100,100,100,100,100,100,100,100
round_queries,100,300,1100,4100,19100,90700,450900,2260500,11420700,57761900
round_k,0,1,5,20,95,453,2254,11302,57103,288809
round_shots,200,100,100,100,100,100,100,100,100
round_queries,200,500,1500,5900,28700,140900,708500,3580500,18113500
round_k,0,2,7,29,143,704,3542,17902,90567
round_shots,200,100,100,100,100,100,100,100,100,100
round_queries,200,300,1100,4100,19300,96100,479300,2396300,12165300,61721900
round_k,0,1,5,20,96,480,2396,11981,60826,308609
round_shots,100,100,100,100,100,100,100,100,100,100
round_queries,100,300,1100,4900,22100,105300,529100,2652300,13411500,67781300
round_k,0,1,5,24,110,526,2645,13261,67057,338906
round_shots,100,100,100,100,100,100,100,100,100,100
round_queries,100,300,1100,4100,18500,86700,424700,2146900,10851900,54945500
round_k,0,1,5,20,92,433,2123,10734,54259,274727
round_shots,100,100,100,100,100,100,100,100,100,100
round_queries,100,300,1100,4900,21100,105500,530700,2668500,13440100,67785700
round_k,0,1,5,24,105,527,2653,13342,67200,338928
round_shots,200,100,100,100,100,100,100,100,100,100
round_queries,200,300,1100,4700,20700,102300,509900,2568100,12969300,65660300
round_k,0,1,5,23,103,511,2549,12840,64846,328301
round_shots,200,100,100,100,100,100,100,100,100,100
round_queries,200,300,1100,3100,15500,74900,374100,1857300,9359900,47377100
round_k,0,1,5,15,77,374,1870,9286,46799,236885
round_shots,100,100,100,100,100,100,100,100,100,100
round_queries,100,300,1100,4900,24500,114300,544300,2707500,13612900,68947100
round_k,0,1,5,24,122,571,2721,13537,68064,344735
round_shots,200,100,100,100,100,100,100,100,100,100
round_queries,200,300,1100,5100,24700,119500,596500,2988500,15026700,75902500
round_k,0,1,5,25,123,597,2982,14942,75133,379512
round_shots,100,100,100,100,100,100,100,100,100,100
round_queries,100,300,1100,3700,16100,78100,389100,1970700,9945700,50421300
round_k,0,1,5,18,80,390,1945,9853,49728,252106
round_shots,200,100,100,100,100,100,100,100,100,100
round_queries,200,300,1100,4700,21500,100100,488700,2463300,12494500,63282700
round_k,0,1,5,23,107,500,2443,12316,62472,316413
round_shots,100,100,100,100,100,100,100,100,100,100
round_queries,100,300,1100,3700,17300,84500,418500,2107700,10436900,52782900
round_k,0,1,5,18,86,422,2092,10538,52184,263914
round_shots,300,100,100,100,100,100,100,100,100,100
round_queries,300,300,1100,4100,19300,95100,468300,2345500,11838300,60017500
round_k,0,1,5,20,96,475,2341,11727,59191,300087
round_shots,200,100,100,100,100,100,100,100,100,100
round_queries,200,300,1100,4100,18100,87900,426300,2147500,10809900,54833100
round_k,0,1,5,20,90,439,2131,10737,54049,274165
round_shots,100,100,100,100,100,100,100,100,100,100
round_queries,100,300,700,2700,12100,55100,265700,1335700,6698100,33703300
round_k,0,1,3,13,60,275,1328,6678,33490,168516
round_shots,200,100,100,100,100,100,100,100,100,100
round_queries,200,300,700,3300,15300,74900,371300,1869500,9310700,46811300
round_k,0,1,3,16,76,374,1856,9347,46553,234056
round_shots,100,100,100,100,100,100,100,100,100
round_queries,100,500,1500,7500,35300,177100,871300,4235500,21240500
round_k,0,2,7,37,176,885,4356,21177,106202
round_shots,100,100,100,100,100,100,100,100,100,100
round_queries,100,300,1100,4100,18900,92100,455300,2289700,11524500,58062500
round_k,0,1,5,20,94,460,2276,11448,57622,290312
round_shots,100,100,100,100,100,100,100,100,100,100
round_queries,100,300,1100,4100,18900,91500,459100,2284500,11552100,58364500
round_k,0,1,5,20,94,457,2295,11422,57760,291822
round_shots,200,100,100,100,100,100,100,100,100,100
round_queries,200,300,1100,5500,24300,119900,597700,3016700,15227700,76997700
round_k,0,1,5,27,121,599,2988,15083,76138,384988
round_shots,200,100,100,100,100,100,100,100,100
round_queries,200,500,2300,10100,48100,241500,1202300,6042300,30581500
round_k,0,2,11,50,240,1207,6011,30211,152907
round_shots,200,100,100,100,100,100,100,100,100
round_queries,200,500,1900,8300,39300,193700,975300,4900700,24848700
round_k,0,2,9,41,196,968,4876,24503,124243
round_shots,200,100,100,100,100,100,100,100,100
round_queries,200,300,1500,7500,33900,163900,813900,4117900,20816900
round_k,0,1,7,37,169,819,4069,20589,104084
round_shots,200,100,100,100,100,100,100,100,100,100
round_queries,200,300,700,3300,14700,68100,337100,1690900,8503500,43115300
round_k,0,1,3,16,73,340,1685,8454,42517,215576
round_shots,200,100,100,100,100,100,100,100,100
round_queries,200,500,1900,8100,37700,189700,958500,4840100,24537100
round_k,0,2,9,40,188,948,4792,24200,122685
round_shots,100,100,100,100,100,100,100,100,100,100
round_queries,100,300,1100,4100,19100,90900,452100,2249300,11312500,57311900
round_k,0,1,5,20,95,454,2260,11246,56562,286559
round_shots,200,100,100,100,100,100,100,100,100,100
round_queries,200,300,1100,5100,24500,120900,596900,3008100,15227500,77142300
round_k,0,1,5,25,122,604,2984,15040,76137,385711
round_shots,100,100,100,100,100,100,100,100,100,100
round_queries,100,300,1100,4100,20500,100100,492100,2476500,12486100,63091500
round_k,0,1,5,20,102,500,2460,12382,62430,315457
round_shots,100,100,100,100,100,100,100,100,100,100
round_queries,100,300,1100,4100,18700,91700,454700,2284100,11410300,57713100
round_k,0,1,5,20,93,458,2273,11420,57051,288565
round_shots,200,100,100,100,100,100,100,100,100,100
round_queries,200,300,1100,4500,21300,104900,519700,2620300,13286700,66696300
round_k,0,1,5,22,106,524,2598,13101,66433,333481
round_shots,200,100,100,100,100,100,100,100,100,100
round_queries,200,300,1100,5100,22500,108700,542700,2717700,13824700,70044500
round_k,0,1,5,25,112,543,2713,13588,69123,350222
round_shots,200,100,100,100,100,100,100,100,100,100
round_queries,200,300,900,2700,12700,58500,280700,1413500,7128700,36137700
round_k,0,1,4,13,63,292,1403,7067,35643,180688
round_shots,300,100,100,100,100,100,100,100,100,100
round_queries,300,300,1100,4700,21500,104700,509100,2577500,13004900,65959700
round_k,0,1,5,23,107,523,2545,12887,65024,329798
round_shots,300,100,100,100,100,100,100,100,100,100
round_queries,300,300,1100,4500,20700,99700,489300,2454900,12403900,62967300
round_k,0,1,5,22,103,498,2446,12274,62019,314836
round_shots,300,100,100,100,100,100,100,100,100,100
round_queries,300,300,1100,4100,19100,93100,467500,2343700,11723900,59468900
round_k,0,1,5,20,95,465,2337,11718,58619,297344
round_shots,100,100,100,100,100,100,100,100,100,100
round_queries,100,300,1100,4500,21700,103500,522900,2646900,13424100,68036100
round_k,0,1,5,22,108,517,2614,13234,67120,340180
round_shots,200,100,100,100,100,100,100,100,100,100
round_queries,200,300,700,2300,10500,47900,233900,1165500,5863500,29550300
round_k,0,1,3,11,52,239,1169,5827,29317,147751
round_shots,200,100,100,100,100,100,100,100,100,100
round_queries,200,300,1100,3700,17700,86500,427100,2160100,10858100,55085500
round_k,0,1,5,18,88,432,2135,10800,54290,275427
round_shots,100,100,100,100,100,100,100,100,100,100
round_queries,100,300,1100,3100,14300,67700,326300,1646100,8332900,42181100
round_k,0,1,5,15,71,338,1631,8230,41664,210905
round_shots,200,100,100,100,100,100,100,100,100,100
round_queries,200,300,1100,3500,14300,71500,350500,1773900,8946700,45217100
round_k,0,1,5,17,71,357,1752,8869,44733,226085
round_shots,100,100,100,100,100,100,100,100,100,100
round_queries,100,300,1100,4500,22100,104300,517100,2597700,13148100,66666700
round_k,0,1,5,22,110,521,2585,12988,65740,333333
round_shots,200,100,100,100,100,100,100,100,100,100
round_queries,200,300,1100,4900,24100,113100,565500,2867500,14474100,73477500
round_k,0,1,5,24,120,565,2827,14337,72370,367387
round_shots,200,100,100,100,100,100,100,100,100,100
round_queries,200,300,1100,4700,20300,98100,484300,2443900,12363700,62260900
round_k,0,1,5,23,101,490,2421,12219,61818,311304
round_shots,100,100,100,100,100,100,100,100,100,100
round_queries,100,300,1100,5100,24700,118100,596300,2983500,15104500,76557700
round_k,0,1,5,25,123,590,2981,14917,75522,382788
round_shots,200,100,100,100,100,100,100,100,100
round_queries,200,300,1500,6300,28700,134900,674500,3369300,17074900
round_k,0,1,7,31,143,674,3372,16846,85374
round_shots,100,100,100,100,100,100,100,100,100,100
round_queries,100,300,700,3300,13700,67500,332300,1666900,8440500,42789500
round_k,0,1,3,16,68,337,1661,8334,42202,213947
round_shots,200,100,100,100,100,100,100,100,100,100
round_queries,200,300,1100,4500,20500,99500,487500,2454500,12439700,63069100
round_k,0,1,5,22,102,497,2437,12272,62198,315345
round_shots,200,100,100,100,100,100,100,100,100,100
round_queries,200,300,1100,4900,20900,99500,489700,2468300,12481500,63131300
round_k,0,1,5,24,104,497,2448,12341,62407,315656
round_shots,100,100,100,100,100,100,100,100,100,100
round_queries,100,300,1100,4500,20500,100900,501100,2519500,12749100,64553700
round_k,0,1,5,22,102,504,2505,12597,63745,322768
round_shots,300,100,100,100,100,100,100,100,100,100
round_queries,300,300,1100,3500,14900,71900,347500,1738900,8720300,44235700
round_k,0,1,5,17,74,359,1737,8694,43601,221178
round_shots,100,100,100,100,100,100,100,100,100,100
round_queries,100,300,1100,4100,18500,89300,445700,2224100,11221100,56866500
round_k,0,1,5,20,92,446,2228,11120,56105,284332
round_shots,100,100,100,100,100,100,100,100,100,100
round_queries,100,300,1100,4700,22700,104100,497900,2507500,12709900,64116300
round_k,0,1,5,23,113,520,2489,12537,63549,320581
round_shots,100,100,100,100,100,100,100,100,100,100
round_queries,100,300,1100,4100,19900,97700,478100,2416700,12208900,61678700
round_k,0,1,5,20,99,488,2390,12083,61044,308393
round_shots,200,100,100,100,100,100,100,100,100,100
round_queries,200,300,1100,4700,22900,111700,557100,2803100,14124100,71308500
round_k,0,1,5,23,114,558,2785,14015,70620,356542
round_shots,100,100,100,100,100,100,100,100,100,100
round_queries,100,300,1100,5100,25500,121100,597700,3014700,15243300,77093100
round_k,0,1,5,25,127,605,2988,15073,76216,385465
round_shots,100,100,100,100,100,100,100,100,100,100
round_queries,100,300,1500,5500,24100,117700,589300,2967300,14991500,75844700
round_k,0,1,7,27,120,588,2946,14836,74957,379223
round_shots,200,100,100,100,100,100,100,100,100,100
round_queries,200,300,1100,4900,24100,119300,592300,2975700,14923900,75096700
round_k,0,1,5,24,120,596,2961,14878,74619,375483
round_shots,300,100,100,100,100,100,100,100,100
round_queries,300,500,1500,7300,34300,159300,789900,4001100,20222100
round_k,0,2,7,36,171,796,3949,20005,101110
round_shots,100,100,100,100,100,100,100,100,100,100
round_queries,100,300,1100,4500,19900,93700,455700,2233100,11146700,56488500
round_k,0,1,5,22,99,468,2278,11165,55733,282442
round_shots,200,100,100,100,100,100,100,100,100,100
round_queries,200,300,700,2300,9900,45900,226100,1130500,5687500,28803300
round_k,0,1,3,11,49,229,1130,5652,28437,144016
round_shots,100,100,100,100,100,100,100,100,100,100
round_queries,100,300,1100,4100,18300,89300,445100,2254300,11400500,57708700
round_k,0,1,5,20,91,446,2225,11271,57002,288543
round_shots,100,100,100,100,100,100,100,100,100
round_queries,100,300,1500,6700,32900,163500,810100,4082500,20568300
round_k,0,1,7,33,164,817,4050,20412,102841
round_shots,100,100,100,100,100,100,100,100,100,100
round_queries,100,300,1100,4100,17700,84100,417300,2089900,10511500,53303500
round_k,0,1,5,20,88,420,2086,10449,52557,266517
round_shots,100,100,100,100,100,100,100,100,100,100
round_queries,100,300,1100,4100,18300,89300,447300,2239100,11252300,57002700
round_k,0,1,5,20,91,446,2236,11195,56261,285013
round_shots,100,100,100,100,100,100,100,100,100,100
round_queries,100,300,1100,4500,21700,104500,518100,2597700,12985700,65158500
round_k,0,1,5,22,108,522,2590,12988,64928,325792
round_shots,200,100,100,100,100,100,100,100,100,100
round_queries,200,300,1100,4300,21500,104500,518300,2589900,13132300,66574500
round_k,0,1,5,21,107,522,2591,12949,65661,332872
round_shots,100,100,100,100,100,100,100,100,100,100
round_queries,100,300,1100,4300,19700,98100,484100,2415500,12175100,61794900
round_k,0,1,5,21,98,490,2420,12077,60875,308974
round_shots,100,100,100,100,100,100,100,100,100
round_queries,100,300,1100,5500,25700,124900,625900,3154500,15932900
round_k,0,1,5,27,128,624,3129,15772,79664
round_shots,100,100,100,100,100,100,100,100,100,100
round_queries,100,300,1100,5100,24100,112500,565100,2839100,14357900,72170300
round_k,0,1,5,25,120,562,2825,14195,71789,360851
round_shots,200,100,100,100,100,100,100,100,100,100
round_queries,200,300,1100,4100,18900,93700,469100,2337100,11859900,59797900
round_k,0,1,5,20,94,468,2345,11685,59299,298989
round_shots,100,100,100,100,100,100,100,100,100,100
round_queries,100,300,1100,5100,23700,110700,545500,2744900,13897900,70456300
round_k,0,1,5,25,118,553,2727,13724,69489,352281
round_shots,200,100,100,100,100,100,100,100,100
round_queries,200,500,1900,8900,42300,209500,1060100,5370100,27200300
round_k,0,2,9,44,211,1047,5300,26850,136001
round_shots,100,100,100,100,100,100,100,100,100,100
round_queries,100,300,1100,4700,20300,97900,488500,2474300,12511500,63508700
round_k,0,1,5,23,101,489,2442,12371,62557,317543
round_shots,100,100,100,100,100,100,100,100,100,100
round_queries,100,300,1100,4100,20300,97900,481900,2371300,11848500,59833700
round_k,0,1,5,20,101,489,2409,11856,59242,299168
round_shots,200,100,100,100,100,100,100,100,100,100
round_queries,200,300,1100,3900,16300,79100,392500,1963900,9866700,49792100
round_k,0,1,5,19,81,395,1962,9819,49333,248960
round_shots,100,100,100,100,100,100,100,100,100,100
round_queries,100,300,700,2300,9900,46500,227900,1142900,5724100,28958700
round_k,0,1,3,11,49,232,1139,5714,28620,144793
round_shots,100,100,100,100,100,100,100,100,100,100
round_queries,100,300,1100,4500,22300,107700,531900,2676700,13501900,67824300
round_k,0,1,5,22,111,538,2659,13383,67509,339121
round_shots,200,100,100,100,100,100,100,100,100,100
round_queries,200,300,700,2900,14300,66900,333500,1657900,8399900,42506500
round_k,0,1,3,14,71,334,1667,8289,41999,212532
round_shots,100,100,100,100,100,100,100,100,100,100
round_queries,100,300,700,2900,12300,58300,293300,1470100,7404300,37412300
round_k,0,1,3,14,61,291,1466,7350,37021,187061
round_shots,100,100,100,100,100,100,100,100,100,100
round_queries,100,300,1100,3700,16100,75700,380500,1918700,9708100,49053100
round_k,0,1,5,18,80,378,1902,9593,48540,245265
round_shots,200,100,100,100,100,100,100,100,100,100
round_queries,200,300,1100,3700,17300,82500,393300,1903300,9568900,48383100
round_k,0,1,5,18,86,412,1966,9516,47844,241915
round_shots,200,100,100,100,100,100,100,100,100,100
round_queries,200,300,1100,4900,22500,113700,557500,2794500,14034900,71237100
round_k,0,1,5,24,112,568,2787,13972,70174,356185
round_shots,100,100,100,100,100,100,100,100,100,100
round_queries,100,300,1100,4700,22300,103500,504100,2500500,12631100,63812900
round_k,0,1,5,23,111,517,2520,12502,63155,319064
round_shots,100,100,100,100,100,100,100,100,100,100
round_queries,100,300,1100,3700,17100,83500,411300,2061900,10395900,52724300
round_k,0,1,5,18,85,417,2056,10309,51979,263621
round_shots,100,100,100,100,100,100,100,100,100,100
round_queries,100,300,700,3300,15100,74100,362700,1924500,9634900,48813100
round_k,0,1,3,16,75,370,1813,9622,48174,244065
round_shots,100,100,100,100,100,100,100,100,100,100
round_queries,100,300,700,2900,13300,63900,318500,1598300,8102500,41124700
round_k,0,1,3,14,66,319,1592,7991,40512,205623
round_shots,200,100,100,100,100,100,100,100,100,100
round_queries,200,300,1100,4500,20500,98700,488500,2445100,12276900,61885100
round_k,0,1,5,22,102,493,2442,12225,61384,309425
round_shots,200,100,100,100,100,100,100,100,100,100
round_queries,200,300,1100,4100,18500,89100,445700,2235900,11297500,57239700
round_k,0,1,5,20,92,445,2228,11179,56487,286198
round_shots,100,100,100,100,100,100,100,100,100,100
round_queries,100,300,1100,3100,13100,63100,306500,1518900,7669700,38869700
round_k,0,1,5,15,65,315,1532,7594,38348,194348
round_shots,100,100,100,100,100,100,100,100,100
round_queries,100,300,1500,7500,35700,166700,819300,4030700,20286700
round_k,0,1,7,37,178,833,4096,20153,101433
round_shots,200,100,100,100,100,100,100,100,100,100
round_queries,200,300,700,2700,10900,54100,266500,1341300,6767700,34266700
round_k,0,1,3,13,54,270,1332,6706,33838,171333
round_shots,200,100,100,100,100,100,100,100,100,100
round_queries,200,300,1100,4100,19100,95300,474500,2384900,12070500,61177300
round_k,0,1,5,20,95,476,2372,11924,60352,305886
round_shots,100,100,100,100,100,100,100,100,100,100
round_queries,100,300,700,2900,12900,65500,321300,1616100,8208300,41484300
round_k,0,1,3,14,64,327,1606,8080,41041,207421
round_shots,200,100,100,100,100,100,100,100,100
round_queries,200,300,1100,5100,25500,127500,625500,3089700,15547700
round_k,0,1,5,25,127,637,3127,15448,77738
round_shots,100,100,100,100,100,100,100,100,100,100
round_queries,100,300,1100,4100,17700,89500,445500,2223100,11259900,56525500
round_k,0,1,5,20,88,447,2227,11115,56299,282627
round_shots,100,100,100,100,100,100,100,100,100,100
round_queries,100,300,1100,4100,17500,85100,424700,2133500,10770300,54561700
round_k,0,1,5,20,87,425,2123,10667,53851,272808
round_shots,100,100,100,100,100,100,100,100,100,100
round_queries,100,300,1100,4500,19500,91100,453900,2282500,11507900,57495100
round_k,0,1,5,22,97,455,2269,11412,57539,287475
round_shots,200,100,100,100,100,100,100,100,100,100
round_queries,200,300,1100,4900,22100,108100,531500,2667300,13453100,67978500
round_k,0,1,5,24,110,540,2657,13336,67265,339892
round_shots,100,100,100,100,100,100,100,100,100,100
round_queries,100,300,700,2300,10500,49700,248300,1235500,6278300,31728300
round_k,0,1,3,11,52,248,1241,6177,31391,158641
round_shots,200,100,100,100,100,100,100,100,100,100
round_queries,200,300,1100,4700,22900,114100,573700,2891300,14615700,73929500
round_k,0,1,5,23,114,570,2868,14456,73078,369647
round_shots,100,100,100,100,100,100,100,100,100,100
round_queries,100,300,1100,4100,20500,100500,504700,2536500,12823700,65014500
round_k,0,1,5,20,102,502,2523,12682,64118,325072
round_shots,200,100,100,100,100,100,100,100,100,100
round_queries,200,300,1100,5500,24100,117100,591100,2978300,14942900,75756100
round_k,0,1,5,27,120,585,2955,14891,74714,378780
round_shots,100,100,100,100,100,100,100,100,100,100
round_queries,100,300,900,3500,16700,80500,397300,1989500,10073500,51078300
round_k,0,1,4,17,83,402,1986,9947,50367,255391
round_shots,200,100,100,100,100,100,100,100,100
round_queries,200,500,1900,7100,33900,162100,805700,4074700,20545900
round_k,0,2,9,35,169,810,4028,20373,102729
round_shots,100,100,100,100,100,100,100,100,100,100
round_queries,100,300,1100,4500,19900,92500,456100,2293700,11626700,58680700
round_k,0,1,5,22,99,462,2280,11468,58133,293403
round_shots,100,100,100,100,100,100,100,100,100
round_queries,100,300,1500,6900,30900,152500,758300,3795500,19169300
round_k,0,1,7,34,154,762,3791,18977,95846
round_shots,100,100,100,100,100,100,100,100,100,100
round_queries,100,300,1100,4900,24500,116100,575100,2896100,14646100,74096500
round_k,0,1,5,24,122,580,2875,14480,73230,370482
round_shots,100,100,100,100,100,100,100,100,100,100
round_queries,100,300,700,3300,14700,73100,381700,1920700,9688500,49060300
round_k,0,1,3,16,73,365,1908,9603,48442,245301
round_shots,100,100,100,100,100,100,100,100,100,100
round_queries,100,300,1100,4500,21500,104500,522500,2621300,13256500,67201300
round_k,0,1,5,22,107,522,2612,13106,66282,336006
round_shots,200,100,100,100,100,100,100,100,100,100
round_queries,200,300,700,2300,9900,49500,246700,1247100,6233500,31507300
round_k,0,1,3,11,49,247,1233,6235,31167,157536
round_shots,100,100,100,100,100,100,100,100,100,100
round_queries,100,300,1100,3100,13300,66700,328500,1660900,8374100,41947300
round_k,0,1,5,15,66,333,1642,8304,41870,209736
round_shots,200,100,100,100,100,100,100,100,100,100
round_queries,200,300,700,3100,13300,63700,317500,1579300,7943300,40282700
round_k,0,1,3,15,66,318,1587,7896,39716,201413
round_shots,200,100,100,100,100,100,100,100,100,100
round_queries,200,300,700,2900,13500,62900,314100,1574900,7958300,40331700
round_k,0,1,3,14,67,314,1570,7874,39791,201658
round_shots,200,100,100,100,100,100,100,100,100,100
round_queries,200,300,700,1900,7900,38300,188700,940500,4772300,24207100
round_k,0,1,3,9,39,191,943,4702,23861,121035
round_shots,100,100,100,100,100,100,100,100,100,100
round_queries,100,300,1500,4900,21700,105900,524100,2654700,13440700,68219700
round_k,0,1,7,24,108,529,2620,13273,67203,341098
round_shots,200,100,100,100,100,100,100,100,100,100
round_queries,200,300,1100,3700,16900,84500,423100,2110500,10606500,53825500
round_k,0,1,5,18,84,422,2115,10552,53032,269127
round_shots,200,100,100,100,100,100,100,100,100,100
round_queries,200,300,1100,4100,18500,91500,457500,2306900,11658300,58920300
round_k,0,1,5,20,92,457,2287,11534,58291,294601
round_shots,200,100,100,100,100,100,100,100,100
round_queries,200,500,1500,6900,30700,153500,760500,3774500,19132700
round_k,0,2,7,34,153,767,3802,18872,95663
round_shots,200,100,100,100,100,100,100,100,100,100
round_queries,200,300,1100,5500,24900,116100,585500,2945900,14872500,75419300
round_k,0,1,5,27,124,580,2927,14729,74362,377096
round_shots,200,100,100,100,100,100,100,100,100,100
round_queries,200,300,1100,4100,17500,83900,422700,2121500,10647500,53998100
round_k,0,1,5,20,87,419,2113,10607,53237,269990
round_shots,100,100,100,100,100,100,100,100,100,100
round_queries,100,300,1100,4100,18700,89100,443500,2232500,11205700,56843500
round_k,0,1,5,20,93,445,2217,11162,56028,284217
round_shots,200,100,100,100,100,100,100,100,100,100
round_queries,200,300,1100,3100,13100,65500,325100,1625900,8231900,41605700
round_k,0,1,5,15,65,327,1625,8129,41159,208028
round_shots,200,100,100,100,100,100,100,100,100
round_queries,200,500,1500,7100,31700,152700,762700,3807900,19251100
round_k,0,2,7,35,158,763,3813,19039,96255
round_shots,100,100,100,100,100,100,100,100,100,100
round_queries,100,300,1100,4100,17500,86100,425300,2148100,10808100,54760500
round_k,0,1,5,20,87,430,2126,10740,54040,273802
round_shots,100,100,100,100,100,100,100,100,100
round_queries,100,500,1900,8100,36500,179500,881100,4458700,22590100
round_k,0,2,9,40,182,897,4405,22293,112950
round_shots,100,100,100,100,100,100,100,100,100,100
round_queries,100,300,1100,5500,25300,122100,605100,3067300,15479900,78192300
round_k,0,1,5,27,126,610,3025,15336,77399,390961
round_shots,200,100,100,100,100,100,100,100,100,100
round_queries,200,300,1100,3700,16100,75900,379500,1920500,9719700,49129300
round_k,0,1,5,18,80,379,1897,9602,48598,245646
round_shots,200,100,100,100,100,100,100,100,100,100
round_queries,200,300,1100,3500,15300,75900,365100,1824900,9207900,46730300
round_k,0,1,5,17,76,379,1825,9124,46039,233651
round_shots,100,100,100,100,100,100,100,100,100,100
round_queries,100,300,1100,4500,19300,95500,474700,2368300,11882500,60051500
round_k,0,1,5,22,96,477,2373,11841,59412,300257
round_shots,100,100,100,100,100,100,100,100,100,100
round_queries,100,300,700,2300,9700,47500,233900,1168100,5908500,29901100
round_k,0,1,3,11,48,237,1169,5840,29542,149505
round_shots,100,100,100,100,100,100,100,100,100,100
round_queries,100,300,1100,4700,22500,106900,524300,2642100,13358500,67516700
round_k,0,1,5,23,112,534,2621,13210,66792,337583
round_shots,100,100,100,100,100,100,100,100,100,100
round_queries,100,300,1100,5500,25700,123300,612900,3081100,15509900,77970900
round_k,0,1,5,27,128,616,3064,15405,77549,389854
round_shots,100,100,100,100,100,100,100,100,100,100
round_queries,100,300,700,2300,10500,49500,236100,1175500,5884900,29764900
round_k,0,1,3,11,52,247,1180,5877,29424,148824
round_shots,100,100,100,100,100,100,100,100,100,100
round_queries,100,300,1100,5100,24700,117100,589300,2951300,14830100,75100900
round_k,0,1,5,25,123,585,2946,14756,74150,375504
round_shots,100,100,100,100,100,100,100,100,100,100
round_queries,100,300,700,2500,11700,54700,270500,1364900,6887100,34840900
round_k,0,1,3,12,58,273,1352,6824,34435,174204
round_shots,100,100,100,100,100,100,100,100,100,100
round_queries,100,300,1100,4100,19500,93900,467700,2339500,11769100,59691900
round_k,0,1,5,20,97,469,2338,11697,58845,298459
round_shots,200,100,100,100,100,100,100,100,100,100
round_queries,200,300,1100,4700,21100,100500,507700,2541900,12859100,64939500
round_k,0,1,5,23,105,502,2538,12709,64295,324697
round_shots,100,100,100,100,100,100,100,100,100,100
round_queries,100,300,1100,4500,21500,103900,504300,2553700,12814100,64884100
round_k,0,1,5,22,107,519,2521,12768,64070,324420
round_shots,200,100,100,100,100,100,100,100,100,100
round_queries,200,300,700,2900,14300,71500,355300,1793500,9037700,45806100
round_k,0,1,3,14,71,357,1776,8967,45188,229030
round_shots,100,100,100,100,100,100,100,100,100,100
round_queries,100,300,1100,3700,17900,88500,431900,2115900,10607500,53820300
round_k,0,1,5,18,89,442,2159,10579,53037,269101
round_shots,100,100,100,100,100,100,100,100,100,100
round_queries,100,300,1100,3900,18900,89500,433700,2187100,11023700,55798500
round_k,0,1,5,19,94,447,2168,10935,55118,278992
round_shots,100,100,100,100,100,100,100,100,100,100
round_queries,100,300,700,1900,8900,43500,218500,1103300,5587500,28008700
round_k,0,1,3,9,44,217,1092,5516,27937,140043
round_shots,100,100,100,100,100,100,100,100,100,100
round_queries,100,300,1100,4500,21900,109100,537700,2715900,13670300,69352700
round_k,0,1,5,22,109,545,2688,13579,68351,346763
round_shots,200,100,100,100,100,100,100,100,100
round_queries,200,300,1500,5900,27700,135900,674900,3414300,17257900
round_k,0,1,7,29,138,679,3374,17071,86289
round_shots,100,100,100,100,100,100,100,100,100,100
round_queries,100,300,1100,4500,20900,101700,507500,2564900,13002900,65816300
round_k,0,1,5,22,104,508,2537,12824,65014,329081
round_shots,100,100,100,100,100,100,100,100,100,100
round_queries,100,300,700,1900,8100,37100,182100,905300,4564500,22868300
round_k,0,1,3,9,40,185,910,4526,22822,114341
round_shots,200,100,100,100,100,100,100,100,100
round_queries,200,500,1900,7900,39900,197300,986500,4949100,25025700
round_k,0,2,9,39,199,986,4932,24745,125128
round_shots,100,100,100,100,100,100,100,100,100,100
round_queries,100,300,1100,4500,19900,95900,480700,2430100,12250900,62024900
round_k,0,1,5,22,99,479,2403,12150,61254,310124
round_shots,200,100,100,100,100,100,100,100,100
round_queries,200,500,1900,8100,37700,181300,903100,4491900,22561100
round_k,0,2,9,40,188,906,4515,22459,112805
round_shots,200,100,100,100,100,100,100,100,100,100
round_queries,200,300,1100,4900,21500,104500,521100,2606900,13139500,66341900
round_k,0,1,5,24,107,522,2605,13034,65697,331709
round_shots,200,100,100,100,100,100,100,100,100
round_queries,200,500,1900,8700,41300,199300,1002700,5009100,25130100
round_k,0,2,9,43,206,996,5013,25045,125650
round_shots,200,100,100,100,100,100,100,100,100,100
round_queries,200,300,1100,3700,15900,76500,384500,1926300,9740500,49350300
round_k,0,1,5,18,79,382,1922,9631,48702,246751
round_shots,100,100,100,100,100,100,100,100,100,100
round_queries,100,300,1100,4900,22500,108300,528900,2672300,13521500,68412900
round_k,0,1,5,24,112,541,2644,13361,67607,342064
round_shots,100,100,100,100,100,100,100,100,100,100
round_queries,100,300,700,2900,12900,60100,296500,1478500,7423500,37200700
round_k,0,1,3,14,64,300,1482,7392,37117,186003
round_shots,200,100,100,100,100,100,100,100,100,100
round_queries,200,300,1100,5300,25300,120900,593100,2970100,15045900,76217300
round_k,0,1,5,26,126,604,2965,14850,75229,381086
round_shots,200,100,100,100,100,100,100,100,100,100
round_queries,200,300,1100,4500,20500,102300,508900,2558500,12970900,65786300
round_k,0,1,5,22,102,511,2544,12792,64854,328931
round_shots,100,100,100,100,100,100,100,100,100,100
round_queries,100,300,1100,4100,20300,100100,486100,2435900,12334500,62545100
round_k,0,1,5,20,101,500,2430,12179,61672,312725
round_shots,100,100,100,100,100,100,100,100,100,100
round_queries,100,300,700,1900,9100,42100,201900,995300,4995100,25260700
round_k,0,1,3,9,45,210,1009,4976,24975,126303
round_shots,300,100,100,100,100,100,100,100,100
round_queries,300,500,1900,8100,37900,196900,997300,5050900,25389100
round_k,0,2,9,40,189,984,4986,25254,126945
round_shots,100,100,100,100,100,100,100,100,100
round_queries,100,300,1100,5100,23700,118300,584100,2951300,14943500
round_k,0,1,5,25,118,591,2920,14756,74717
round_shots,100,100,100,100,100,100,100,100,100,100
round_queries,100,300,700,3100,14300,70300,352300,1782700,8921900,45171900
round_k,0,1,3,15,71,351,1761,8913,44609,225859
round_shots,100,100,100,100,100,100,100,100,100,100
round_queries,100,300,700,1900,9300,44300,210700,1036900,5223700,26376700
round_k,0,1,3,9,46,221,1053,5184,26118,131883
round_shots,100,100,100,100,100,100,100,100,100,100
round_queries,100,300,700,1900,8100,37500,186100,929700,4674900,23672300
round_k,0,1,3,9,40,187,930,4648,23374,118361
round_shots,200,100,100,100,100,100,100,100,100,100
round_queries,200,300,1100,4500,20700,102100,507900,2535300,12854700,65059900
round_k,0,1,5,22,103,510,2539,12676,64273,325299
round_shots,300,100,100,100,100,100,100,100,100,100
round_queries,300,300,1100,4700,21500,104700,521900,2628900,13282500,67417500
round_k,0,1,5,23,107,523,2609,13144,66412,337087
round_shots,100,100,100,100,100,100,100,100,100,100
round_queries,100,300,700,1900,7500,37300,184700,931300,4699100,23806300
round_k,0,1,3,9,37,186,923,4656,23495,119031
round_shots,200,100,100,100,100,100,100,100,100,100
round_queries,200,300,1100,5300,23100,113500,564100,2824500,14322300,72447100
round_k,0,1,5,26,115,567,2820,14122,71611,362235
round_shots,100,100,100,100,100,100,100,100,100,100
round_queries,100,300,1100,5100,24900,120500,605900,3061100,15517700,78260100
round_k,0,1,5,25,124,602,3029,15305,77588,391300
round_shots,200,100,100,100,100,100,100,100,100,100
round_queries,200,300,1100,4100,18700,88500,426900,2143900,10827900,54872500
round_k,0,1,5,20,93,442,2134,10719,54139,274362
round_shots,300,100,100,100,100,100,100,100,100,100
round_queries,300,300,1100,4500,20500,99300,487500,2431500,12292100,62352900
round_k,0,1,5,22,102,496,2437,12157,61460,311764
round_shots,200,100,100,100,100,100,100,100,100
round_queries,200,700,2300,9100,45500,225300,1122900,5660100,28598900
round_k,0,3,11,45,227,1126,5614,28300,142994
round_shots,100,100,100,100,100,100,100,100,100,100
round_queries,100,300,1100,3100,13300,61900,303500,1522300,7686700,38829500
round_k,0,1,5,15,66,309,1517,7611,38433,194147
round_shots,200,100,100,100,100,100,100,100,100
round_queries,200,300,1100,5500,26500,129700,645100,3257100,16487500
round_k,0,1,5,27,132,648,3225,16285,82437
round_shots,200,200,100,100,100,100,100,100,100
round_queries,200,600,1900,7100,34500,165100,817300,4082900,20662300
round_k,0,1,9,35,172,825,4086,20414,103311
round_shots,200,100,100,100,100,100,100,100,100,100
round_queries,200,300,1500,5300,24300,118500,600700,3032500,15384300,77320900
round_k,0,1,7,26,121,592,3003,15162,76921,386604
round_shots,100,100,100,100,100,100,100,100,100,100
round_queries,100,300,1100,4700,23500,117900,595100,3006100,15194300,76373700
round_k,0,1,5,23,117,589,2975,15030,75971,381868
round_shots,100,100,100,100,100,100,100,100,100,100
round_queries,100,300,700,2300,10300,47100,235500,1171500,5901700,29839300
round_k,0,1,3,11,51,235,1177,5857,29508,149196
round_shots,100,100,100,100,100,100,100,100,100,100
round_queries,100,300,1100,4100,17300,86300,415900,2057100,10366100,52413700
round_k,0,1,5,20,86,431,2079,10285,51830,262068
round_shots,100,100,100,100,100,100,100,100,100,100
round_queries,100,300,1100,3700,17300,86900,422700,2134100,10781900,54499300
round_k,0,1,5,18,86,434,2113,10670,53909,272496
round_shots,100,100,100,100,100,100,100,100,100,100
round_queries,100,300,1100,3700,16900,80900,404700,2047900,10335100,52355300
round_k,0,1,5,18,84,404,2023,10239,51675,261776
round_shots,100,100,100,100,100,100,100,100,100,100
round_queries,100,300,1100,4700,22100,106300,531700,2652100,13343300,67735500
round_k,0,1,5,23,110,531,2658,13260,66716,338677
round_shots,100,100,100,100,100,100,100,100,100,100
round_queries,100,300,700,2900,12900,60700,299100,1500700,7571100,38173700
round_k,0,1,3,14,64,303,1495,7503,37855,190868
round_shots,100,100,100,100,100,100,100,100,100
round_queries,100,300,1500,6900,33300,166500,831500,4140300,20920300
round_k,0,1,7,34,166,832,4157,20701,104601
round_shots,200,100,100,100,100,100,100,100,100,100
round_queries,200,300,1100,4500,20900,104900,527900,2658700,13432900,67726100
round_k,0,1,5,22,104,524,2639,13293,67164,338630
round_shots,100,100,100,100,100,100,100,100,100,100
round_queries,100,300,700,1900,8500,39900,193700,978500,4916700,24941100
round_k,0,1,3,9,42,199,968,4892,24583,124705
round_shots,200,100,100,100,100,100,100,100,100,100
round_queries,200,300,700,2900,12100,57900,282700,1421700,7211100,36481500
round_k,0,1,3,14,60,289,1413,7108,36055,182407
round_shots,100,100,100,100,100,100,100,100,100,100
round_queries,100,300,1100,4500,19900,97700,487700,2458500,12395700,62927700
round_k,0,1,5,22,99,488,2438,12292,61978,314638
round_shots,100,100,100,100,100,100,100,100,100,100
round_queries,100,300,1100,4100,18300,87900,434100,2167700,10866300,55092100
round_k,0,1,5,20,91,439,2170,10838,54331,275460
round_shots,100,100,100,100,100,100,100,100,100,100
round_queries,100,300,700,3300,13900,66100,326700,1638700,8279500,41739100
round_k,0,1,3,16,69,330,1633,8193,41397,208695
round_shots,200,100,100,100,100,100,100,100,100,100
round_queries,200,300,1500,4900,22700,113500,571300,2844900,14434100,73034500
round_k,0,1,7,24,113,567,2856,14224,72170,365172
round_shots,200,100,100,100,100,100,100,100,100,100
round_queries,200,300,1100,4100,20300,101700,500700,2508500,12654300,64088300
round_k,0,1,5,20,101,508,2503,12542,63271,320441
round_shots,100,100,100,100,100,100,100,100,100,100
round_queries,100,300,1100,5100,24300,120500,603100,2986300,15081500,76470500
round_k,0,1,5,25,121,602,3015,14931,75407,382352
round_shots,200,100,100,100,100,100,100,100,100
round_queries,200,300,1500,6300,28700,141100,701900,3535500,17899900
round_k,0,1,7,31,143,705,3509,17677,89499
round_shots,200,100,100,100,100,100,100,100,100,100
round_queries,200,300,1100,4500,20300,96900,487700,2440500,12259300,62057100
round_k,0,1,5,22,101,484,2438,12202,61296,310285
round_shots,200,100,100,100,100,100,100,100,100,100
round_queries,200,300,700,2300,10100,46900,236900,1182900,5996100,30031300
round_k,0,1,3,11,50,234,1184,5914,29980,150156
round_shots,100,100,100,100,100,100,100,100,100
round_queries,100,300,1100,5100,25100,123900,612900,3089900,15685300
round_k,0,1,5,25,125,619,3064,15449,78426
round_shots,200,100,100,100,100,100,100,100,100,100
round_queries,200,300,1100,5100,23700,115900,585300,2961700,14833100,74706300
round_k,0,1,5,25,118,579,2926,14808,74165,373531
round_shots,100,100,100,100,100,100,100,100,100,100
round_queries,100,300,1100,5100,24300,119300,593100,2990900,15109100,76538700
round_k,0,1,5,25,121,596,2965,14954,75545,382693
round_shots,100,100,100,100,100,100,100,100,100,100
round_queries,100,300,1100,4900,22500,106700,536300,2710700,13612900,68903900
round_k,0,1,5,24,112,533,2681,13553,68064,344519
round_shots,100,100,100,100,100,100,100,100,100,100
round_queries,100,300,1100,3700,16100,80300,404100,2028100,10294100,52163900
round_k,0,1,5,18,80,401,2020,10140,51470,260819
round_shots,100,100,100,100,100,100,100,100,100,100
round_queries,100,300,1100,4100,18300,84100,404700,2018500,10197900,51585700
round_k,0,1,5,20,91,420,2023,10092,50989,257928
round_shots,200,100,100,100,100,100,100,100,100,100
round_queries,200,300,1100,4100,19100,90100,451100,2263100,11421100,57733900
round_k,0,1,5,20,95,450,2255,11315,57105,288669
round_shots,100,100,100,100,100,100,100,100,100,100
round_queries,100,300,1100,4100,18500,89300,450700,2258700,11405300,57922500
round_k,0,1,5,20,92,446,2253,11293,57026,289612
round_shots,100,100,100,100,100,100,100,100,100,100
round_queries,100,300,1100,4100,17700,82700,407100,2054500,10370100,52661300
round_k,0,1,5,20,88,413,2035,10272,51850,263306
round_shots,100,100,100,100,100,100,100,100,100,100
round_queries,100,300,1100,3700,15500,74500,367300,1784700,8938300,45293700
round_k,0,1,5,18,77,372,1836,8923,44691,226468
round_shots,300,100,100,100,100,100,100,100,100,100
round_queries,300,300,1100,4700,21900,104300,515900,2601300,13123500,66572700
round_k,0,1,5,23,109,521,2579,13006,65617,332863
round_shots,300,100,100,100,100,100,100,100,100
round_queries,300,500,2300,10500,50500,244100,1234100,6230100,31574100
round_k,0,2,11,52,252,1220,6170,31150,157870
round_shots,100,100,100,100,100,100,100,100,100,100
round_queries,100,300,1100,3700,16500,82100,405700,2024500,10263700,52034100
round_k,0,1,5,18,82,410,2028,10122,51318,260170
round_shots,200,100,100,100,100,100,100,100,100
round_queries,200,300,1100,5500,25700,121900,616700,3093700,15659900
round_k,0,1,5,27,128,609,3083,15468,78299
round_shots,100,100,100,100,100,100,100,100,100,100
round_queries,100,300,1500,5300,24100,114700,575300,2900700,14703300,73985900
round_k,0,1,7,26,120,573,2876,14503,73516,369929
round_shots,100,100,100,100,100,100,100,100,100
round_queries,100,300,1500,5900,28900,140100,698700,3516100,17743100
round_k,0,1,7,29,144,700,3493,17580,88715
round_shots,100,100,100,100,100,100,100,100,100,100
round_queries,100,300,700,3300,14700,67700,333700,1673300,8323900,41951900
round_k,0,1,3,16,73,338,1668,8366,41619,209759
round_shots,200,100,100,100,100,100,100,100,100,100
round_queries,200,300,1100,3100,15100,71900,353500,1783100,9033500,45796300
round_k,0,1,5,15,75,359,1767,8915,45167,228981
round_shots,100,100,100,100,100,100,100,100,100
round_queries,100,300,1500,6700,32700,158900,794900,4013700,20192500
round_k,0,1,7,33,163,794,3974,20068,100962
round_shots,100,100,100,100,100,100,100,100,100,100
round_queries,100,300,1100,4500,21500,99500,487100,2431900,12274300,61725900
round_k,0,1,5,22,107,497,2435,12159,61371,308629
round_shots,100,100,100,100,100,100,100,100,100,100
round_queries,100,300,1100,5100,24100,121300,604900,3050500,15433300,77524900
round_k,0,1,5,25,120,606,3024,15252,77166,387624
round_shots,100,100,100,100,100,100,100,100,100,100
round_queries,100,300,1100,4700,23500,113300,563700,2834100,14308100,72504500
round_k,0,1,5,23,117,566,2818,14170,71540,362522
round_shots,100,100,100,100,100,100,100,100,100,100
round_queries,100,300,1100,4100,17900,94300,473500,2377100,11956900,60513700
round_k,0,1,5,20,89,471,2367,11885,59784,302568
round_shots,300,100,100,100,100,100,100,100,100
round_queries,300,500,1500,6700,32900,160900,796700,4019300,20306100
round_k,0,2,7,33,164,804,3983,20096,101530
round_shots,200,100,100,100,100,100,100,100,100,100
round_queries,200,300,700,1900,7900,36100,177900,889500,4426900,22359500
round_k,0,1,3,9,39,180,889,4447,22134,111797
round_shots,100,100,100,100,100,100,100,100,100,100
round_queries,100,300,1100,4700,22300,109100,545100,2735300,13788900,70003700
round_k,0,1,5,23,111,545,2725,13676,68944,350018
round_shots,100,100,100,100,100,100,100,100,100,100
round_queries,100,300,1100,4700,22300,105900,527700,2644900,13473900,68381900
round_k,0,1,5,23,111,529,2638,13224,67369,341909
round_shots,200,100,100,100,100,100,100,100,100
round_queries,200,300,1500,5900,27500,132900,645900,3257100,16492700
round_k,0,1,7,29,137,664,3229,16285,82463
round_shots,100,100,100,100,100,100,100,100,100,100
round_queries,100,300,1100,4500,20100,99500,494900,2474900,12523700,63488100
round_k,0,1,5,22,100,497,2474,12374,62618,317440
round_shots,100,100,100,100,100,100,100,100,100,100
round_queries,100,300,900,4500,21300,104500,519700,2612300,13241900,66966700
round_k,0,1,4,22,106,522,2598,13061,66209,334833
round_shots,200,100,100,100,100,100,100,100,100,100
round_queries,200,300,700,1900,7100,32700,163300,812500,4104300,20635300
round_k,0,1,3,9,35,163,816,4062,20521,103176
round_shots,100,100,100,100,100,100,100,100,100,100
round_queries,100,300,1100,4100,17100,80900,398900,1993900,10083700,50800500
round_k,0,1,5,20,85,404,1994,9969,50418,254002
round_shots,100,100,100,100,100,100,100,100,100,100
round_queries,100,300,700,2300,11300,55300,277900,1389900,7028100,35592300
round_k,0,1,3,11,56,276,1389,6949,35140,177961
round_shots,100,100,100,100,100,100,100,100,100
round_queries,100,300,1100,5100,24500,123300,614300,3095900,15598900
round_k,0,1,5,25,122,616,3071,15479,77994
round_shots,100,100,100,100,100,100,100,100,100,100
round_queries,100,300,700,2500,11100,54100,262700,1314900,6643900,33694900
round_k,0,1,3,12,55,270,1313,6574,33219,168474
round_shots,200,100,100,100,100,100,100,100,100,100
round_queries,200,300,1100,4500,20900,97500,490300,2473500,12438300,62614300
round_k,0,1,5,22,104,487,2451,12367,62191,313071
round_shots,100,100,100,100,100,100,100,100,100,100
round_queries,100,300,1100,4700,21700,107700,527900,2657900,13391100,67647700
round_k,0,1,5,23,108,538,2639,13289,66955,338238
round_shots,100,100,100,100,100,100,100,100,100,100
round_queries,100,300,1100,3700,17300,82300,406900,2033500,10320300,52288100
round_k,0,1,5,18,86,411,2034,10167,51601,261440
round_shots,200,100,100,100,100,100,100,100,100
round_queries,200,300,1500,6500,29500,141500,717900,3626100,18369900
round_k,0,1,7,32,147,707,3589,18130,91849
round_shots,100,100,100,100,100,100,100,100,100
round_queries,100,300,1100,5500,26900,133900,668500,3364900,16998500
round_k,0,1,5,27,134,669,3342,16824,84992
round_shots,200,100,100,100,100,100,100,100,100,100
round_queries,200,300,1100,4100,19500,92300,461900,2318300,11696100,58960500
round_k,0,1,5,20,97,461,2309,11591,58480,294802
round_shots,200,100,100,100,100,100,100,100,100,100
round_queries,200,300,1100,4100,19500,95500,464700,2820700,14112900,71623500
round_k,0,1,5,20,97,477,2323,14103,70564,358117
round_shots,100,100,100,100,100,100,100,100,100,100
round_queries,100,300,1100,3700,16700,79900,389100,1890100,9344100,46854500
round_k,0,1,5,18,83,399,1945,9450,46720,234272
round_shots,100,100,100,100,100,100,100,100,100,100
round_queries,100,300,700,2900,12500,62100,297700,1499500,7626700,38609500
round_k,0,1,3,14,62,310,1488,7497,38133,193047
round_shots,200,100,100,100,100,100,100,100,100,100
round_queries,200,300,1100,5100,22700,108900,521300,2531700,12782500,64845700
round_k,0,1,5,25,113,544,2606,12658,63912,324228
round_shots,100,100,100,100,100,100,100,100,100,100
round_queries,100,300,1100,4900,21700,108900,538300,2711500,13730500,69406500
round_k,0,1,5,24,108,544,2691,13557,68652,347032
round_shots,200,100,100,100,100,100,100,100,100,100
round_queries,200,300,1100,4100,18700,92300,458900,2288500,11477300,58123500
round_k,0,1,5,20,93,461,2294,11442,57386,290617
round_shots,100,100,100,100,100,100,100,100,100,100
round_queries,100,300,1100,3700,16900,78900,378300,1881900,9516900,48181700
round_k,0,1,5,18,84,394,1891,9409,47584,240908
round_shots,100,100,100,100,100,100,100,100,100
round_queries,100,500,1500,6700,33100,156300,732100,3639500,18107500
round_k,0,2,7,33,165,781,3660,18197,90537
round_shots,200,100,100,100,100,100,100,100,100,100
round_queries,200,300,700,1900,8500,39300,184500,914100,4602100,23268100
round_k,0,1,3,9,42,196,922,4570,23010,116340
round_shots,100,100,100,100,100,100,100,100,100,100
round_queries,100,300,1100,3500,15700,74900,363900,1824300,9151100,46468900
round_k,0,1,5,17,78,374,1819,9121,45755,232344
round_shots,200,100,100,100,100,100,100,100,100
round_queries,200,500,1900,7100,33100,161500,803300,4052100,20482900
round_k,0,2,9,35,165,807,4016,20260,102414
round_shots,200,100,100,100,100,100,100,100,100,100
round_queries,200,300,1100,3700,17700,87300,429100,2157500,10902900,54830900
round_k,0,1,5,18,88,436,2145,10787,54514,274154
round_shots,100,100,100,100,100,100,100,100,100,100
round_queries,100,300,1100,3700,15900,75900,376500,1861900,9390100,47542500
round_k,0,1,5,18,79,379,1882,9309,46950,237712
round_shots,200,100,100,100,100,100,100,100,100,100
round_queries,200,300,700,2300,9700,45300,220700,1101500,5548700,28055900
round_k,0,1,3,11,48,226,1103,5507,27743,140279
round_shots,200,100,100,100,100,100,100,100,100,100
round_queries,200,300,1100,4500,21500,100500,506500,2549500,12892500,65276900
round_k,0,1,5,22,107,502,2532,12747,64462,326384
round_shots,200,100,100,100,100,100,100,100,100,100
round_queries,200,300,700,1900,7500,36700,183500,913900,4560700,23070100
round_k,0,1,3,9,37,183,917,4569,22803,115350
round_shots,200,100,100,100,100,100,100,100,100
round_queries,200,500,1900,7900,39300,192300,969900,4863700,24621500
round_k,0,2,9,39,196,961,4849,24318,123107
round_shots,100,100,100,100,100,100,100,100,100,100
round_queries,100,300,1100,3100,14300,66900,335900,1663300,8355500,42084500
round_k,0,1,5,15,71,334,1679,8316,41777,210422
round_shots,200,100,100,100,100,100,100,100,100,100
round_queries,200,300,1100,5500,24700,119900,599100,3007900,15207300,76678300
round_k,0,1,5,27,123,599,2995,15039,76036,383391
round_shots,100,100,100,100,100,100,100,100,100,100
round_queries,100,300,1100,4900,22300,107900,517300,2610500,13199100,66523500
round_k,0,1,5,24,111,539,2586,13052,65995,332617
round_shots,200,100,100,100,100,100,100,100,100,100
round_queries,200,300,1100,3700,17700,86500,435100,2178100,10985500,55581900
round_k,0,1,5,18,88,432,2175,10890,54927,277909
round_shots,100,100,100,100,100,100,100,100,100,100
round_queries,100,300,700,2300,10500,51100,254500,1275100,6435300,32606100
round_k,0,1,3,11,52,255,1272,6375,32176,163030
round_shots,100,100,100,100,100,100,100,100,100,100
round_queries,100,300,700,2900,14300,68700,344700,1729700,8747900,44273500
round_k,0,1,3,14,71,343,1723,8648,43739,221367
round_shots,200,100,100,100,100,100,100,100,100,100
round_queries,200,300,1100,3100,15100,73300,363900,1822700,9208100,46604700
round_k,0,1,5,15,75,366,1819,9113,46040,233023
round_shots,200,100,100,100,100,100,100,100,100,100
round_queries,200,300,1100,5100,24500,117100,576100,2915700,14748900,74750500
round_k,0,1,5,25,122,585,2880,14578,73744,373752
round_shots,200,100,100,100,100,100,100,100,100,100
round_queries,200,300,700,2900,13700,65100,320100,1603700,8098900,40833900
round_k,0,1,3,14,68,325,1600,8018,40494,204169
round_shots,100,100,100,100,100,100,100,100,100,100
round_queries,100,300,1100,4100,17700,81900,401700,2018100,10157100,51194900
round_k,0,1,5,20,88,409,2008,10090,50785,255974
round_shots,200,100,100,100,100,100,100,100,100,100
round_queries,200,300,1100,4700,20300,101300,498100,2479300,12530700,63568300
round_k,0,1,5,23,101,506,2490,12396,62653,317841
round_shots,100,100,100,100,100,100,100,100,100,100
round_queries,100,300,1100,4300,18500,90900,450900,2270900,11484900,58350100
round_k,0,1,5,21,92,454,2254,11354,57424,291750
round_shots,100,100,100,100,100,100,100,100,100
round_queries,100,300,1100,5100,25300,124500,619700,3126500,15724100
round_k,0,1,5,25,126,622,3098,15632,78620
round_shots,100,100,100,100,100,100,100,100,100,100
round_queries,100,300,1100,3700,17300,83700,396900,2010900,10162900,51584100
round_k,0,1,5,18,86,418,1984,10054,50814,257920
round_shots,100,100,100,100,100,100,100,100,100,100
round_queries,100,300,1100,3500,15500,72900,351300,1733900,8754100,44331100
round_k,0,1,5,17,77,364,1756,8669,43770,221655
round_shots,200,100,100,100,100,100,100,100,100,100
round_queries,200,300,1100,3700,16300,79700,401300,2015500,10182500,51643500
round_k,0,1,5,18,81,398,2006,10077,50912,258217
round_shots,100,100,100,100,100,100,100,100,100,100
round_queries,100,300,1100,5100,25700,120900,596700,2997900,15167100,76645700
round_k,0,1,5,25,128,604,2983,14989,75835,383228
round_shots,100,100,100,100,100,100,100,100,100,100
round_queries,100,300,700,3300,14100,66500,330500,1672300,8401100,41912700
round_k,0,1,3,16,70,332,1652,8361,42005,209563
round_shots,100,100,100,100,100,100,100,100,100,100
round_queries,100,300,700,2300,11500,54100,271100,1374900,6937500,34943100
round_k,0,1,3,11,57,270,1355,6874,34687,174715
round_shots,100,100,100,100,100,100,100,100,100,100
round_queries,100,300,1100,4300,19100,87100,409900,2071900,10403100,52722700
round_k,0,1,5,21,95,435,2049,10359,52015,263613
round_shots,200,200,100,100,100,100,100,100,100
round_queries,200,600,1900,7900,37900,177700,840900,4257700,21614500
round_k,0,1,9,39,189,888,4204,21288,108072
round_shots,200,100,100,100,100,100,100,100,100,100
round_queries,200,300,700,2300,10300,49100,243900,1223100,6175500,31284700
round_k,0,1,3,11,51,245,1219,6115,30877,156423
round_shots,100,100,100,100,100,100,100,100,100,100
round_queries,100,300,1100,4100,17100,84700,415100,2094500,10596300,53693900
round_k,0,1,5,20,85,423,2075,10472,52981,268469
round_shots,200,100,100,100,100,100,100,100,100,100
round_queries,200,300,1100,4300,18500,86500,429100,2148500,10812300,54667900
round_k,0,1,5,21,92,432,2145,10742,54061,273339
round_shots,100,100,100,100,100,100,100,100,100,100
round_queries,100,300,1100,3700,17100,82700,411300,2058300,10392500,52719900
round_k,0,1,5,18,85,413,2056,10291,51962,263599
round_shots,100,100,100,100,100,100,100,100,100,100
round_queries,100,300,1100,3700,16700,82300,412700,2079700,10487900,52747900
round_k,0,1,5,18,83,411,2063,10398,52439,263739
round_shots,100,100,100,100,100,100,100,100,100,100
round_queries,100,300,1100,4700,23300,114900,572100,2887500,14555500,73843700
round_k,0,1,5,23,116,574,2860,14437,72777,369218
round_shots,100,100,100,100,100,100,100,100,100,100
round_queries,100,300,1100,4900,22300,106700,528900,2663700,13452500,68166100
round_k,0,1,5,24,111,533,2644,13318,67262,340830
round_shots,100,100,100,100,100,100,100,100,100,100
round_queries,100,300,1100,4700,20700,99900,490500,2451300,12282300,62086700
round_k,0,1,5,23,103,499,2452,12256,61411,310433
round_shots,200,100,100,100,100,100,100,100,100
round_queries,200,500,1900,8500,38700,193300,972700,4932300,24916900
round_k,0,2,9,42,193,966,4863,24661,124584
round_shots,100,100,100,100,100,100,100,100,100
round_queries,100,300,1500,5300,25700,125900,628100,3132700,15900500
round_k,0,1,7,26,128,629,3140,15663,79502
round_shots,200,100,100,100,100,100,100,100,100,100
round_queries,200,300,1100,3700,16500,76500,382900,1921300,9633500,48655500
round_k,0,1,5,18,82,382,1914,9606,48167,243277
round_shots,100,100,100,100,100,100,100,100,100,100
round_queries,100,300,1100,4100,18500,91300,454500,2258300,11426100,57804100
round_k,0,1,5,20,92,456,2272,11291,57130,289020
round_shots,200,100,100,100,100,100,100,100,100,100
round_queries,200,300,1100,4100,17900,85300,418900,2108300,10579900,53527900
round_k,0,1,5,20,89,426,2094,10541,52899,267639
round_shots,100,100,100,100,100,100,100,100,100,100
round_queries,100,300,1100,4100,18500,87100,441100,2203300,11129900,56383500
round_k,0,1,5,20,92,435,2205,11016,55649,281917
round_shots,100,100,100,100,100,100,100,100,100,100
round_queries,100,300,1100,4900,21900,108700,536700,2717900,13714900,69345300
round_k,0,1,5,24,109,543,2683,13589,68574,346726
round_shots,100,100,100,100,100,100,100,100,100,100
round_queries,100,300,1100,3700,16700,83300,408100,2051900,10392300,52774700
round_k,0,1,5,18,83,416,2040,10259,51961,263873
round_shots,200,100,100,100,100,100,100,100,100
round_queries,200,300,1100,5500,25300,122300,611500,3069900,15537300
round_k,0,1,5,27,126,611,3057,15349,77686
round_shots,200,100,100,100,100,100,100,100,100
round_queries,200,300,1500,5900,28500,140100,689900,3484500,17673100
round_k,0,1,7,29,142,700,3449,17422,88365
round_shots,200,100,100,100,100,100,100,100,100,100
round_queries,200,300,1100,4500,21900,105700,506700,2528500,12803700,64749100
round_k,0,1,5,22,109,528,2533,12642,64018,323745
round_shots,200,100,100,100,100,100,100,100,100,100
round_queries,200,300,1100,4900,22500,106900,530500,2652500,13403700,67893100
round_k,0,1,5,24,112,534,2652,13262,67018,339465
round_shots,300,100,100,100,100,100,100,100,100
round_queries,300,500,2300,11300,53100,248100,1245700,6266300,31675700
round_k,0,2,11,56,265,1240,6228,31331,158378
round_shots,200,100,100,100,100,100,100,100,100,100
round_queries,200,300,700,3300,14300,67500,334900,1681500,8476700,42987700
round_k,0,1,3,16,71,337,1674,8407,42383,214938
round_shots,200,100,100,100,100,100,100,100,100,100
round_queries,200,300,1100,4500,21100,102700,514500,2592500,13104900,66519900
round_k,0,1,5,22,105,513,2572,12962,65524,332599
round_shots,100,100,100,100,100,100,100,100,100,100
round_queries,100,300,700,2500,11300,53900,265700,1332700,6727100,34050300
round_k,0,1,3,12,56,269,1328,6663,33635,170251
round_shots,100,100,100,100,100,100,100,100,100,100
round_queries,100,300,1100,3700,16500,77500,378300,1902100,9571500,48543100
round_k,0,1,5,18,82,387,1891,9510,47857,242715
round_shots,200,100,100,100,100,100,100,100,100
round_queries,200,300,1500,5500,27300,135100,678500,3407900,17222500
round_k,0,1,7,27,136,675,3392,17039,86112
round_shots,200,100,100,100,100,100,100,100,100,100
round_queries,200,300,1100,4700,21900,108500,535900,2708500,13685900,69314500
round_k,0,1,5,23,109,542,2679,13542,68429,346572
round_shots,100,100,100,100,100,100,100,100,100,100
round_queries,100,300,1100,4300,19100,92300,452900,2268100,11469700,58012300
round_k,0,1,5,21,95,461,2264,11340,57348,290061
round_shots,300,100,100,100,100,100,100,100,100,100
round_queries,300,300,1100,4900,21700,105100,527500,2637500,13304700,67385500
round_k,0,1,5,24,108,525,2637,13187,66523,336927
round_shots,100,100,100,100,100,100,100,100,100,100
round_queries,100,300,700,2300,8900,44700,221500,1117100,5630700,28387300
round_k,0,1,3,11,44,223,1107,5585,28153,141936
round_shots,200,100,100,100,100,100,100,100,100,100
round_queries,200,300,1100,3700,15300,73300,365300,1835500,9281700,47034700
round_k,0,1,5,18,76,366,1826,9177,46408,235173
round_shots,300,100,100,100,100,100,100,100,100,100
round_queries,300,300,1100,4500,20100,96300,479500,2423700,12247700,62013700
round_k,0,1,5,22,100,481,2397,12118,61238,310068
round_shots,200,100,100,100,100,100,100,100,100,100
round_queries,200,300,1100,5100,24700,120300,594900,2979100,14961700,75941500
round_k,0,1,5,25,123,601,2974,14895,74808,379707
round_shots,200,100,100,100,100,100,100,100,100,100
round_queries,200,300,1100,4900,23500,111300,549100,2758900,13949500,70752900
round_k,0,1,5,24,117,556,2745,13794,69747,353764
round_shots,100,100,100,100,100,100,100,100,100
round_queries,100,500,1900,7900,36700,177100,884700,4416700,22209700
round_k,0,2,9,39,183,885,4423,22083,111048
round_shots,100,100,100,100,100,100,100,100,100,100
round_queries,100,300,1100,3100,14500,69500,339700,1711100,8580900,43521700
round_k,0,1,5,15,72,347,1698,8555,42904,217608
round_shots,200,100,100,100,100,100,100,100,100,100
round_queries,200,300,1100,5500,25900,124300,611300,3073100,15441100,78441100
round_k,0,1,5,27,129,621,3056,15365,77205,392205
round_shots,100,100,100,100,100,100,100,100,100,100
round_queries,100,300,700,2300,10100,49700,245700,1232700,6222900,31489700
round_k,0,1,3,11,50,248,1228,6163,31114,157448
round_shots,200,100,100,100,100,100,100,100,100
round_queries,200,700,2900,13500,64100,313700,1569500,7913500,39878900
round_k,0,3,14,67,320,1568,7847,39567,199394
round_shots,200,100,100,100,100,100,100,100,100,100
round_queries,200,300,1100,5100,23100,115100,565300,2812500,14207900,71603700
round_k,0,1,5,25,115,575,2826,14062,71039,358018
round_shots,100,100,100,100,100,100,100,100,100,100
round_queries,100,300,1100,3700,18300,89100,435700,2203500,11088700,56211700
round_k,0,1,5,18,91,445,2178,11017,55443,281058
round_shots,200,100,100,100,100,100,100,100,100,100
round_queries,200,300,1100,4500,21500,103300,522900,2645500,13325100,67515900
round_k,0,1,5,22,107,516,2614,13227,66625,337579
round_shots,100,100,100,100,100,100,100,100,100,100
round_queries,100,300,1100,5500,24300,115900,570900,2857100,14408500,72425100
round_k,0,1,5,27,121,579,2854,14285,72042,362125
round_shots,200,100,100,100,100,100,100,100,100,100
round_queries,200,300,1100,4300,19300,94300,464900,2343900,11882500,60313700
round_k,0,1,5,21,96,471,2324,11719,59412,301568
round_shots,100,100,100,100,100,100,100,100,100,100
round_queries,100,300,1100,4100,19900,98500,487500,2463700,12320500,62517700
round_k,0,1,5,20,99,492,2437,12318,61602,312588
round_shots,100,100,100,100,100,100,100,100,100,100
round_queries,100,300,1100,4500,20500,100100,497700,2511500,12716700,64589500
round_k,0,1,5,22,102,500,2488,12557,63583,322947
round_shots,100,100,100,100,100,100,100,100,100,100
round_queries,100,300,700,2700,11900,57500,282300,1429700,7188100,36476100
round_k,0,1,3,13,59,287,1411,7148,35940,182380
round_shots,200,100,100,100,100,100,100,100,100,100
round_queries,200,300,1100,4900,23100,111700,556300,2771700,14004100,70936300
round_k,0,1,5,24,115,558,2781,13858,70020,354681
round_shots,200,100,100,100,100,100,100,100,100,100
round_queries,200,300,1100,4900,22500,111500,559900,2805500,14042700,71211500
round_k,0,1,5,24,112,557,2799,14027,70213,356057
round_shots,200,100,100,100,100,100,100,100,100,100
round_queries,200,300,1100,3100,13300,63500,306500,1532500,7764900,39353700
round_k,0,1,5,15,66,317,1532,7662,38824,196768
round_shots,100,100,100,100,100,100,100,100,100
round_queries,100,300,1100,5500,26700,131100,649700,3268700,16514700
round_k,0,1,5,27,133,655,3248,16343,82573
round_shots,100,100,100,100,100,100,100,100,100,100
round_queries,100,300,700,3300,15900,74900,375300,1882700,9461900,47602900
round_k,0,1,3,16,79,374,1876,9413,47309,238014
round_shots,100,100,100,100,100,100,100,100,100,100
round_queries,100,300,700,1900,8300,37900,189300,928700,4633900,23443300
round_k,0,1,3,9,41,189,946,4643,23169,117216
round_shots,100,100,100,100,100,100,100,100,100
round_queries,100,300,1500,6300,28700,137900,686900,3440900,17405900
round_k,0,1,7,31,143,689,3434,17204,87029
round_shots,100,100,100,100,100,100,100,100,100,100
round_queries,100,300,1100,4500,22500,107500,538500,2705100,13654500,69202900
round_k,0,1,5,22,112,537,2692,13525,68272,346014
round_shots,200,100,100,100,100,100,100,100,100,100
round_queries,200,300,1100,3700,18300,84900,424500,2123500,10732100,54369900
round_k,0,1,5,18,91,424,2122,10617,53660,271849
round_shots,200,100,100,100,100,100,100,100,100,100
round_queries,200,300,1100,3700,17300,86500,437700,2187500,11068100,56156300
round_k,0,1,5,18,86,432,2188,10937,55340,280781
round_shots,200,100,100,100,100,100,100,100,100
round_queries,200,500,1900,8100,37700,184700,917900,4611100,23309900
round_k,0,2,9,40,188,923,4589,23055,116549
round_shots,100,100,100,100,100,100,100,100,100,100
round_queries,100,300,700,3300,15300,75900,368300,1836100,9228100,46693900
round_k,0,1,3,16,76,379,1841,9180,46140,233469
round_shots,200,100,100,100,100,100,100,100,100
round_queries,200,300,1500,5900,28500,138900,692100,3486500,17681900
round_k,0,1,7,29,142,694,3460,17432,88409
round_shots,200,100,100,100,100,100,100,100,100,100
round_queries,200,300,700,1900,7900,37300,182700,907300,4516900,22810500
round_k,0,1,3,9,39,186,913,4536,22584,114052
round_shots,100,100,100,100,100,100,100,100,100,100
round_queries,100,300,1100,4900,22700,108100,532100,2677700,13521100,68339500
round_k,0,1,5,24,113,540,2660,13388,67605,341697
round_shots,200,100,100,100,100,100,100,100,100,100
round_queries,200,300,1100,4100,17500,84700,415700,2055500,10376900,52227100
round_k,0,1,5,20,87,423,2078,10277,51884,261135
round_shots,100,100,100,100,100,100,100,100,100,100
round_queries,100,300,700,2300,11300,52300,251900,1261100,6350300,32099100
round_k,0,1,3,11,56,261,1259,6305,31751,160495
round_shots,100,100,100,100,100,100,100,100,100,100
round_queries,100,300,1100,4100,18100,86900,427300,2135900,10801300,54550900
round_k,0,1,5,20,90,434,2136,10679,54006,272754
round_shots,100,100,100,100,100,100,100,100,100,100
round_queries,100,300,700,2900,11900,61700,294700,1475700,7436700,37596300
round_k,0,1,3,14,59,308,1473,7378,37183,187981
round_shots,100,100,100,100,100,100,100,100,100
round_queries,100,300,1100,5500,26500,130900,652500,3279300,16555100
round_k,0,1,5,27,132,654,3262,16396,82775
round_shots,100,100,100,100,100,100,100,100,100,100
round_queries,100,300,700,3300,15300,71500,348900,1760700,8842500,44806100
round_k,0,1,3,16,76,357,1744,8803,44212,224030
round_shots,100,100,100,100,100,100,100,100,100,100
round_queries,100,300,700,2300,10700,48500,233100,1176700,5918100,29951500
round_k,0,1,3,11,53,242,1165,5883,29590,149757
round_shots,200,100,100,100,100,100,100,100,100,100
round_queries,200,300,1100,4500,21100,103700,512700,2568900,12929700,65356500
round_k,0,1,5,22,105,518,2563,12844,64648,326782
round_shots,200,100,100,100,100,100,100,100,100,100
round_queries,200,300,1100,4100,17100,81700,409700,2047300,10365300,52414900
round_k,0,1,5,20,85,408,2048,10236,51826,262074
round_shots,100,100,100,100,100,100,100,100,100,100
round_queries,100,300,700,1900,8100,38100,183300,906900,4543500,23041100
round_k,0,1,3,9,40,190,916,4534,22717,115205
round_shots,100,100,100,100,100,100,100,100,100,100
round_queries,100,300,1100,4500,19500,91500,439900,2110700,10660700,54072900
round_k,0,1,5,22,97,457,2199,10553,53303,270364
round_shots,100,100,100,100,100,100,100,100,100,100
round_queries,100,300,1100,4100,18100,87700,432900,2169900,10907300,54774100
round_k,0,1,5,20,90,438,2164,10849,54536,273870
round_shots,100,100,100,100,100,100,100,100,100,100
round_queries,100,300,1100,4700,20900,100900,494300,2475500,12473700,63186500
round_k,0,1,5,23,104,504,2471,12377,62368,315932
round_shots,200,100,100,100,100,100,100,100,100,100
round_queries,200,300,1100,4100,19500,95700,502100,2509500,12696700,64112500
round_k,0,1,5,20,97,478,2510,12547,63483,320562
round_shots,100,100,100,100,100,100,100,100,100,100
round_queries,100,300,1100,4900,22500,106500,510900,2503500,12692300,64404900
round_k,0,1,5,24,112,532,2554,12517,63461,322024
round_shots,200,100,100,100,100,100,100,100,100
round_queries,200,300,1500,6300,29900,144100,716900,3585700,18078300
round_k,0,1,7,31,149,720,3584,17928,90391
round_shots,100,100,100,100,100,100,100,100,100,100
round_queries,100,300,700,2300,8900,41500,204100,1021300,5157500,26134500
round_k,0,1,3,11,44,207,1020,5106,25787,130672
round_shots,100,100,100,100,100,100,100,100,100,100
round_queries,100,300,1100,4100,17100,81700,387500,1928500,9747100,49400500
round_k,0,1,5,20,85,408,1937,9642,48735,247002
round_shots,200,100,100,100,100,100,100,100,100,100
round_queries,200,300,1100,4900,24100,118900,578100,2883500,14456100,73382100
round_k,0,1,5,24,120,594,2890,14417,72280,366910
round_shots,100,100,100,100,100,100,100,100,100,100
round_queries,100,300,700,1900,8100,39100,195900,972500,4925500,24655100
round_k,0,1,3,9,40,195,979,4862,24627,123275
round_shots,200,100,100,100,100,100,100,100,100,100
round_queries,200,300,1100,4700,20500,101900,506500,2511300,12531500,63496300
round_k,0,1,5,23,102,509,2532,12556,62657,317481
round_shots,200,100,100,100,100,100,100,100,100
round_queries,200,700,2300,10100,49700,246700,1243300,6253300,31438300
round_k,0,3,11,50,248,1233,6216,31266,157191
round_shots,100,100,100,100,100,100,100,100,100,100
round_queries,100,300,700,2500,11700,55300,275900,1380100,6978500,35335300
round_k,0,1,3,12,58,276,1379,6900,34892,176676
round_shots,200,100,100,100,100,100,100,100,100
round_queries,200,500,1500,7100,33500,164900,812300,4078900,20671500
round_k,0,2,7,35,167,824,4061,20394,103357
round_shots,100,100,100,100,100,100,100,100,100,100
round_queries,100,300,1100,3700,16900,81100,400900,2029300,10260500,51806100
round_k,0,1,5,18,84,405,2004,10146,51302,259030
round_shots,200,100,100,100,100,100,100,100,100,100
round_queries,200,300,1100,3700,16700,77700,390100,1966900,9865100,49920700
round_k,0,1,5,18,83,388,1950,9834,49325,249603
round_shots,100,100,100,100,100,100,100,100,100,100
round_queries,100,300,1100,4900,21700,105300,527100,2661300,13473100,68077100
round_k,0,1,5,24,108,526,2635,13306,67365,340385
round_shots,100,100,100,100,100,100,100,100,100,100
round_queries,100,300,1100,5100,23100,111500,561100,2827100,14324700,72675300
round_k,0,1,5,25,115,557,2805,14135,71623,363376
round_shots,300,100,100,100,100,100,100,100,100
round_queries,300,500,1500,6900,31700,153700,755900,3805500,19118300
round_k,0,2,7,34,158,768,3779,19027,95591
round_shots,200,100,100,100,100,100,100,100,100
round_queries,200,500,1500,7100,33500,162500,811100,4065700,20567700
round_k,0,2,7,35,167,812,4055,20328,102838
round_shots,200,100,100,100,100,100,100,100,100,100
round_queries,200,300,1100,4100,18100,87700,435700,2192900,11088700,56292500
round_k,0,1,5,20,90,438,2178,10964,55443,281462
round_shots,100,100,100,100,100,100,100,100,100,100
round_queries,100,300,700,1900,8100,38500,183700,891500,4434100,22421500
round_k,0,1,3,9,40,192,918,4457,22170,112107
round_shots,100,100,100,100,100,100,100,100,100,100
round_queries,100,300,1100,4500,20900,104300,499700,2472100,12501300,63206700
round_k,0,1,5,22,104,521,2498,12360,62506,316033
round_shots,200,100,100,100,100,100,100,100,100,100
round_queries,200,300,700,2300,10700,50100,245100,1213300,6125900,31036500
round_k,0,1,3,11,53,250,1225,6066,30629,155182
round_shots,200,100,100,100,100,100,100,100,100,100
round_queries,200,300,700,2900,13300,63100,307700,1532100,7699900,39072300
round_k,0,1,3,14,66,315,1538,7660,38499,195361
round_shots,100,100,100,100,100,100,100,100,100,100
round_queries,100,300,1100,4100,17900,86500,433700,2178700,10973700,55430900
round_k,0,1,5,20,89,432,2168,10893,54868,277154
round_shots,200,200,100,100,100,100,100,100,100,100
round_queries,200,600,1100,4500,22100,104900,524500,2620500,13252300,67271300
round_k,0,1,5,22,110,524,2622,13102,66261,336356
round_shots,200,100,100,100,100,100,100,100,100,100
round_queries,200,300,700,2300,10100,48300,235900,1183700,5938700,29951700
round_k,0,1,3,11,50,241,1179,5918,29693,149758
round_shots,100,100,100,100,100,100,100,100,100,100
round_queries,100,300,1100,3700,18300,86100,429300,2170900,10976500,55414300
round_k,0,1,5,18,91,430,2146,10854,54882,277071
round_shots,100,100,100,100,100,100,100,100,100,100
round_queries,100,300,700,2300,10700,49700,246500,1233700,6215700,31474700
round_k,0,1,3,11,53,248,1232,6168,31078,157373
round_shots,100,100,100,100,100,100,100,100,100,100
round_queries,100,300,1100,4100,17500,84900,416700,2097700,10436300,52225300
round_k,0,1,5,20,87,424,2083,10488,52181,261126
round_shots,100,100,100,100,100,100,100,100,100,100
round_queries,100,300,1100,4100,17500,85300,421300,2125900,10791700,54648700
round_k,0,1,5,20,87,426,2106,10629,53958,273243
round_shots,100,100,100,100,100,100,100,100,100
round_queries,100,300,1500,7300,33700,165900,822900,4143500,20955100
round_k,0,1,7,36,168,829,4114,20717,104775
round_shots,200,100,100,100,100,100,100,100,100,100
round_queries,200,300,1100,3700,16700,81300,406900,2038500,10263500,51999500
round_k,0,1,5,18,83,406,2034,10192,51317,259997
round_shots,200,100,100,100,100,100,100,100,100,100
round_queries,200,300,700,2300,8700,42500,211700,1069500,5337100,27007300
round_k,0,1,3,11,43,212,1058,5347,26685,135036
round_shots,200,100,100,100,100,100,100,100,100,100
round_queries,200,300,1100,4900,23700,117100,579300,2918300,14721300,74013500
round_k,0,1,5,24,118,585,2896,14591,73606,370067
round_shots,100,100,100,100,100,100,100,100,100,100
round_queries,100,300,700,2900,12500,58900,288100,1441300,7279700,36844500
round_k,0,1,3,14,62,294,1440,7206,36398,184222
round_shots,100,100,100,100,100,100,100,100,100
round_queries,100,300,1500,5700,27500,135700,672100,3396500,17201300
round_k,0,1,7,28,137,678,3360,16982,86006
round_shots,200,100,100,100,100,100,100,100,100,100
round_queries,200,300,1100,4100,19500,92700,463100,2344500,11875300,59989300
round_k,0,1,5,20,97,463,2315,11722,59376,299946
round_shots,200,100,100,100,100,100,100,100,100
round_queries,200,500,1500,7500,34500,169300,841500,4217300,21323500
round_k,0,2,7,37,172,846,4207,21086,106617
round_shots,200,100,100,100,100,100,100,100,100,100
round_queries,200,300,700,3300,15100,72300,361700,1807300,9129500,46260900
round_k,0,1,3,16,75,361,1808,9036,45647,231304
round_shots,100,100,100,100,100,100,100,100,100
round_queries,100,500,1500,5900,28900,138900,702700,3543500,17891500
round_k,0,2,7,29,144,694,3513,17717,89457
round_shots,100,100,100,100,100,100,100,100,100,100
round_queries,100,300,1100,4100,20300,93700,462100,2306700,11679700,59040900
round_k,0,1,5,20,101,468,2310,11533,58398,295204
round_shots,100,100,100,100,100,100,100,100,100,100
round_queries,100,300,1100,5100,22700,112300,556100,2815900,14191700,71749700
round_k,0,1,5,25,113,561,2780,14079,70958,358748
round_shots,100,100,100,100,100,100,100,100,100,100
round_queries,100,300,1100,4700,21100,103500,519300,2608100,13161900,66700500
round_k,0,1,5,23,105,517,2596,13040,65809,333502
round_shots,100,100,100,100,100,100,100,100,100,100
round_queries,100,300,1100,3700,16900,83500,417500,2086700,10571300,53607500
round_k,0,1,5,18,84,417,2087,10433,52856,268037
round_shots,100,100,100,100,100,100,100,100,100,100
round_queries,100,300,1100,5300,24700,117900,576300,2903700,14573300,73776900
round_k,0,1,5,26,123,589,2881,14518,72866,368884
round_shots,100,100,100,100,100,100,100,100,100
round_queries,100,500,1900,9300,43500,213500,1048500,5272900,26708300
round_k,0,2,9,46,217,1067,5242,26364,133541
round_shots,100,100,100,100,100,100,100,100,100,100
round_queries,100,300,1100,3500,15700,75100,369300,1856100,9318300,47235900
round_k,0,1,5,17,78,375,1846,9280,46591,236179
round_shots,100,100,100,100,100,100,100,100,100,100
round_queries,100,300,1100,4500,20300,96100,477500,2374900,12044500,60498700
round_k,0,1,5,22,101,480,2387,11874,60222,302493
round_shots,200,100,100,100,100,100,100,100,100
round_queries,200,300,1100,5500,26300,125900,625100,3155900,15920100
round_k,0,1,5,27,131,629,3125,15779,79600
round_shots,300,100,100,100,100,100,100,100,100,100
round_queries,300,500,1100,3500,15700,77300,380700,1904900,9528700,48234900
round_k,0,2,5,17,78,386,1903,9524,47643,241174
round_shots,100,100,100,100,100,100,100,100,100,100
round_queries,100,300,700,2700,11500,54100,269500,1353900,6834700,34624500
round_k,0,1,3,13,57,270,1347,6769,34173,173122
round_shots,100,100,100,100,100,100,100,100,100,100
round_queries,100,300,900,2700,12700,60700,299700,1503900,7592500,38430100
round_k,0,1,4,13,63,303,1498,7519,37962,192150
round_shots,200,100,100,100,100,100,100,100,100,100
round_queries,200,300,1100,3700,16700,77900,386500,1939500,9764900,49555900
round_k,0,1,5,18,83,389,1932,9697,48824,247779
round_shots,200,100,100,100,100,100,100,100,100,100
round_queries,200,300,1100,3700,16900,82900,404500,2007900,10134900,51062500
round_k,0,1,5,18,84,414,2022,10039,50674,255312
round_shots,100,100,100,100,100,100,100,100,100,100
round_queries,100,300,1100,3700,17900,84500,421900,2101500,10579300,53652900
round_k,0,1,5,18,89,422,2109,10507,52896,268264
round_shots,100,100,100,100,100,100,100,100,100,100
round_queries,100,300,1100,4100,20100,101100,500100,2513300,12660100,64605300
round_k,0,1,5,20,100,505,2500,12566,63300,323026
round_shots,100,100,100,100,100,100,100,100,100,100
round_queries,100,300,1100,5100,21900,106300,529900,2660100,13420900,67949700
round_k,0,1,5,25,109,531,2649,13300,67104,339748
round_shots,100,100,100,100,100,100,100,100,100
round_queries,100,300,1500,5900,29500,143500,710500,3582900,18040300
round_k,0,1,7,29,147,717,3552,17914,90201
round_shots,200,100,100,100,100,100,100,100,100,100
round_queries,200,300,700,1900,8100,37300,185500,910700,4603900,23239500
round_k,0,1,3,9,40,186,927,4553,23019,116197
round_shots,200,100,100,100,100,100,100,100,100,100
round_queries,200,300,1100,4100,18500,89100,438900,2320900,11725700,59059500
round_k,0,1,5,20,92,445,2194,11604,58628,295297
round_shots,200,100,100,100,100,100,100,100,100
round_queries,200,500,1900,8300,36900,182700,910900,4611100,23384700
round_k,0,2,9,41,184,913,4554,23055,116923
round_shots,200,100,100,100,100,100,100,100,100
round_queries,200,300,1500,6700,31100,151700,756100,3820900,19303300
round_k,0,1,7,33,155,758,3780,19104,96516
round_shots,200,100,100,100,100,100,100,100,100,100
round_queries,200,300,1100,3700,17100,85300,423700,2127100,10677900,54079100
round_k,0,1,5,18,85,426,2118,10635,53389,270395
round_shots,200,100,100,100,100,100,100,100,100,100
round_queries,200,300,1100,4900,21900,105100,526900,2622900,13262700,67044300
round_k,0,1,5,24,109,525,2634,13114,66313,335221
round_shots,100,100,100,100,100,100,100,100,100,100
round_queries,100,300,1100,5100,24300,119700,599100,3029500,15297500,76724700
round_k,0,1,5,25,121,598,2995,15147,76487,383623
round_shots,200,100,100,100,100,100,100,100,100,100
round_queries,200,300,700,2900,11500,53700,265100,1337300,6745900,34016300
round_k,0,1,3,14,57,268,1325,6686,33729,170081
round_shots,200,100,100,100,100,100,100,100,100,100
round_queries,200,300,1100,4100,19500,94500,475500,2351900,11668900,58856900
round_k,0,1,5,20,97,472,2377,11759,58344,294284
round_shots,200,100,100,100,100,100,100,100,100,100
round_queries,200,300,700,3500,16900,82500,400500,2009500,10154900,51517500
round_k,0,1,3,17,84,412,2002,10047,50774,257587
round_shots,100,100,100,100,100,100,100,100,100,100
round_queries,100,300,700,3300,15500,73900,367100,1841500,9276300,46898900
round_k,0,1,3,16,77,369,1835,9207,46381,234494
round_shots,100,100,100,100,100,100,100,100,100,100
round_queries,100,300,700,1900,9500,44900,219700,1099700,5524700,27780900
round_k,0,1,3,9,47,224,1098,5498,27623,138904
round_shots,200,100,100,100,100,100,100,100,100
round_queries,200,300,1100,5100,24900,120500,602100,3041300,15219100
round_k,0,1,5,25,124,602,3010,15206,76095
round_shots,100,100,100,100,100,100,100,100,100,100
round_queries,100,300,1100,4700,21900,103700,511700,2571500,12982300,65737300
round_k,0,1,5,23,109,518,2558,12857,64911,328686
round_shots,200,100,100,100,100,100,100,100,100,100
round_queries,200,300,1100,4100,19900,97100,486900,2452100,12392300,62737700
round_k,0,1,5,20,99,485,2434,12260,61961,313688
round_shots,200,100,100,100,100,100,100,100,100,100
round_queries,200,300,1100,5100,23700,117300,579700,2930300,14745900,74738100
round_k,0,1,5,25,118,586,2898,14651,73729,373690
round_shots,100,100,100,100,100,100,100,100,100,100
round_queries,100,300,1100,5100,24100,112100,545900,2737900,13854100,70001500
round_k,0,1,5,25,120,560,2729,13689,69270,350007
round_shots,100,100,100,100,100,100,100,100,100
round_queries,100,300,1100,5500,27500,133900,676100,3388100,17139700
round_k,0,1,5,27,137,669,3380,16940,85698
round_shots,100,100,100,100,100,100,100,100,100
round_queries,100,500,1900,8500,40300,197100,992900,4854300,23979500
round_k,0,2,9,42,201,985,4964,24271,119897
round_shots,100,100,100,100,100,100,100,100,100,100
round_queries,100,300,1100,4100,20300,97100,483100,2413500,12121900,61438500
round_k,0,1,5,20,101,485,2415,12067,60609,307192
round_shots,100,100,100,100,100,100,100,100,100
round_queries,100,300,1500,5900,28700,139500,701900,3522900,17743300
round_k,0,1,7,29,143,697,3509,17614,88716
round_shots,100,100,100,100,100,100,100,100,100,100
round_queries,100,300,700,2900,13100,63100,307700,1531700,7742300,39236100
round_k,0,1,3,14,65,315,1538,7658,38711,196180
round_shots,200,100,100,100,100,100,100,100,100,100
round_queries,200,300,1100,4500,18900,92300,461700,2321900,11610500,70786900
round_k,0,1,5,22,94,461,2308,11609,58052,353934
round_shots,100,100,100,100,100,100,100,100,100,100
round_queries,100,300,1100,4500,21300,106700,525500,2658100,13455300,68180500
round_k,0,1,5,22,106,533,2627,13290,67276,340902
round_shots,100,100,100,100,100,100,100,100,100,100
round_queries,100,300,1100,4900,22500,106300,531100,2670700,13456100,68239300
round_k,0,1,5,24,112,531,2655,13353,67280,341196
round_shots,100,100,100,100,100,100,100,100,100,100
round_queries,100,300,1100,4100,19500,92300,453500,2300900,11578500,58586900
round_k,0,1,5,20,97,461,2267,11504,57892,292934
round_shots,100,100,100,100,100,100,100,100,100
round_queries,100,300,1500,6700,31100,153500,755700,3810300,19293700
round_k,0,1,7,33,155,767,3778,19051,96468
round_shots,200,100,100,100,100,100,100,100,100
round_queries,200,500,1900,8100,39500,197500,974100,4931300,24816900
round_k,0,2,9,40,197,987,4870,24656,124084
round_shots,200,100,100,100,100,100,100,100,100,100
round_queries,200,300,1100,4900,21700,101700,498500,2513700,12688500,63888700
round_k,0,1,5,24,108,508,2492,12568,63442,319443
round_shots,200,100,100,100,100,100,100,100,100,100
round_queries,200,300,1100,5500,25700,124700,613900,3069500,15451700,78340100
round_k,0,1,5,27,128,623,3069,15347,77258,391700
round_shots,100,100,100,100,100,100,100,100,100
round_queries,100,300,1100,4700,21900,108900,543100,3282100,16546100
round_k,0,1,5,23,109,544,2715,16410,82730
round_shots,100,100,100,100,100,100,100,100,100,100
round_queries,100,300,1100,3700,16100,76300,381500,1896500,9552700,48393300
round_k,0,1,5,18,80,381,1907,9482,47763,241966
round_shots,200,100,100,100,100,100,100,100,100,100
round_queries,200,300,700,2900,12300,57500,284100,1396100,7015300,35546500
round_k,0,1,3,14,61,287,1420,6980,35076,177732
round_shots,100,100,100,100,100,100,100,100,100,100
round_queries,100,300,1100,5100,24500,111300,551500,2763500,13934700,70675300
round_k,0,1,5,25,122,556,2757,13817,69673,353376
round_shots,200,100,100,100,100,100,100,100,100
round_queries,200,500,1900,7500,36100,182900,917900,4624700,23413300
round_k,0,2,9,37,180,914,4589,23123,117066
round_shots,200,100,100,100,100,100,100,100,100,100
round_queries,200,300,1100,5100,24300,121500,602300,3022700,15314700,77152300
round_k,0,1,5,25,121,607,3011,15113,76573,385761
round_shots,100,100,100,100,100,100,100,100,100,100
round_queries,100,300,700,2300,10300,51500,255300,1271700,6441900,32651300
round_k,0,1,3,11,51,257,1276,6358,32209,163256
round_shots,200,100,100,100,100,100,100,100,100
round_queries,200,500,1900,8700,39700,194700,975900,4889500,24753500
round_k,0,2,9,43,198,973,4879,24447,123767
round_shots,200,100,100,100,100,100,100,100,100,100
round_queries,200,300,1100,3100,14700,70100,345700,1705500,8574100,43410500
round_k,0,1,5,15,73,350,1728,8527,42870,217052
round_shots,200,100,100,100,100,100,100,100,100,100
round_queries,200,300,1100,4500,19900,96700,482700,2435100,12371300,62183900
round_k,0,1,5,22,99,483,2413,12175,61856,310919
round_shots,100,100,100,100,100,100,100,100,100,100
round_queries,100,300,1100,3700,17700,87900,435100,2174300,10982900,55685500
round_k,0,1,5,18,88,439,2175,10871,54914,278427
round_shots,200,100,100,100,100,100,100,100,100,100
round_queries,200,300,700,2900,14100,66100,320100,1600500,8049700,40769300
round_k,0,1,3,14,70,330,1600,8002,40248,203846
round_shots,200,100,100,100,100,100,100,100,100
round_queries,200,500,1500,5900,26900,133500,676100,3378300,16924500
round_k,0,2,7,29,134,667,3380,16891,84622
round_shots,200,100,100,100,100,100,100,100,100,100
round_queries,200,300,1100,4300,20500,99500,490100,2446100,12307300,62255100
round_k,0,1,5,21,102,497,2450,12230,61536,311275
round_shots,100,100,100,100,100,100,100,100,100,100
round_queries,100,300,1100,4100,20300,97100,487300,2469700,12442500,63003700
round_k,0,1,5,20,101,485,2436,12348,62212,315018
round_shots,100,100,100,100,100,100,100,100,100,100
round_queries,100,300,1100,5100,23300,113100,564900,2838700,14403500,72614500
round_k,0,1,5,25,116,565,2824,14193,72017,363072
round_shots,200,100,100,100,100,100,100,100,100,100
round_queries,200,300,1100,5500,24700,117500,592700,2978300,15020100,76129500
round_k,0,1,5,27,123,587,2963,14891,75100,380647
round_shots,100,100,100,100,100,100,100,100,100,100
round_queries,100,300,1100,4100,18300,87100,436500,2195100,11088700,55835500
round_k,0,1,5,20,91,435,2182,10975,55443,279177
round_shots,200,100,100,100,100,100,100,100,100,100
round_queries,200,300,1100,4700,20300,101500,492900,2445500,12253100,62081900
round_k,0,1,5,23,101,507,2464,12227,61265,310409
round_shots,200,100,100,100,100,100,100,100,100,100
round_queries,200,300,700,3300,14500,67300,334500,1684300,8538500,43118100
round_k,0,1,3,16,72,336,1672,8421,42692,215590
round_shots,200,100,100,100,100,100,100,100,100,100
round_queries,200,300,1100,3500,16300,79700,386100,1939300,9768100,49404500
round_k,0,1,5,17,81,398,1930,9696,48840,247022
round_shots,200,100,100,100,100,100,100,100,100
round_queries,200,500,2300,10100,47500,234500,1180100,5975900,30307900
round_k,0,2,11,50,237,1172,5900,29879,151539
round_shots,100,100,100,100,100,100,100,100,100,100
round_queries,100,300,1100,3100,15500,74500,374500,1880900,9496700,47660300
round_k,0,1,5,15,77,372,1872,9404,47483,238301
round_shots,200,100,100,100,100,100,100,100,100,100
round_queries,200,300,1100,5500,24500,113700,528700,2652300,12746700,64457100
round_k,0,1,5,27,122,568,2643,13261,63733,322285
round_shots,200,100,100,100,100,100,100,100,100
round_queries,200,300,1500,6500,30900,151700,767300,3863700,19594700
round_k,0,1,7,32,154,758,3836,19318,97973
round_shots,100,100,100,100,100,100,100,100,100,100
round_queries,100,300,1100,5100,22900,113700,550900,2768500,13947300,70696500
round_k,0,1,5,25,114,568,2754,13842,69736,353482
round_shots,100,100,100,100,100,100,100,100,100,100
round_queries,100,300,1100,3700,17700,88300,460300,2296500,11658700,58452500
round_k,0,1,5,18,88,441,2301,11482,58293,292262
round_shots,200,100,100,100,100,100,100,100,100,100
round_queries,200,300,700,2900,13300,65500,329900,1658900,8297100,41725900
round_k,0,1,3,14,66,327,1649,8294,41485,208629
round_shots,200,100,100,100,100,100,100,100,100,100
round_queries,200,300,1100,3500,14300,70300,346100,1732500,8739500,44352700
round_k,0,1,5,17,71,351,1730,8662,43697,221763
round_shots,100,100,100,100,100,100,100,100,100,100
round_queries,100,300,700,2300,11500,54500,272700,1361900,6848300,34697900
round_k,0,1,3,11,57,272,1363,6809,34241,173489
round_shots,100,100,100,100,100,100,100,100,100,100
round_queries,100,300,900,2700,10700,52100,257900,1298500,6538900,33037700
round_k,0,1,4,13,53,260,1289,6492,32694,165188
round_shots,100,100,100,100,100,100,100,100,100,100
round_queries,100,300,1100,5100,22500,108300,541100,2702700,13566500,68840100
round_k,0,1,5,25,112,541,2705,13513,67832,344200
round_shots,200,100,100,100,100,100,100,100,100,100
round_queries,200,300,1100,3700,16300,77100,379300,1912900,9687900,49017300
round_k,0,1,5,18,81,385,1896,9564,48439,245086
round_shots,100,100,100,100,100,100,100,100,100,100
round_queries,100,300,700,1900,7500,35500,173700,862300,4320500,21841700
round_k,0,1,3,9,37,177,868,4311,21602,109208
round_shots,100,100,100,100,100,100,100,100,100,100
round_queries,100,300,1100,4500,20100,98300,487900,2456500,12388300,62835700
round_k,0,1,5,22,100,491,2439,12282,61941,314178
round_shots,200,100,100,100,100,100,100,100,100,100
round_queries,200,300,700,1900,7900,39300,191300,931500,4714100,23905700
round_k,0,1,3,9,39,196,956,4657,23570,119528
round_shots,200,100,100,100,100,100,100,100,100,100
round_queries,200,300,1100,4300,17900,87300,434700,2168300,10952300,55506500
round_k,0,1,5,21,89,436,2173,10841,54761,277532
round_shots,200,100,100,100,100,100,100,100,100,100
round_queries,200,300,1100,4900,23100,110700,547300,2747100,13870700,70288500
round_k,0,1,5,24,115,553,2736,13735,69353,351442
round_shots,100,100,100,100,100,100,100,100,100,100
round_queries,100,300,1100,4300,17900,87100,433300,2164500,10896700,54750100
round_k,0,1,5,21,89,435,2166,10822,54483,273750
round_shots,200,100,100,100,100,100,100,100,100,100
round_queries,200,300,1100,5500,25100,126700,631300,3169900,15470900,76520900
round_k,0,1,5,27,125,633,3156,15849,77354,382604
round_shots,200,100,100,100,100,100,100,100,100,100
round_queries,200,300,1100,4900,23100,107500,524700,2637500,13344300,67689500
round_k,0,1,5,24,115,537,2623,13187,66721,338447
round_shots,100,100,100,100,100,100,100,100,100,100
round_queries,100,300,1100,4100,17100,86100,420900,2131900,10782700,54398900
round_k,0,1,5,20,85,430,2104,10659,53913,271994
round_shots,100,100,100,100,100,100,100,100,100
round_queries,100,300,1500,6700,29100,142700,713100,3588300,18105500
round_k,0,1,7,33,145,713,3565,17941,90527
round_shots,100,100,100,100,100,100,100,100,100,100
round_queries,100,300,700,2300,9100,40100,198300,971100,4875700,24728900
round_k,0,1,3,11,45,200,991,4855,24378,123644
round_shots,100,100,100,100,100,100,100,100,100,100
round_queries,100,300,700,2300,11300,51500,254300,1263300,6397500,32406100
round_k,0,1,3,11,56,257,1271,6316,31987,162030
round_shots,100,100,100,100,100,100,100,100,100,100
round_queries,100,300,1100,4300,18900,92100,464500,2345300,11888100,60276700
round_k,0,1,5,21,94,460,2322,11726,59440,301383
round_shots,100,100,100,100,100,100,100,100,100,100
round_queries,100,300,1100,5300,25100,119300,593700,3000300,15235900,76791700
round_k,0,1,5,26,125,596,2968,15001,76179,383958
round_shots,200,100,100,100,100,100,100,100,100,100
round_queries,200,300,1100,4100,18100,90500,440500,2231500,11302500,56834700
round_k,0,1,5,20,90,452,2202,11157,56512,284173
round_shots,300,100,100,100,100,100,100,100,100
round_queries,300,500,1900,7500,35900,177900,885300,4467500,22598900
round_k,0,2,9,37,179,889,4426,22337,112994
round_shots,200,100,100,100,100,100,100,100,100,100
round_queries,200,300,1100,3100,13700,64500,315900,1590500,8027100,40590700
round_k,0,1,5,15,68,322,1579,7952,40135,202953
round_shots,100,100,100,100,100,100,100,100,100,100
round_queries,100,300,1100,4300,19300,92900,462500,2340100,11795100,59692500
round_k,0,1,5,21,96,464,2312,11700,58975,298462
round_shots,100,100,100,100,100,100,100,100,100,100
round_queries,100,300,700,2900,14300,66900,332100,1652900,8346100,42323500
round_k,0,1,3,14,71,334,1660,8264,41730,211617
round_shots,100,100,100,100,100,100,100,100,100,100
round_queries,100,300,700,2300,10100,45900,230500,1157300,5800300,29393700
round_k,0,1,3,11,50,229,1152,5786,29001,146968
round_shots,200,100,100,100,100,100,100,100,100,100
round_queries,200,300,1100,5300,25500,121100,603500,3003500,15135900,76692300
round_k,0,1,5,26,127,605,3017,15017,75679,383461
round_shots,200,100,100,100,100,100,100,100,100,100
round_queries,200,300,700,2300,11500,54300,265900,1326300,6698500,33894900
round_k,0,1,3,11,57,271,1329,6631,33492,169474
round_shots,100,100,100,100,100,100,100,100,100,100
round_queries,100,300,700,2300,9100,43700,213100,1071100,5400700,27179300
round_k,0,1,3,11,45,218,1065,5355,27003,135896
round_shots,200,100,100,100,100,100,100,100,100,100
round_queries,200,300,1100,4100,17100,83100,418300,2113900,10785500,54668900
round_k,0,1,5,20,85,415,2091,10569,53927,273344
round_shots,300,100,100,100,100,100,100,100,100,100
round_queries,300,300,1100,4100,19100,91700,428700,2129300,10681300,53971700
round_k,0,1,5,20,95,458,2143,10646,53406,269858
round_shots,200,100,100,100,100,100,100,100,100,100
round_queries,200,300,1100,3700,16500,74300,362100,1828900,9251700,46796300
round_k,0,1,5,18,82,371,1810,9144,46258,233981
round_shots,200,100,100,100,100,100,100,100,100,100
round_queries,200,300,700,3300,13500,65100,326700,1630100,8226900,41715700
round_k,0,1,3,16,67,325,1633,8150,41134,208578
round_shots,200,100,100,100,100,100,100,100,100,100
round_queries,200,300,1100,4100,17700,88500,434700,2186100,11057100,55851500
round_k,0,1,5,20,88,442,2173,10930,55285,279257
round_shots,100,100,100,100,100,100,100,100,100,100
round_queries,100,300,700,1900,8100,37500,189100,941500,4733700,23973900
round_k,0,1,3,9,40,187,945,4707,23668,119869
round_shots,200,100,100,100,100,100,100,100,100,100
round_queries,200,300,700,3300,14500,69100,344500,1710500,8651300,43945500
round_k,0,1,3,16,72,345,1722,8552,43256,219727
round_shots,200,100,100,100,100,100,100,100,100,100
round_queries,200,300,700,1900,8300,41300,204300,1012900,5068700,25584500
round_k,0,1,3,9,41,206,1021,5064,25343,127922
round_shots,100,100,100,100,100,100,100,100,100,100
round_queries,100,300,1500,4900,23100,113500,556500,2759500,13905700,70596500
round_k,0,1,7,24,115,567,2782,13797,69528,352982
round_shots,100,100,100,100,100,100,100,100,100,100
round_queries,100,300,1100,4100,20100,97300,475300,2402700,12176500,61689300
round_k,0,1,5,20,100,486,2376,12013,60882,308446
round_shots,100,100,100,100,100,100,100,100,100
round_queries,100,300,1500,6300,29300,139900,689300,3446500,17340300
round_k,0,1,7,31,146,699,3446,17232,86701
round_shots,200,100,100,100,100,100,100,100,100
round_queries,200,500,1900,9100,42700,211100,1001300,4962700,25130300
round_k,0,2,9,45,213,1055,5006,24813,125651
round_shots,100,100,100,100,100,100,100,100,100
round_queries,100,500,2300,9300,42300,200500,1008500,5078700,25628100
round_k,0,2,11,46,211,1002,5042,25393,128140
round_shots,100,100,100,100,100,100,100,100,100
round_queries,100,300,1500,5900,27300,135900,681700,3421900,17287300
round_k,0,1,7,29,136,679,3408,17109,86436
round_shots,200,100,100,100,100,100,100,100,100,100
round_queries,200,300,700,1900,9300,42500,207300,1034900,5217500,26438900
round_k,0,1,3,9,46,212,1036,5174,26087,132194
round_shots,100,100,100,100,100,100,100,100,100,100
round_queries,100,300,1100,4900,24300,117900,592700,2992700,15129900,76657700
round_k,0,1,5,24,121,589,2963,14963,75649,383288
round_shots,100,100,100,100,100,100,100,100,100,100
round_queries,100,300,1100,4500,21300,104300,510100,2566300,12951500,65586500
round_k,0,1,5,22,106,521,2550,12831,64757,327932
round_shots,200,100,100,100,100,100,100,100,100,100
round_queries,200,300,1100,3700,18300,89500,440100,2196700,10995300,55814300
round_k,0,1,5,18,91,447,2200,10983,54976,279071
round_shots,200,100,100,100,100,100,100,100,100,100
round_queries,200,300,1100,4500,20300,96500,480100,2402100,12129500,61335700
round_k,0,1,5,22,101,482,2400,12010,60647,306678
round_shots,100,100,100,100,100,100,100,100,100,100
round_queries,100,300,1100,4500,19500,91500,451900,2248500,11333700,57495100
round_k,0,1,5,22,97,457,2259,11242,56668,287475
round_shots,100,100,100,100,100,100,100,100,100,100
round_queries,100,300,700,2500,10500,51700,251300,1259500,6332100,31983500
round_k,0,1,3,12,52,258,1256,6297,31660,159917
round_shots,200,100,100,100,100,100,100,100,100
round_queries,200,300,1500,5900,28900,139300,697300,3511700,17729100
round_k,0,1,7,29,144,696,3486,17558,88645
round_shots,300,100,100,100,100,100,100,100,100,100
round_queries,300,300,1100,4500,20700,100500,490900,2475100,12514100,63412500
round_k,0,1,5,22,103,502,2454,12375,62570,317062
round_shots,200,100,100,100,100,100,100,100,100,100
round_queries,200,300,700,1900,7100,34100,168700,839700,4235300,21452700
round_k,0,1,3,9,35,170,843,4198,21176,107263
round_shots,100,100,100,100,100,100,100,100,100,100
round_queries,100,300,1100,4700,23100,110300,546900,2747500,13872900,70260900
round_k,0,1,5,23,115,551,2734,13737,69364,351304
round_shots,100,100,100,100,100,100,100,100,100,100
round_queries,100,300,1100,3500,15900,79100,382100,1872300,9429100,47763300
round_k,0,1,5,17,79,395,1910,9361,47145,238816
round_shots,200,100,100,100,100,100,100,100,100,100
round_queries,200,300,1100,4100,19500,94700,470100,2352300,11895300,60325300
round_k,0,1,5,20,97,473,2350,11761,59476,301626
round_shots,200,100,100,100,100,100,100,100,100,100
round_queries,200,300,1100,4500,19100,94300,463700,2322300,11731900,59386300
round_k,0,1,5,22,95,471,2318,11611,58659,296931
round_shots,200,100,100,100,100,100,100,100,100,100
round_queries,200,300,1100,5500,24900,120900,605500,3051300,15357900,77774300
round_k,0,1,5,27,124,604,3027,15256,76789,388871
round_shots,200,100,100,100,100,100,100,100,100,100
round_queries,200,300,1100,4100,20300,97300,478900,2399500,12145900,61581700
round_k,0,1,5,20,101,486,2394,11997,60729,307908
round_shots,200,100,100,100,100,100,100,100,100,100
round_queries,200,300,1100,4100,18300,91500,453900,2295300,11626900,58924100
round_k,0,1,5,20,91,457,2269,11476,58134,294620
round_shots,100,100,100,100,100,100,100,100,100,100
round_queries,100,300,700,2900,12300,56900,282700,1361100,6861500,34744100
round_k,0,1,3,14,61,284,1413,6805,34307,173720
round_shots,100,100,100,100,100,100,100,100,100,100
round_queries,100,300,1100,5100,23700,118700,595500,3004700,15168100,76850700
round_k,0,1,5,25,118,593,2977,15023,75840,384253
round_shots,200,100,100,100,100,100,100,100,100,100
round_queries,200,300,1100,4900,24100,113300,555100,2765300,13925900,70610500
round_k,0,1,5,24,120,566,2775,13826,69629,353052
round_shots,300,100,100,100,100,100,100,100,100,100
round_queries,300,300,1100,4700,21500,107500,537500,2715100,13707900,68817900
round_k,0,1,5,23,107,537,2687,13575,68539,344089
round_shots,200,100,100,100,100,100,100,100,100
round_queries,200,300,1100,5100,25500,125500,628900,3184500,16142900
round_k,0,1,5,25,127,627,3144,15922,80714
round_shots,100,100,100,100,100,100,100,100,100,100
round_queries,100,300,1100,3700,17300,84700,421900,2095300,10592700,53534700
round_k,0,1,5,18,86,423,2109,10476,52963,267673
round_shots,100,100,100,100,100,100,100,100,100,100
round_queries,100,300,1500,5300,24900,117700,574500,2839500,14159300,71468300
round_k,0,1,7,26,124,588,2872,14197,70796,357341
round_shots,100,100,100,100,100,100,100,100,100,100
round_queries,100,300,1100,4100,20500,101100,506100,2536900,12839900,65032300
round_k,0,1,5,20,102,505,2530,12684,64199,325161
round_shots,100,100,100,100,100,100,100,100,100
round_queries,100,500,1900,7100,32700,152300,730900,3700100,18640500
round_k,0,2,9,35,163,761,3654,18500,93202
round_shots,200,100,100,100,100,100,100,100,100,100
round_queries,200,300,1100,4900,22100,104900,530100,2684300,13602700,68989700
round_k,0,1,5,24,110,524,2650,13421,68013,344948
round_shots,100,100,100,100,100,100,100,100,100,100
round_queries,100,300,700,2900,13300,63700,315900,1896700,9597900,48625500
round_k,0,1,3,14,66,318,1579,9483,47989,243127
round_shots,100,100,100,100,100,100,100,100,100,100
round_queries,100,300,1100,4100,17900,88300,442300,2221900,11213100,56860300
round_k,0,1,5,20,89,441,2211,11109,56065,284301
round_shots,100,100,100,100,100,100,100,100,100,100
round_queries,100,300,700,1900,8900,44100,218500,1084300,5481500,27806300
round_k,0,1,3,9,44,220,1092,5421,27407,139031
round_shots,100,100,100,100,100,100,100,100,100,100
round_queries,100,300,1100,4900,22100,107300,532100,2655300,13376500,67632700
round_k,0,1,5,24,110,536,2660,13276,66882,338163
round_shots,100,100,100,100,100,100,100,100,100,100
round_queries,100,300,700,3300,15100,69700,347300,1747900,8932500,45255500
round_k,0,1,3,16,75,348,1736,8739,44662,226277
round_shots,200,100,100,100,100,100,100,100,100,100
round_queries,200,300,1100,4300,21100,104100,526500,2636500,13316300,67549500
round_k,0,1,5,21,105,520,2632,13182,66581,337747
round_shots,100,100,100,100,100,100,100,100,100,100
round_queries,100,300,1100,4500,20700,100500,493700,2468500,12442500,62955300
round_k,0,1,5,22,103,502,2468,12342,62212,314776
round_shots,200,100,100,100,100,100,100,100,100,100
round_queries,200,300,1500,5500,25100,121500,608500,3061100,15455100,78209300
round_k,0,1,7,27,125,607,3042,15305,77275,391046
round_shots,300,100,100,100,100,100,100,100,100
round_queries,300,500,1900,7900,39100,196300,985100,4944700,25019700
round_k,0,2,9,39,195,981,4925,24723,125098
round_shots,100,100,100,100,100,100,100,100,100,100
round_queries,100,300,1100,4100,19500,93300,461300,2307900,11635700,58808900
round_k,0,1,5,20,97,466,2306,11539,58178,294044
round_shots,100,100,100,100,100,100,100,100,100,100
round_queries,100,300,1100,3900,17700,83500,415300,2079100,10500900,53111900
round_k,0,1,5,19,88,417,2076,10395,52504,265559
round_shots,200,100,100,100,100,100,100,100,100,100
round_queries,200,300,1100,3500,16100,79100,390300,1954700,9888100,50150900
round_k,0,1,5,17,80,395,1951,9773,49440,250754
round_shots,200,100,100,100,100,100,100,100,100
round_queries,200,300,1500,6900,31700,158100,790500,3950900,20144900
round_k,0,1,7,34,158,790,3952,19754,100724
round_shots,100,100,100,100,100,100,100,100,100,100
round_queries,100,300,700,1900,7100,32300,153100,760900,3856700,19535500
round_k,0,1,3,9,35,161,765,3804,19283,97677
round_shots,100,100,100,100,100,100,100,100,100,100
round_queries,100,300,700,2300,10900,54300,264500,1331300,6707100,33994500
round_k,0,1,3,11,54,271,1322,6656,33535,169972
round_shots,200,100,100,100,100,100,100,100,100,100
round_queries,200,300,1100,4500,21700,101700,497500,2496700,12625500,63982100
round_k,0,1,5,22,108,508,2487,12483,63127,319910
round_shots,100,200,100,100,100,100,100,100,100,100
round_queries,100,600,1100,4100,17700,85100,423900,2136300,10765100,54242100
round_k,0,1,5,20,88,425,2119,10681,53825,271210
round_shots,100,100,100,100,100,100,100,100,100
round_queries,100,300,1100,5300,26300,127500,632700,3200500,16136100
round_k,0,1,5,26,131,637,3163,16002,80680
round_shots,200,100,100,100,100,100,100,100,100
round_queries,200,500,1900,9100,42700,211900,1272300,7657500,38842300
round_k,0,2,9,45,213,1059,6361,38287,194211
round_shots,200,100,100,100,100,100,100,100,100,100
round_queries,200,300,1100,3700,16300,78500,397900,1999900,10093900,50940900
round_k,0,1,5,18,81,392,1989,9999,50469,254704
round_shots,100,100,100,100,100,100,100,100,100,100
round_queries,100,300,700,2300,11300,52700,263700,1323300,6616300,33259700
round_k,0,1,3,11,56,263,1318,6616,33081,166298
round_shots,100,100,100,100,100,100,100,100,100,100
round_queries,100,300,1100,5100,21900,107500,537500,2689100,13486100,68378300
round_k,0,1,5,25,109,537,2687,13445,67430,341891
round_shots,100,100,100,100,100,100,100,100,100
round_queries,100,300,1100,5500,27100,133300,667100,3366500,17038100
round_k,0,1,5,27,135,666,3335,16832,85190
round_shots,200,100,100,100,100,100,100,100,100
round_queries,200,300,1500,6100,28300,137300,682900,3453500,17400100
round_k,0,1,7,30,141,686,3414,17267,87000
round_shots,200,100,100,100,100,100,100,100,100
round_queries,200,500,1500,6900,34500,168100,853100,4291700,21758300
round_k,0,2,7,34,172,840,4265,21458,108791
round_shots,200,100,100,100,100,100,100,100,100,100
round_queries,200,300,700,2900,13300,62900,308500,1551100,7837900,39535100
round_k,0,1,3,14,66,314,1542,7755,39189,197675
round_shots,200,100,100,100,100,100,100,100,100,100
round_queries,200,300,1100,4100,18700,90500,441500,2229500,11186500,56684900
round_k,0,1,5,20,93,452,2207,11147,55932,283424
round_shots,200,100,100,100,100,100,100,100,100
round_queries,200,300,1500,5700,26300,129100,634100,3190100,16082500
round_k,0,1,7,28,131,645,3170,15950,80412
round_shots,100,100,100,100,100,100,100,100,100,100
round_queries,100,300,700,1900,9300,43500,205300,1034300,5214500,26235300
round_k,0,1,3,9,46,217,1026,5171,26072,131176
round_shots,200,100,100,100,100,100,100,100,100,100
round_queries,200,300,1100,4900,23300,116500,589700,2977300,14937700,75517300
round_k,0,1,5,24,116,582,2948,14886,74688,377586
round_shots,100,100,100,100,100,100,100,100,100,100
round_queries,100,300,700,2900,12100,59900,287300,1449900,7269700,36820300
round_k,0,1,3,14,60,299,1436,7249,36348,184101
round_shots,100,100,100,100,100,100,100,100,100,100
round_queries,100,300,1100,4100,19300,91700,444700,2228300,11196300,56768300
round_k,0,1,5,20,96,458,2223,11141,55981,283841
round_shots,200,100,100,100,100,100,100,100,100,100
round_queries,200,300,1100,3700,16500,78900,395700,1983900,10044300,50913100
round_k,0,1,5,18,82,394,1978,9919,50221,254565
round_shots,100,100,100,100,100,100,100,100,100,100
round_queries,100,300,1100,4700,22300,106500,533100,2683100,13561900,68811900
round_k,0,1,5,23,111,532,2665,13415,67809,344059
round_shots,200,100,100,100,100,100,100,100,100,100
round_queries,200,300,1100,4100,20500,98900,479500,2419100,12201300,61971700
round_k,0,1,5,20,102,494,2397,12095,61006,309858
round_shots,200,100,100,100,100,100,100,100,100,100
round_queries,200,300,1100,4700,21700,105900,509700,2563700,12951500,65725700
round_k,0,1,5,23,108,529,2548,12818,64757,328628
round_shots,100,100,100,100,100,100,100,100,100,100
round_queries,100,300,1100,4100,17700,84100,424500,2129100,10736300,54366300
round_k,0,1,5,20,88,420,2122,10645,53681,271831
round_shots,200,100,100,100,100,100,100,100,100,100
round_queries,200,300,1100,4500,20500,98700,489900,2479100,12470700,63200500
round_k,0,1,5,22,102,493,2449,12395,62353,316002
round_shots,100,100,100,100,100,100,100,100,100,100
round_queries,100,300,700,2700,12300,59900,296700,1491500,7482500,37960900
round_k,0,1,3,13,61,299,1483,7457,37412,189804
round_shots,100,100,100,100,100,100,100,100,100,100
round_queries,100,300,1100,4700,22900,114500,573300,2902100,14586300,73642300
round_k,0,1,5,23,114,572,2866,14510,72931,368211
round_shots,100,100,100,100,100,100,100,100,100,100
round_queries,100,300,1100,4100,17700,82300,404700,2042700,10332900,52056100
round_k,0,1,5,20,88,411,2023,10213,51664,260280
round_shots,100,100,100,100,100,100,100,100,100,100
round_queries,100,300,700,2300,9100,40100,196300,972500,5924500,29821300
round_k,0,1,3,11,45,200,981,4862,29622,149106
round_shots,100,100,100,100,100,100,100,100,100,100
round_queries,100,300,1100,3700,16100,78100,390700,1948700,9880100,50078100
round_k,0,1,5,18,80,390,1953,9743,49400,250390
round_shots,100,100,100,100,100,100,100,100,100,100
round_queries,100,300,700,3300,16500,77700,382900,1872500,9392700,47264500
round_k,0,1,3,16,82,388,1914,9362,46963,236322
round_shots,100,100,100,100,100,100,100,100,100,100
round_queries,100,300,1100,3700,17900,82900,407100,2028100,10256100,51978900
round_k,0,1,5,18,89,414,2035,10140,51280,259894
round_shots,200,100,100,100,100,100,100,100,100,100
round_queries,200,300,1100,4100,16900,81900,403300,2014700,10211100,51532900
round_k,0,1,5,20,84,409,2016,10073,51055,257664
round_shots,100,100,100,100,100,100,100,100,100,100
round_queries,100,300,700,2300,10300,48300,238300,1185900,5983300,30189900
round_k,0,1,3,11,51,241,1191,5929,29916,150949
round_shots,100,100,100,100,100,100,100,100,100,100
round_queries,100,300,1100,5100,22500,107500,535300,2686500,13472100,68034700
round_k,0,1,5,25,112,537,2676,13432,67360,340173
round_shots,100,100,100,100,100,100,100,100,100,100
round_queries,100,300,700,2700,11500,55100,272300,1381100,6995300,35310300
round_k,0,1,3,13,57,275,1361,6905,34976,176551
round_shots,100,100,100,100,100,100,100,100,100,100
round_queries,100,300,1100,4100,17500,87300,423100,2131900,10761300,54608300
round_k,0,1,5,20,87,436,2115,10659,53806,273041
round_shots,100,100,100,100,100,100,100,100,100,100
round_queries,100,300,1100,3700,16300,78100,392100,1973100,9981700,50561300
round_k,0,1,5,18,81,390,1960,9865,49908,252806
round_shots,200,100,100,100,100,100,100,100,100
round_queries,200,300,1100,5500,26100,125300,629900,3139900,15873900
round_k,0,1,5,27,130,626,3149,15699,79369
round_shots,100,100,100,100,100,100,100,100,100,100
round_queries,100,300,700,2500,10500,48100,237300,1196300,6061900,30673900
round_k,0,1,3,12,52,240,1186,5981,30309,153369
round_shots,100,100,100,100,100,100,100,100,100,100
round_queries,100,300,1100,3700,16300,82300,408500,2043300,10263500,51608300
round_k,0,1,5,18,81,411,2042,10216,51317,258041
round_shots,200,100,100,100,100,100,100,100,100,100
round_queries,200,300,1100,5100,23900,116300,587300,2946700,14852100,75074900
round_k,0,1,5,25,119,581,2936,14733,74260,375374
round_shots,200,100,100,100,100,100,100,100,100
round_queries,200,300,1100,5500,26300,128500,648900,3248900,16395700
round_k,0,1,5,27,131,642,3244,16244,81978
round_shots,100,100,100,100,100,100,100,100,100,100
round_queries,100,300,700,2700,10900,51100,247100,1230700,6199900,31432700
round_k,0,1,3,13,54,255,1235,6153,30999,157163
round_shots,100,100,100,100,100,100,100,100,100,100
round_queries,100,300,700,2300,10500,48500,233300,1151900,5817900,29303100
round_k,0,1,3,11,52,242,1166,5759,29089,146515
round_shots,200,100,100,100,100,100,100,100,100,100
round_queries,200,300,1100,4500,22100,111500,560300,2805300,14179700,71849500
round_k,0,1,5,22,110,557,2801,14026,70898,359247
round_shots,200,100,100,100,100,100,100,100,100,100
round_queries,200,300,700,2300,9500,44700,222500,1124500,5694500,28822700
round_k,0,1,3,11,47,223,1112,5622,28472,144113
round_shots,200,100,100,100,100,100,100,100,100,100
round_queries,200,300,1100,4900,21100,99300,493700,2467700,12312700,62169900
round_k,0,1,5,24,105,496,2468,12338,61563,310849
round_shots,100,100,100,100,100,100,100,100,100,100
round_queries,100,300,700,2300,9100,45100,226500,1131500,5723700,28890500
round_k,0,1,3,11,45,225,1132,5657,28618,144452
round_shots,300,100,100,100,100,100,100,100,100
round_queries,300,500,1500,5900,29100,142300,719100,3639500,19259900
round_k,0,2,7,29,145,711,3595,18197,96299
round_shots,100,100,100,100,100,100,100,100,100,100
round_queries,100,300,1100,3700,17500,84300,418500,2064500,10363500,52489900
round_k,0,1,5,18,87,421,2092,10322,51817,262449
round_shots,100,100,100,100,100,100,100,100,100,100
round_queries,100,300,1100,4900,23300,112100,557900,2813700,14226700,71332700
round_k,0,1,5,24,116,560,2789,14068,71133,356663
round_shots,200,100,100,100,100,100,100,100,100,100
round_queries,200,300,700,3100,14100,69700,347700,1727500,8716300,44234900
round_k,0,1,3,15,70,348,1738,8637,43581,221174
round_shots,100,100,100,100,100,100,100,100,100,100
round_queries,100,300,1100,3700,16300,76900,380300,1910300,9654500,48889500
round_k,0,1,5,18,81,384,1901,9551,48272,244447
round_shots,100,100,100,100,100,100,100,100,100,100
round_queries,100,300,1100,3100,13900,69500,344900,1723700,8723100,44256900
round_k,0,1,5,15,69,347,1724,8618,43615,221284
round_shots,100,100,100,100,100,100,100,100,100,100
round_queries,100,300,1100,3700,15900,73100,357300,1802100,9093700,46106300
round_k,0,1,5,18,79,365,1786,9010,45468,230531
round_shots,200,100,100,100,100,100,100,100,100,100
round_queries,200,300,1100,4900,23300,114700,557700,2650300,13197300,66972300
round_k,0,1,5,24,116,573,2788,13251,65986,334861
round_shots,200,100,100,100,100,100,100,100,100
round_queries,200,300,1100,4900,22900,112300,556500,2787300,14093300
round_k,0,1,5,24,114,561,2782,13936,70466
round_shots,200,100,100,100,100,100,100,100,100,100
round_queries,200,300,1100,4100,19500,95300,474500,2409300,12190500,61816500
round_k,0,1,5,20,97,476,2372,12046,60952,309082
round_shots,100,100,100,100,100,100,100,100,100,100
round_queries,100,300,1100,3700,16300,78900,392300,1972700,9947700,50404100
round_k,0,1,5,18,81,394,1961,9863,49738,252020
round_shots,200,100,100,100,100,100,100,100,100
round_queries,200,500,1900,7100,31500,153100,763900,3842300,19440500
round_k,0,2,9,35,157,765,3819,19211,97202
round_shots,200,100,100,100,100,100,100,100,100,100
round_queries,200,300,1100,4500,20500,96500,477300,2380900,12082700,61192700
round_k,0,1,5,22,102,482,2386,11904,60413,305963
round_shots,100,100,100,100,100,100,100,100,100,100
round_queries,100,300,1100,5300,25500,121300,591100,2975100,14999500,76126700
round_k,0,1,5,26,127,606,2955,14875,74997,380633
round_shots,100,100,100,100,100,100,100,100,100,100
round_queries,100,300,1100,3700,17300,86700,433700,2175300,11006700,55565700
round_k,0,1,5,18,86,433,2168,10876,55033,277828
round_shots,200,100,100,100,100,100,100,100,100,100
round_queries,200,300,700,2900,13100,65900,323900,1618900,8203500,41392300
round_k,0,1,3,14,65,329,1619,8094,41017,206961
round_shots,100,100,100,100,100,100,100,100,100,100
round_queries,100,300,1100,4500,21700,107100,530900,2668500,13422900,67928300
round_k,0,1,5,22,108,535,2654,13342,67114,339641
round_shots,100,100,100,100,100,100,100,100,100
round_queries,100,300,1500,6300,28700,143700,726700,3674300,18573700
round_k,0,1,7,31,143,718,3633,18371,92868
round_shots,100,100,100,100,100,100,100,100,100,100
round_queries,100,300,700,2300,10500,49500,244700,1212100,6120900,31003700
round_k,0,1,3,11,52,247,1223,6060,30604,155018
round_shots,100,100,100,100,100,100,100,100,100
round_queries,100,300,1100,5500,26100,126300,633300,3188500,16111900
round_k,0,1,5,27,130,631,3166,15942,80559
round_shots,200,100,100,100,100,100,100,100,100,100
round_queries,200,300,700,2300,11100,55500,273500,1364300,6896300,34974900
round_k,0,1,3,11,55,277,1367,6821,34481,174874
round_shots,100,100,100,100,100,100,100,100,100
round_queries,100,300,1500,5300,26100,131900,653300,3273100,16455900
round_k,0,1,7,26,130,659,3266,16365,82279
round_shots,100,100,100,100,100,100,100,100,100,100
round_queries,100,300,700,2900,13500,62900,307900,1538700,7669900,38860700
round_k,0,1,3,14,67,314,1539,7693,38349,194303
round_shots,200,100,100,100,100,100,100,100,100,100
round_queries,200,300,700,3300,15500,74900,377100,1889900,9503100,48074700
round_k,0,1,3,16,77,374,1885,9449,47515,240373
round_shots,100,100,100,100,100,100,100,100,100,100
round_queries,100,300,1100,4100,18700,85700,425300,2140100,10861700,55100700
round_k,0,1,5,20,93,428,2126,10700,54308,275503
round_shots,100,100,100,100,100,100,100,100,100,100
round_queries,100,300,1100,5300,24900,119300,557500,2646700,13208700,66698300
round_k,0,1,5,26,124,596,2787,13233,66043,333491
round_shots,200,100,100,100,100,100,100,100,100,100
round_queries,200,300,1100,4700,22500,109900,548300,2744100,13856100,70053300
round_k,0,1,5,23,112,549,2741,13720,69280,350266
round_shots,100,100,100,100,100,100,100,100,100,100
round_queries,100,300,1100,4500,20500,97700,483500,2416100,12149500,61505900
round_k,0,1,5,22,102,488,2417,12080,60747,307529
round_shots,100,100,100,100,100,100,100,100,100,100
round_queries,100,300,700,2300,10500,50500,248900,1249500,6298300,31695700
round_k,0,1,3,11,52,252,1244,6247,31491,158478
round_shots,100,100,100,100,100,100,100,100,100,100
round_queries,100,300,1100,4100,18500,88100,444700,2243700,11331500,57347500
round_k,0,1,5,20,92,440,2223,11218,56657,286737
round_shots,100,100,100,100,100,100,100,100,100,100
round_queries,100,300,700,2900,12500,60500,305100,1502700,7517900,38099900
round_k,0,1,3,14,62,302,1525,7513,37589,190499
round_shots,100,100,100,100,100,100,100,100,100,100
round_queries,100,300,1100,4900,21700,104700,521900,2620900,13206500,66635700
round_k,0,1,5,24,108,523,2609,13104,66032,333178
round_shots,300,100,100,100,100,100,100,100,100,100
round_queries,300,300,700,2900,13500,63500,310500,1553500,7833900,39439500
round_k,0,1,3,14,67,317,1552,7767,39169,197197
round_shots,200,100,100,100,100,100,100,100,100,100
round_queries,200,300,900,2700,10300,48700,244900,1221700,6179900,31285100
round_k,0,1,4,13,51,243,1224,6108,30899,156425
round_shots,100,100,100,100,100,100,100,100,100,100
round_queries,100,300,1100,5100,22700,112300,561300,2837500,14432500,72744900
round_k,0,1,5,25,113,561,2806,14187,72162,363724
round_shots,100,100,100,100,100,100,100,100,100,100
round_queries,100,300,700,3300,15500,74500,372700,1866300,9421900,47738100
round_k,0,1,3,16,77,372,1863,9331,47109,238690
round_shots,100,100,100,100,100,100,100,100,100,100
round_queries,100,300,1100,4900,23300,113500,562300,2815300,14238900,72047100
round_k,0,1,5,24,116,567,2811,14076,71194,360235
round_shots,100,100,100,100,100,100,100,100,100,100
round_queries,100,300,1100,4500,20700,102100,504300,2519700,12701100,64211700
round_k,0,1,5,22,103,510,2521,12598,63505,321058
round_shots,100,100,100,100,100,100,100,100,100
round_queries,100,300,1500,6700,32300,154500,754700,3546300,17513500
round_k,0,1,7,33,161,772,3773,17731,87567
round_shots,100,100,100,100,100,100,100,100,100,100
round_queries,100,300,1100,4100,20300,99700,491500,2455100,12353500,62695700
round_k,0,1,5,20,101,498,2457,12275,61767,313478
round_shots,100,100,100,100,100,100,100,100,100,100
round_queries,100,300,1100,4700,20100,98500,496900,2484300,12604700,63940100
round_k,0,1,5,23,100,492,2484,12421,63023,319700
round_shots,200,100,100,100,100,100,100,100,100,100
round_queries,200,300,700,2900,13900,67300,332900,1680300,8506900,42806900
round_k,0,1,3,14,69,336,1664,8401,42534,214034
round_shots,300,100,100,100,100,100,100,100,100
round_queries,300,500,2300,10700,49900,251700,1247900,6311300,31993700
round_k,0,2,11,53,249,1258,6239,31556,159968
round_shots,100,100,100,100,100,100,100,100,100,100
round_queries,100,300,1100,4100,18700,88700,432100,2186900,11033500,55939700
round_k,0,1,5,20,93,443,2160,10934,55167,279698
round_shots,100,100,100,100,100,100,100,100,100,100
round_queries,100,300,1100,4100,20100,98900,500500,2498700,12637100,63967700
round_k,0,1,5,20,100,494,2502,12493,63185,319838
round_shots,100,100,100,100,100,100,100,100,100,100
round_queries,100,300,700,2300,10700,49900,240500,1200100,6089500,30781300
round_k,0,1,3,11,53,249,1202,6000,30447,153906
round_shots,200,100,100,100,100,100,100,100,100,100
round_queries,200,300,1100,4700,21100,102100,514900,2590500,13108900,66436500
round_k,0,1,5,23,105,510,2574,12952,65544,332182
round_shots,100,100,100,100,100,100,100,100,100,100
round_queries,100,300,1100,4100,18500,90500,450300,2279100,11547300,58381500
round_k,0,1,5,20,92,452,2251,11395,57736,291907
round_shots,100,100,100,100,100,100,100,100,100,100
round_queries,100,300,1100,4100,17900,85300,425700,2127700,10775300,54648700
round_k,0,1,5,20,89,426,2128,10638,53876,273243
round_shots,200,100,100,100,100,100,100,100,100,100
round_queries,200,300,1100,4700,20100,100100,531500,2639300,13312500,67425300
round_k,0,1,5,23,100,500,2657,13196,66562,337126
round_shots,200,100,100,100,100,100,100,100,100,100
round_queries,200,300,1100,4900,22100,109300,543300,2721500,13757100,69801300
round_k,0,1,5,24,110,546,2716,13607,68785,349006
round_shots,100,200,100,100,100,100,100,100,100
round_queries,100,600,1500,6700,30700,147300,727500,3661500,18530500
round_k,0,1,7,33,153,736,3637,18307,92652
round_shots,200,100,100,100,100,100,100,100,100,100
round_queries,200,300,700,2300,10100,47100,230900,1153900,5791300,29294500
round_k,0,1,3,11,50,235,1154,5769,28956,146472
round_shots,200,100,100,100,100,100,100,100,100,100
round_queries,200,300,1100,4100,18100,90300,448700,2234700,11298500,57317700
round_k,0,1,5,20,90,451,2243,11173,56492,286588
round_shots,100,200,100,100,100,100,100,100,100
round_queries,100,600,1900,8900,42900,208500,1041300,5225300,26298700
round_k,0,1,9,44,214,1042,5206,26126,131493
round_shots,100,100,100,100,100,100,100,100,100
round_queries,100,300,1500,6300,30300,151500,765100,3852100,19396300
round_k,0,1,7,31,151,757,3825,19260,96981
round_shots,200,100,100,100,100,100,100,100,100,100
round_queries,200,300,700,1900,9500,47500,231500,1170700,5887300,29631700
round_k,0,1,3,9,47,237,1157,5853,29436,148158
round_shots,200,100,100,100,100,100,100,100,100,100
round_queries,200,300,700,3300,14500,69100,337300,1689900,8531300,43091500
round_k,0,1,3,16,72,345,1686,8449,42656,215457
round_shots,100,100,100,100,100,100,100,100,100
round_queries,100,300,1100,5500,26300,127900,635300,3175700,16109300
round_k,0,1,5,27,131,639,3176,15878,80546
round_shots,100,100,100,100,100,100,100,100,100,100
round_queries,100,300,1100,3700,16300,78700,383700,1924300,9695300,49171300
round_k,0,1,5,18,81,393,1918,9621,48476,245856
round_shots,100,100,100,100,100,100,100,100,100,100
round_queries,100,300,1100,4500,20100,97300,484500,2422300,12162500,61144300
round_k,0,1,5,22,100,486,2422,12111,60812,305721
round_shots,200,100,100,100,100,100,100,100,100,100
round_queries,200,300,1100,5100,24100,117900,583300,2926100,14643900,74316500
round_k,0,1,5,25,120,589,2916,14630,73219,371582
round_shots,300,100,100,100,100,100,100,100,100,100
round_queries,300,300,700,2900,13500,64500,322500,1620100,8215900,41536300
round_k,0,1,3,14,67,322,1612,8100,41079,207681
round_shots,200,100,100,100,100,100,100,100,100,100
round_queries,200,300,700,1900,8100,38300,190900,941300,4659500,23395700
round_k,0,1,3,9,40,191,954,4706,23297,116978
round_shots,100,100,100,100,100,100,100,100,100
round_queries,100,300,1500,6300,29700,147900,727900,3611100,18181100
round_k,0,1,7,31,148,739,3639,18055,90905
round_shots,100,100,100,100,100,100,100,100,100,100
round_queries,100,300,1100,4300,19900,96700,487300,2441300,12345500,62545300
round_k,0,1,5,21,99,483,2436,12206,61727,312726
round_shots,100,100,100,100,100,100,100,100,100,100
round_queries,100,300,1100,4500,20700,103300,512100,2576700,13005700,65887300
round_k,0,1,5,22,103,516,2560,12883,65028,329436
round_shots,100,100,100,100,100,100,100,100,100,100
round_queries,100,300,700,2300,10100,49500,241100,1205300,6075100,30750500
round_k,0,1,3,11,50,247,1205,6026,30375,153752
round_shots,200,100,100,100,100,100,100,100,100,100
round_queries,200,300,700,2500,11700,58500,288500,1439300,7276900,36660700
round_k,0,1,3,12,58,292,1442,7196,36384,183303
round_shots,200,100,100,100,100,100,100,100,100,100
round_queries,200,300,1100,3700,17500,83700,387700,1922300,9699300,49168300
round_k,0,1,5,18,87,418,1938,9611,48496,245841
round_shots,100,100,100,100,100,100,100,100,100,100
round_queries,100,300,1100,3700,15900,77700,390700,1965100,9932300,49934700
round_k,0,1,5,18,79,388,1953,9825,49661,249673
round_shots,100,100,100,100,100,100,100,100,100,100
round_queries,100,300,1100,4500,21900,105700,530500,2617100,13245300,67204300
round_k,0,1,5,22,109,528,2652,13085,66226,336021
round_shots,100,100,100,100,100,100,100,100,100,100
round_queries,100,300,1100,4100,18900,90500,453900,2269700,11466100,57956500
round_k,0,1,5,20,94,452,2269,11348,57330,289782
round_shots,200,100,100,100,100,100,100,100,100,100
round_queries,200,300,1500,5300,24700,117500,582300,2915500,14704900,74358500
round_k,0,1,7,26,123,587,2911,14577,73524,371792
round_shots,100,100,100,100,100,100,100,100,100,100
round_queries,100,300,1100,4100,16700,80300,392500,1960500,9909100,49993500
round_k,0,1,5,20,83,401,1962,9802,49545,249967
round_shots,100,100,100,100,100,100,100,100,100,100
round_queries,100,300,1100,5100,23500,110500,548900,2742100,13796500,69933300
round_k,0,1,5,25,117,552,2744,13710,68982,349666
round_shots,100,100,100,100,100,100,100,100,100,100
round_queries,100,300,1100,5100,23500,112300,559100,2800900,14150100,71379500
round_k,0,1,5,25,117,561,2795,14004,70750,356897
round_shots,100,100,100,100,100,100,100,100,100,100
round_queries,100,300,1100,4100,18500,89300,445900,2230300,11289100,57304100
round_k,0,1,5,20,92,446,2229,11151,56445,286520
round_shots,200,100,100,100,100,100,100,100,100,100
round_queries,200,300,1100,4100,18700,92300,464500,2305700,11557500,58675100
round_k,0,1,5,20,93,461,2322,11528,57787,293375
round_shots,100,100,100,100,100,100,100,100,100,100
round_queries,100,300,1100,5100,24900,122100,604300,3055500,15439700,78000700
round_k,0,1,5,25,124,610,3021,15277,77198,390003
round_shots,200,100,100,100,100,100,100,100,100,100
round_queries,200,300,1100,3900,18300,88300,440700,2209100,11173100,56487900
round_k,0,1,5,19,91,441,2203,11045,55865,282439
round_shots,200,100,100,100,100,100,100,100,100,100
round_queries,200,300,1100,3500,15100,73300,358500,1802700,9128900,46319700
round_k,0,1,5,17,75,366,1792,9013,45644,231598
round_shots,100,100,100,100,100,100,100,100,100,100
round_queries,100,300,1100,5500,24900,117100,580900,2924300,14733500,74468700
round_k,0,1,5,27,124,585,2904,14621,73667,372343
round_shots,200,100,100,100,100,100,100,100,100,100
round_queries,200,300,700,2700,12700,59900,294500,1491500,7531100,37745100
round_k,0,1,3,13,63,299,1472,7457,37655,188725
round_shots,200,100,100,100,100,100,100,100,100,100
round_queries,200,300,1100,3700,15300,72900,365500,1840700,9308100,47226900
round_k,0,1,5,18,76,364,1827,9203,46540,236134
round_shots,200,100,100,100,100,100,100,100,100,100
round_queries,200,300,1100,4100,17700,85700,427100,2148100,10900500,54987100
round_k,0,1,5,20,88,428,2135,10740,54502,274935
round_shots,100,100,100,100,100,100,100,100,100,100
round_queries,100,300,1100,4700,21900,105100,514300,2586100,13043300,66138900
round_k,0,1,5,23,109,525,2571,12930,65216,330694
round_shots,200,100,100,100,100,100,100,100,100,100
round_queries,200,300,1100,5100,24300,114100,565900,2829300,14316300,72727500
round_k,0,1,5,25,121,570,2829,14146,71581,363637
round_shots,200,100,100,100,100,100,100,100,100,100
round_queries,200,300,1100,3700,17300,81300,401900,1987300,10038500,50498900
round_k,0,1,5,18,86,406,2009,9936,50192,252494
round_shots,100,100,100,100,100,100,100,100,100,100
round_queries,100,300,700,2700,12100,59700,297700,1488900,7488500,37964300
round_k,0,1,3,13,60,298,1488,7444,37442,189821
round_shots,100,100,100,100,100,100,100,100,100,100
round_queries,100,300,1100,4500,20100,97900,470100,2335700,11771100,59406100
round_k,0,1,5,22,100,489,2350,11678,58855,297030
round_shots,200,100,100,100,100,100,100,100,100,100
round_queries,200,300,1100,4700,20900,97900,451500,2258100,11379700,57551500
round_k,0,1,5,23,104,489,2257,11290,56898,287757
round_shots,100,200,100,100,100,100,100,100,100
round_queries,100,600,1300,6100,28500,135100,677500,3426500,17345100
round_k,0,1,6,30,142,675,3387,17132,86725
round_shots,100,100,100,100,100,100,100,100,100,100
round_queries,100,300,1100,4700,23500,117700,581300,2937300,14880500,75200500
round_k,0,1,5,23,117,588,2906,14686,74402,376002
round_shots,100,100,100,100,100,100,100,100,100,100
round_queries,100,300,1100,4500,20100,94700,472300,2363900,11938700,60564500
round_k,0,1,5,22,100,473,2361,11819,59693,302822
round_shots,200,100,100,100,100,100,100,100,100,100
round_queries,200,300,700,2300,10500,49500,243900,1231700,6196900,31093500
round_k,0,1,3,11,52,247,1219,6158,30984,155467
round_shots,200,100,100,100,100,100,100,100,100,100
round_queries,200,300,1100,4500,20500,96700,477700,2420900,12151500,61613700
round_k,0,1,5,22,102,483,2388,12104,60757,308068
round_shots,100,100,100,100,100,100,100,100,100,100
round_queries,100,300,1100,4700,21100,104500,523500,2650500,13217100,66739500
round_k,0,1,5,23,105,522,2617,13252,66085,333697
round_shots,100,100,100,100,100,100,100,100,100
round_queries,100,300,1500,7500,35100,176900,879300,4442300,22506900
round_k,0,1,7,37,175,884,4396,22211,112534
round_shots,100,100,100,100,100,100,100,100,100
round_queries,100,300,1100,5300,25500,126900,626700,3140300,15860300
round_k,0,1,5,26,127,634,3133,15701,79301
round_shots,100,100,100,100,100,100,100,100,100
round_queries,100,300,1500,6500,31300,152900,762700,3826100,19165300
round_k,0,1,7,32,156,764,3813,19130,95826
round_shots,200,100,100,100,100,100,100,100,100,100
round_queries,200,300,1100,5100,24900,119900,593300,2970700,15005100,75621700
round_k,0,1,5,25,124,599,2966,14853,75025,378108
round_shots,100,100,100,100,100,100,100,100,100
round_queries,100,500,1500,5900,26700,134100,670900,3331300,16889700
round_k,0,2,7,29,133,670,3354,16656,84448
round_shots,200,100,100,100,100,100,100,100,100,100
round_queries,200,300,1100,4100,19300,95700,470300,2368900,11923500,60176700
round_k,0,1,5,20,96,478,2351,11844,59617,300883
round_shots,100,100,100,100,100,100,100,100,100
round_queries,100,300,1100,5500,25500,124300,611100,3068700,15536900
round_k,0,1,5,27,127,621,3055,15343,77684
round_shots,200,100,100,100,100,100,100,100,100,100
round_queries,200,300,1100,3700,16900,79500,398900,1993100,10084100,51112700
round_k,0,1,5,18,84,397,1994,9965,50420,255563
round_shots,100,100,100,100,100,100,100,100,100,100
round_queries,100,300,1500,4900,22900,113100,554300,2774700,14057500,71211300
round_k,0,1,7,24,114,565,2771,13873,70287,356056
round_shots,200,100,100,100,100,100,100,100,100,100
round_queries,200,300,1100,4100,18700,86300,434700,2173500,11002900,55721300
round_k,0,1,5,20,93,431,2173,10867,55014,278606
round_shots,300,100,100,100,100,100,100,100,100
round_queries,300,500,1900,7500,35700,169500,856100,4295100,21659700
round_k,0,2,9,37,178,847,4280,21475,108298
round_shots,200,100,100,100,100,100,100,100,100,100
round_queries,200,300,1100,3700,15900,77500,375900,1884700,9484300,48010700
round_k,0,1,5,18,79,387,1879,9423,47421,240053
round_shots,200,100,100,100,100,100,100,100,100,100
round_queries,200,300,700,1900,8100,39900,195100,974700,4902900,24790300
round_k,0,1,3,9,40,199,975,4873,24514,123951
round_shots,200,100,100,100,100,100,100,100,100,100
round_queries,200,300,1100,4700,20700,100900,504900,2555700,12908300,65478300
round_k,0,1,5,23,103,504,2524,12778,64541,327391
round_shots,100,100,100,100,100,100,100,100,100,100
round_queries,100,300,1100,4100,18300,90500,452900,2276900,11516100,58794500
round_k,0,1,5,20,91,452,2264,11384,57580,293972
round_shots,200,100,100,100,100,100,100,100,100
round_queries,200,300,1100,4900,22500,133700,665500,3318100,16717300
round_k,0,1,5,24,112,668,3327,16590,83586
round_shots,100,100,100,100,100,100,100,100,100,100
round_queries,100,300,1100,4700,20100,100500,498500,2521100,12732500,64587100
round_k,0,1,5,23,100,502,2492,12605,63662,322935
round_shots,100,100,100,100,100,100,100,100,100,100
round_queries,100,300,700,2500,10500,49900,247700,1234900,6173700,31280900
round_k,0,1,3,12,52,249,1238,6174,30868,156404
round_shots,100,100,100,100,100,100,100,100,100,100
round_queries,100,300,1100,5300,23700,116700,579900,2924300,14825300,75186100
round_k,0,1,5,26,118,583,2899,14621,74126,375930
round_shots,100,100,100,100,100,100,100,100,100
round_queries,100,300,1500,6300,28700,143500,717500,3609900,18259100
round_k,0,1,7,31,143,717,3587,18049,91295
round_shots,200,100,100,100,100,100,100,100,100,100
round_queries,200,300,1100,3700,17700,81100,388900,1952700,9882700,49980700
round_k,0,1,5,18,88,405,1944,9763,49413,249903
round_shots,200,100,100,100,100,100,100,100,100,100
round_queries,200,300,1100,4700,20900,99900,490500,2470100,12515900,63490300
round_k,0,1,5,23,104,499,2452,12350,62579,317451
round_shots,200,100,100,100,100,100,100,100,100,100
round_queries,200,300,1100,4300,20100,100100,499300,2489900,12547700,63547500
round_k,0,1,5,21,100,500,2496,12449,62738,317737
round_shots,100,100,100,100,100,100,100,100,100,100
round_queries,100,300,700,1900,8300,39100,186300,935100,4693500,23567700
round_k,0,1,3,9,41,195,931,4675,23467,117838
round_shots,100,200,100,100,100,100,100,100,100,100
round_queries,100,600,1100,3100,13500,65100,321700,1611300,8142100,41251700
round_k,0,1,5,15,67,325,1608,8056,40710,206258
round_shots,100,100,100,100,100,100,100,100,100,100
round_queries,100,300,1100,4500,21900,108500,511900,2572500,12920900,65575500
round_k,0,1,5,22,109,542,2559,12862,64604,327877
round_shots,200,100,100,100,100,100,100,100,100,100
round_queries,200,300,700,2900,13300,64100,315300,1583100,8018700,40338500
round_k,0,1,3,14,66,320,1576,7915,40093,201692
round_shots,200,100,100,100,100,100,100,100,100,100
round_queries,200,300,700,2900,12500,60100,299900,1508700,7603900,38495700
round_k,0,1,3,14,62,300,1499,7543,38019,192478
round_shots,100,100,100,100,100,100,100,100,100
round_queries,100,300,1100,5300,24700,123500,620700,3096700,15703100
round_k,0,1,5,26,123,617,3103,15483,78515
round_shots,200,100,100,100,100,100,100,100,100
round_queries,200,300,1100,5100,24100,113900,554100,2793500,17047900
round_k,0,1,5,25,120,569,2770,13967,85239
round_shots,200,100,100,100,100,100,100,100,100,100
round_queries,200,300,700,1900,8500,40700,202100,1016500,5126700,25986500
round_k,0,1,3,9,42,203,1010,5082,25633,129932
round_shots,100,100,100,100,100,100,100,100,100,100
round_queries,100,300,700,2900,14100,66900,327100,1626500,8227700,41696500
round_k,0,1,3,14,70,334,1635,8132,41138,208482
round_shots,100,100,100,100,100,100,100,100,100,100
round_queries,100,300,900,4500,20500,98500,491500,2465900,12451500,63237700
round_k,0,1,4,22,102,492,2457,12329,62257,316188
round_shots,200,100,100,100,100,100,100,100,100
round_queries,200,500,1900,6900,31500,152100,763900,3830700,19412300
round_k,0,2,9,34,157,760,3819,19153,97061
round_shots,100,100,100,100,100,100,100,100,100,100
round_queries,100,300,700,3300,15500,72300,359700,1793900,9067300,45915500
round_k,0,1,3,16,77,361,1798,8969,45336,229577
round_shots,300,100,100,100,100,100,100,100,100
round_queries,300,300,1500,6500,29500,147100,738700,3741100,19003100
round_k,0,1,7,32,147,735,3693,18705,95015
round_shots,200,100,100,100,100,100,100,100,100,100
round_queries,200,300,1100,4900,21500,105900,525300,2664700,13481300,67937500
round_k,0,1,5,24,107,529,2626,13323,67406,339687
round_shots,100,100,100,100,100,100,100,100,100,100
round_queries,100,300,1100,3700,18100,85500,427700,2158700,10958700,54476300
round_k,0,1,5,18,90,427,2138,10793,54793,272381
round_shots,100,100,100,100,100,100,100,100,100,100
round_queries,100,300,1100,4500,19700,92300,459300,2297900,11580300,58671900
round_k,0,1,5,22,98,461,2296,11489,57901,293359
round_shots,200,100,100,100,100,100,100,100,100,100
round_queries,200,300,1100,4100,18500,90700,443100,2226100,11214500,56860100
round_k,0,1,5,20,92,453,2215,11130,56072,284300
round_shots,100,100,100,100,100,100,100,100,100,100
round_queries,100,300,900,2700,10300,50300,247300,1224900,6148300,31117900
round_k,0,1,4,13,51,251,1236,6124,30741,155589
round_shots,200,100,100,100,100,100,100,100,100,100
round_queries,200,300,700,2900,11500,55500,273500,1357100,8264100,41682300
round_k,0,1,3,14,57,277,1367,6785,41320,208411
round_shots,100,100,100,100,100,100,100,100,100,100
round_queries,100,300,1100,4500,19900,94500,459500,2316900,11701700,59262100
round_k,0,1,5,22,99,472,2297,11584,58508,296310
round_shots,100,100,100,100,100,100,100,100,100,100
round_queries,100,300,700,2700,12500,60500,294300,1483700,7475700,37952900
round_k,0,1,3,13,62,302,1471,7418,37378,189764
round_shots,200,100,100,100,100,100,100,100,100,100
round_queries,200,300,700,1900,8100,40100,199100,997300,5045900,25578300
round_k,0,1,3,9,40,200,995,4986,25229,127891
round_shots,200,100,100,100,100,100,100,100,100
round_queries,200,300,1500,7300,34900,168300,839700,4209900,21125100
round_k,0,1,7,36,174,841,4198,21049,105625
round_shots,200,100,100,100,100,100,100,100,100,100
round_queries,200,300,1100,4500,21500,103500,506700,2540100,12812700,64401900
round_k,0,1,5,22,107,517,2533,12700,64063,322009
round_shots,100,100,100,100,100,100,100,100,100,100
round_queries,100,300,1100,4500,20100,98100,491700,2477100,12557300,63693900
round_k,0,1,5,22,100,490,2458,12385,62786,318469
round_shots,100,100,100,100,100,100,100,100,100,100
round_queries,100,300,1100,4100,17900,85700,427100,2158300,10900900,55240500
round_k,0,1,5,20,89,428,2135,10791,54504,276202
round_shots,200,100,100,100,100,100,100,100,100,100
round_queries,200,300,1100,4700,21100,103700,509500,2559900,12914100,65401500
round_k,0,1,5,23,105,518,2547,12799,64570,327007
round_shots,200,100,100,100,100,100,100,100,100,100
round_queries,200,300,700,2300,10100,48900,241700,1208500,6095300,30711500
round_k,0,1,3,11,50,244,1208,6042,30476,153557
round_shots,100,100,100,100,100,100,100,100,100,100
round_queries,100,300,1100,4100,18300,85900,424300,2138700,10677900,53776900
round_k,0,1,5,20,91,429,2121,10693,53389,268884
round_shots,200,200,100,100,100,100,100,100,100
round_queries,200,600,1500,6300,29300,145500,716500,3599500,18222300
round_k,0,1,7,31,146,727,3582,17997,91111
round_shots,100,100,100,100,100,100,100,100,100,100
round_queries,100,300,1100,4500,19900,99300,485900,2403100,12143900,61557900
round_k,0,1,5,22,99,496,2429,12015,60719,307789
round_shots,100,100,100,100,100,100,100,100,100,100
round_queries,100,300,700,2300,10700,52500,257100,1282700,6512900,32818500
round_k,0,1,3,11,53,262,1285,6413,32564,164092
round_shots,200,100,100,100,100,100,100,100,100,100
round_queries,200,300,1100,5500,25900,120900,604500,3031500,15314900,77703100
round_k,0,1,5,27,129,604,3022,15157,76574,388515
round_shots,200,100,100,100,100,100,100,100,100,100
round_queries,200,300,700,2300,10500,52100,247700,1214900,6186300,31341500
round_k,0,1,3,11,52,260,1238,6074,30931,156707
round_shots,200,100,100,100,100,100,100,100,100
round_queries,200,700,1900,8100,36700,183500,905900,4540300,22838500
round_k,0,3,9,40,183,917,4529,22701,114192
round_shots,200,100,100,100,100,100,100,100,100,100
round_queries,200,300,1100,3700,17300,83700,406300,2037300,10303500,52258900
round_k,0,1,5,18,86,418,2031,10186,51517,261294
round_shots,100,100,100,100,100,100,100,100,100,100
round_queries,100,300,1500,5300,24700,116500,588700,2963300,15018300,76058700
round_k,0,1,7,26,123,582,2943,14816,75091,380293
round_shots,100,100,100,100,100,100,100,100,100,100
round_queries,100,300,1100,4500,19100,94100,471100,2356100,11920500,59816300
round_k,0,1,5,22,95,470,2355,11780,59602,299081
round_shots,100,100,100,100,100,100,100,100,100,100
round_queries,100,300,1100,4100,17900,85700,431900,2174700,10937700,55409500
round_k,0,1,5,20,89,428,2159,10873,54688,277047
round_shots,100,100,100,100,100,100,100,100,100,100
round_queries,100,300,1100,4100,20100,100500,506500,2550900,12871700,64612900
round_k,0,1,5,20,100,502,2532,12754,64358,323064
round_shots,200,100,100,100,100,100,100,100,100,100
round_queries,200,300,700,1900,8900,43300,213100,1069100,6481500,32829500
round_k,0,1,3,9,44,216,1065,5345,32407,164147
round_shots,100,100,100,100,100,100,100,100,100,100
round_queries,100,300,700,3300,15700,74700,368900,1848300,9322300,47257900
round_k,0,1,3,16,78,373,1844,9241,46611,236289
round_shots,100,100,100,100,100,100,100,100,100,100
round_queries,100,300,700,2300,11500,54100,269500,1353100,6767700,34149100
round_k,0,1,3,11,57,270,1347,6765,33838,170745
round_shots,100,100,100,100,100,100,100,100,100,100
round_queries,100,300,1100,5100,25100,121300,599700,3010500,15232500,77214700
round_k,0,1,5,25,125,606,2998,15052,76162,386073
round_shots,200,100,100,100,100,100,100,100,100,100
round_queries,200,300,1100,5100,24100,116700,591900,2971700,15090100,75687100
round_k,0,1,5,25,120,583,2959,14858,75450,378435
round_shots,200,100,100,100,100,100,100,100,100,100
round_queries,200,300,1100,3500,15100,70900,348100,1752700,8835900,44509700
round_k,0,1,5,17,75,354,1740,8763,44179,222548
round_shots,300,100,100,100,100,100,100,100,100
round_queries,300,500,1900,7700,33900,160500,805900,4060900,20492700
round_k,0,2,9,38,169,802,4029,20304,102463
round_shots,200,100,100,100,100,100,100,100,100
round_queries,200,500,2300,10700,51900,261700,1303100,6549100,32832500
round_k,0,2,11,53,259,1308,6515,32745,164162
round_shots,100,100,100,100,100,100,100,100,100,100
round_queries,100,300,700,2300,9300,43100,206900,1045500,5242100,26518100
round_k,0,1,3,11,46,215,1034,5227,26210,132590
round_shots,200,100,100,100,100,100,100,100,100,100
round_queries,200,300,700,2300,10900,50900,257700,1286700,6482100,32850300
round_k,0,1,3,11,54,254,1288,6433,32410,164251
round_shots,100,100,100,100,100,100,100,100,100,100
round_queries,100,300,1100,4500,22500,110300,546700,2768300,13992700,70507700
round_k,0,1,5,22,112,551,2733,13841,69963,352538
round_shots,100,100,100,100,100,100,100,100,100,100
round_queries,100,300,700,2300,11100,54700,267300,1347100,6779700,34338700
round_k,0,1,3,11,55,273,1336,6735,33898,171693
round_shots,100,200,100,100,100,100,100,100,100,100
round_queries,100,600,1100,3500,17500,83100,419900,2062900,10425500,52456700
round_k,0,1,5,17,87,415,2099,10314,52127,262283
round_shots,200,100,100,100,100,100,100,100,100,100
round_queries,200,300,1100,4900,22500,109300,540100,2712700,13669700,69165100
round_k,0,1,5,24,112,546,2700,13563,68348,345825
round_shots,200,100,100,100,100,100,100,100,100,100
round_queries,200,300,1100,4900,21300,106100,521900,2607500,13189100,66847100
round_k,0,1,5,24,106,530,2609,13037,65945,334235
round_shots,100,100,100,100,100,100,100,100,100,100
round_queries,100,300,1100,4100,18300,89500,444300,2245100,11230100,56305300
round_k,0,1,5,20,91,447,2221,11225,56150,281526
round_shots,100,100,100,100,100,100,100,100,100
round_queries,100,300,1100,5500,26300,156500,787500,3970100,20085700
round_k,0,1,5,27,131,782,3937,19850,100428
round_shots,100,100,100,100,100,100,100,100,100,100
round_queries,100,300,1100,4100,18900,94100,469300,2363300,11909300,60484500
round_k,0,1,5,20,94,470,2346,11816,59546,302422
round_shots,100,100,100,100,100,100,100,100,100,100
round_queries,100,300,1100,5100,22900,110700,551700,2790500,14123100,70798100
round_k,0,1,5,25,114,553,2758,13952,70615,353990
round_shots,200,100,100,100,100,100,100,100,100,100
round_queries,200,300,1100,4500,19500,95300,474300,2325900,11741900,59568100
round_k,0,1,5,22,97,476,2371,11629,58709,297840
round_shots,100,100,100,100,100,100,100,100,100,100
round_queries,100,300,1100,3700,16500,78700,389500,1970700,9951500,50402900
round_k,0,1,5,18,82,393,1947,9853,49757,252014
round_shots,200,100,100,100,100,100,100,100,100,100
round_queries,200,300,700,1900,8900,43900,217100,1078300,5455300,27567900
round_k,0,1,3,9,44,219,1085,5391,27276,137839
round_shots,100,100,100,100,100,100,100,100,100,100
round_queries,100,300,700,2300,9900,48300,236500,1198500,5808300,29292100
round_k,0,1,3,11,49,241,1182,5992,29041,146460
round_shots,100,100,100,100,100,100,100,100,100
round_queries,100,300,1500,6700,31300,150900,754300,3777900,19076100
round_k,0,1,7,33,156,754,3771,18889,95380
round_shots,100,100,100,100,100,100,100,100,100,100
round_queries,100,300,1100,4500,20100,99700,484500,2439100,12358100,62620500
round_k,0,1,5,22,100,498,2422,12195,61790,313102
round_shots,200,100,100,100,100,100,100,100,100,100
round_queries,200,300,700,2300,10500,51500,253900,1268500,6387300,32198100
round_k,0,1,3,11,52,257,1269,6342,31936,160990
round_shots,200,100,100,100,100,100,100,100,100,100
round_queries,200,300,700,3300,14700,73500,356100,1780900,8984900,45338900
round_k,0,1,3,16,73,367,1780,8904,44924,226694
round_shots,200,100,100,100,100,100,100,100,100,100
round_queries,200,300,1500,5300,23900,117100,593500,2994100,15071500,76252300
round_k,0,1,7,26,119,585,2967,14970,75357,381261
round_shots,200,100,100,100,100,100,100,100,100,100
round_queries,200,300,1100,4700,21500,107900,541900,2726900,13688100,69359300
round_k,0,1,5,23,107,539,2709,13634,68440,346796
round_shots,100,100,100,100,100,100,100,100,100,100
round_queries,100,300,1100,4100,18500,90300,447300,2249500,11387100,57144700
round_k,0,1,5,20,92,451,2236,11247,56935,285723
round_shots,200,100,100,100,100,100,100,100,100,100
round_queries,200,300,700,1900,7900,36100,170100,857100,4335900,21954100
round_k,0,1,3,9,39,180,850,4285,21679,109770
round_shots,200,100,100,100,100,100,100,100,100
round_queries,200,500,2300,8900,40300,197900,990100,4998900,25343700
round_k,0,2,11,44,201,989,4950,24994,126718
round_shots,100,100,100,100,100,100,100,100,100,100
round_queries,100,300,1100,4100,18500,88900,432900,2157700,10879700,54979100
round_k,0,1,5,20,92,444,2164,10788,54398,274895
round_shots,100,100,100,100,100,100,100,100,100,100
round_queries,100,300,1100,4500,20300,100300,496500,2484700,12497700,63371300
round_k,0,1,5,22,101,501,2482,12423,62488,316856
round_shots,100,100,100,100,100,100,100,100,100,100
round_queries,100,300,700,2900,12300,57700,287100,1439900,7303300,37018100
round_k,0,1,3,14,61,288,1435,7199,36516,185090
round_shots,200,100,100,100,100,100,100,100,100,100
round_queries,200,300,1100,5100,22100,106900,531500,2685900,13569500,68764300
round_k,0,1,5,25,110,534,2657,13429,67847,343821
round_shots,100,100,100,100,100,100,100,100,100,100
round_queries,100,300,700,2900,12900,61500,296300,1397500,7027500,35324700
round_k,0,1,3,14,64,307,1481,6987,35137,176623
round_shots,200,100,100,100,100,100,100,100,100,100
round_queries,200,300,1100,4700,20900,98900,489100,2447300,12307700,62463500
round_k,0,1,5,23,104,494,2445,12236,61538,312317
round_shots,100,100,100,100,100,100,100,100,100,100
round_queries,100,300,700,2900,13500,63500,304300,1536300,7709500,39072300
round_k,0,1,3,14,67,317,1521,7681,38547,195361
round_shots,200,100,100,100,100,100,100,100,100,100
round_queries,200,300,700,2300,9100,42100,206500,1028700,5204900,26267900
round_k,0,1,3,11,45,210,1032,5143,26024,131339
round_shots,100,100,100,100,100,100,100,100,100,100
round_queries,100,300,700,2900,12300,57900,288900,1407700,7024300,35592900
round_k,0,1,3,14,61,289,1444,7038,35121,177964
round_shots,100,100,100,100,100,100,100,100,100,100
round_queries,100,300,700,2900,13100,62500,310700,1551900,7802100,39566100
round_k,0,1,3,14,65,312,1553,7759,39010,197830
round_shots,200,100,100,100,100,100,100,100,100,100
round_queries,200,300,700,2900,12500,59700,301700,1509700,7641700,46653900
round_k,0,1,3,14,62,298,1508,7548,38208,233269
round_shots,100,100,100,100,100,100,100,100,100,100
round_queries,100,300,1100,4500,20700,99700,505300,2527700,12742300,64293900
round_k,0,1,5,22,103,498,2526,12638,63711,321469
round_shots,100,100,100,100,100,100,100,100,100,100
round_queries,100,300,700,3300,15100,71100,350300,1769100,8972300,45456100
round_k,0,1,3,16,75,355,1751,8845,44861,227280
round_shots,100,100,100,100,100,100,100,100,100,100
round_queries,100,300,1100,3700,16100,79100,390300,1951700,9872500,50011100
round_k,0,1,5,18,80,395,1951,9758,49362,250055
round_shots,200,100,100,100,100,100,100,100,100,100
round_queries,200,300,1100,4100,18500,89500,441700,2202700,11133700,56540500
round_k,0,1,5,20,92,447,2208,11013,55668,282702
round_shots,200,100,100,100,100,100,100,100,100,100
round_queries,200,300,1100,4100,18900,92100,460700,2302700,11587100,58762300
round_k,0,1,5,20,94,460,2303,11513,57935,293811
round_shots,100,100,100,100,100,100,100,100,100,100
round_queries,100,300,900,3500,16700,80700,404100,2019300,10171900,51490900
round_k,0,1,4,17,83,403,2020,10096,50859,257454
round_shots,200,100,100,100,100,100,100,100,100,100
round_queries,200,300,1100,4500,21300,107700,540900,2711500,13765100,69399700
round_k,0,1,5,22,106,538,2704,13557,68825,346998
round_shots,100,100,100,100,100,100,100,100,100,100
round_queries,100,300,1100,3700,18500,87500,430900,2145300,10846100,54977300
round_k,0,1,5,18,92,437,2154,10726,54230,274886
round_shots,100,100,100,100,100,100,100,100,100
round_queries,100,300,1500,6300,28500,136500,682100,3412300,17135100
round_k,0,1,7,31,142,682,3410,17061,85675
round_shots,200,100,100,100,100,100,100,100,100,100
round_queries,200,300,700,2300,10700,50700,247900,1245500,6214500,31517300
round_k,0,1,3,11,53,253,1239,6227,31072,157586
round_shots,100,100,100,100,100,100,100,100,100,100
round_queries,100,300,700,2900,13300,65100,325500,1614700,8190100,41489100
round_k,0,1,3,14,66,325,1627,8073,40950,207445
round_shots,100,100,100,100,100,100,100,100,100
round_queries,100,500,1500,6700,33300,163100,783100,3959300,19953100
round_k,0,2,7,33,166,815,3915,19796,99765
round_shots,100,100,100,100,100,100,100,100,100,100
round_queries,100,300,1100,4500,21100,105100,518100,2608100,12945500,65526700
round_k,0,1,5,22,105,525,2590,13040,64727,327633
round_shots,200,100,100,100,100,100,100,100,100,100
round_queries,200,300,700,2900,13700,63500,307100,1531900,7691500,38980900
round_k,0,1,3,14,68,317,1535,7659,38457,194904
round_shots,100,100,100,100,100,100,100,100,100,100
round_queries,100,300,1100,3700,16500,81900,411300,2052500,10355900,52563100
round_k,0,1,5,18,82,409,2056,10262,51779,262815
round_shots,100,100,100,100,100,100,100,100,100,100
round_queries,100,300,700,2500,11900,57300,288100,1445500,7660300,38470500
round_k,0,1,3,12,59,286,1440,7227,38301,192352
round_shots,100,100,100,100,100,100,100,100,100,100
round_queries,100,300,1100,3700,17100,86100,433100,2184300,10945700,55271900
round_k,0,1,5,18,85,430,2165,10921,54728,276359
round_shots,100,100,100,100,100,100,100,100,100,100
round_queries,100,300,1100,3700,18100,88700,445300,2236900,11307100,57229700
round_k,0,1,5,18,90,443,2226,11184,56535,286148
round_shots,300,100,100,100,100,100,100,100,100,100
round_queries,300,300,1100,4700,22900,111300,545300,2758100,13907300,70471500
round_k,0,1,5,23,114,556,2726,13790,69536,352357
round_shots,100,100,100,100,100,100,100,100,100,100
round_queries,100,300,700,2900,13100,65500,321300,1615500,8159500,41331100
round_k,0,1,3,14,65,327,1606,8077,40797,206655
round_shots,100,100,100,100,100,100,100,100,100,100
round_queries,100,300,1100,4100,18700,92100,453700,2291500,11586300,58434700
round_k,0,1,5,20,93,460,2268,11457,57931,292173
round_shots,200,200,100,100,100,100,100,100,100
round_queries,200,600,1100,5500,26500,133500,673700,3364500,16987100
round_k,0,1,5,27,132,667,3368,16822,84935
round_shots,200,100,100,100,100,100,100,100,100
round_queries,200,300,1500,5900,27100,127300,632100,3185100,15976100
round_k,0,1,7,29,135,636,3160,15925,79880
round_shots,200,100,100,100,100,100,100,100,100,100
round_queries,200,300,1100,4900,22300,109300,537900,2722300,13767300,69765100
round_k,0,1,5,24,111,546,2689,13611,68836,348825
round_shots,200,100,100,100,100,100,100,100,100,100
round_queries,200,300,1100,4900,21700,106500,524500,2660100,13412300,67958500
round_k,0,1,5,24,108,532,2622,13300,67061,339792
round_shots,100,100,100,100,100,100,100,100,100,100
round_queries,100,300,1100,5100,25300,126500,604900,2997100,15011700,75976700
round_k,0,1,5,25,126,632,3024,14985,75058,379883
round_shots,200,100,100,100,100,100,100,100,100,100
round_queries,200,300,700,2700,12700,58700,285300,1433100,7233900,36237300
round_k,0,1,3,13,63,293,1426,7165,36169,181186
round_shots,100,100,100,100,100,100,100,100,100,100
round_queries,100,300,700,2900,13300,60100,298300,1489300,7496700,37627900
round_k,0,1,3,14,66,300,1491,7446,37483,188139
round_shots,100,100,100,100,100,100,100,100,100,100
round_queries,100,300,1500,4900,24100,116100,582500,2944900,14898300,75490300
round_k,0,1,7,24,120,580,2912,14724,74491,377451
round_shots,300,100,100,100,100,100,100,100,100,100
round_queries,300,300,1100,4500,21100,103500,520300,2606500,13075300,66308500
round_k,0,1,5,22,105,517,2601,13032,65376,331542
round_shots,100,100,100,100,100,100,100,100,100,100
round_queries,100,300,1100,3700,15900,76700,377100,1882100,9527700,48214700
round_k,0,1,5,18,79,383,1885,9410,47638,241073
round_shots,100,100,100,100,100,100,100,100,100,100
round_queries,100,300,1100,3700,17300,86500,429700,2160700,13171900,66244500
round_k,0,1,5,18,86,432,2148,10803,65859,331222
round_shots,100,100,100,100,100,100,100,100,100,100
round_queries,100,300,1100,3100,14300,69300,342500,1712500,8631900,43498300
round_k,0,1,5,15,71,346,1712,8562,43159,217491
round_shots,200,100,100,100,100,100,100,100,100,100
round_queries,200,300,700,3500,15900,73300,367500,1836100,9282500,47072100
round_k,0,1,3,17,79,366,1837,9180,46412,235360
round_shots,100,100,100,100,100,100,100,100,100,100
round_queries,100,300,1100,5100,22700,112700,552100,2771700,14002100,71039100
round_k,0,1,5,25,113,563,2760,13858,70010,355195
round_shots,200,100,100,100,100,100,100,100,100
round_queries,200,500,1900,8500,38900,188300,932700,4693300,23548300
round_k,0,2,9,42,194,941,4663,23466,117741
round_shots,100,100,100,100,100,100,100,100,100,100
round_queries,100,300,1100,4500,20100,96500,477500,2396700,12090500,61340100
round_k,0,1,5,22,100,482,2387,11983,60452,306700
round_shots,100,100,100,100,100,100,100,100,100,100
round_queries,100,300,700,2700,10700,49700,240500,1212100,6106900,30885300
round_k,0,1,3,13,53,248,1202,6060,30534,154426
round_shots,200,100,100,100,100,100,100,100,100,100
round_queries,200,300,1100,4100,19700,97300,476700,2389500,12102500,61271700
round_k,0,1,5,20,98,486,2383,11947,60512,306358
round_shots,300,100,100,100,100,100,100,100,100
round_queries,300,500,1500,6300,31500,151500,907700,5521300,27907500
round_k,0,2,7,31,157,757,4538,27606,139537
round_shots,100,100,100,100,100,100,100,100,100,100
round_queries,100,300,1100,4700,21900,106300,534500,2667700,13441100,68273900
round_k,0,1,5,23,109,531,2672,13338,67205,341369
round_shots,100,100,100,100,100,100,100,100,100
round_queries,100,500,1900,7500,34900,171300,860300,4358700,22038500
round_k,0,2,9,37,174,856,4301,21793,110192
round_shots,200,100,100,100,100,100,100,100,100,100
round_queries,200,300,1100,5100,23900,117500,592500,2977300,15001100,75978100
round_k,0,1,5,25,119,587,2962,14886,75005,379890
round_shots,100,100,100,100,100,100,100,100,100,100
round_queries,100,300,700,2500,11700,57500,276300,1401300,7078500,35799700
round_k,0,1,3,12,58,287,1381,7006,35392,178998
round_shots,100,100,100,100,100,100,100,100,100,100
round_queries,100,300,1100,4100,18100,90500,442500,2230300,11275300,57231900
round_k,0,1,5,20,90,452,2212,11151,56376,286159
round_shots,100,100,100,100,100,100,100,100,100,100
round_queries,100,300,1100,3700,17900,84700,422900,2141300,10833500,54933700
round_k,0,1,5,18,89,423,2114,10706,54167,274668
round_shots,200,100,100,100,100,100,100,100,100,100
round_queries,200,300,1100,4700,20500,101300,510500,2563900,12966900,65815100
round_k,0,1,5,23,102,506,2552,12819,64834,329075
round_shots,100,100,100,100,100,100,100,100,100,100
round_queries,100,300,1100,4900,21300,103300,507500,2565700,12978500,65632500
round_k,0,1,5,24,106,516,2537,12828,64892,328162
round_shots,300,100,100,100,100,100,100,100,100
round_queries,300,500,2500,12100,57100,275300,1362900,6876500,34887700
round_k,0,2,12,60,285,1376,6814,34382,174438
round_shots,200,100,100,100,100,100,100,100,100,100
round_queries,200,300,1100,4100,18100,88700,430700,2144700,10794100,54505100
round_k,0,1,5,20,90,443,2153,10723,53970,272525
round_shots,100,100,100,100,100,100,100,100,100,100
round_queries,100,300,700,1900,8900,41500,198900,980100,4897300,24808100
round_k,0,1,3,9,44,207,994,4900,24486,124040
round_shots,200,100,100,100,100,100,100,100,100,100
round_queries,200,300,700,2500,11500,54900,275900,1381700,6937300,35022300
round_k,0,1,3,12,57,274,1379,6908,34686,175111
round_shots,200,100,100,100,100,100,100,100,100
round_queries,200,500,1900,7500,35500,170700,843300,4226700,21373700
round_k,0,2,9,37,177,853,4216,21133,106868
round_shots,100,100,100,100,100,100,100,100,100,100
round_queries,100,300,700,2900,13700,66900,332500,1664100,8353900,42260500
round_k,0,1,3,14,68,334,1662,8320,41769,211302
round_shots,100,100,100,100,100,100,100,100,100
round_queries,100,300,1500,6300,29900,148300,742900,3749300,18996900
round_k,0,1,7,31,149,741,3714,18746,94984
round_shots,200,100,100,100,100,100,100,100,100,100
round_queries,200,300,1100,3700,17900,83700,413500,2066300,10317700,52112500
round_k,0,1,5,18,89,418,2067,10331,51588,260562
round_shots,200,100,100,100,100,100,100,100,100,100
round_queries,200,300,1100,3700,17700,87500,439700,2214500,11115300,56127900
round_k,0,1,5,18,88,437,2198,11072,55576,280639
round_shots,100,100,100,100,100,100,100,100,100,100
round_queries,100,300,1100,4700,21100,101900,507700,2560100,12940900,65628300
round_k,0,1,5,23,105,509,2538,12800,64704,328141
round_shots,200,100,100,100,100,100,100,100,100,100
round_queries,200,300,1100,3100,13500,63500,310100,1551900,7804900,39537700
round_k,0,1,5,15,67,317,1550,7759,39024,197688
round_shots,100,100,100,100,100,100,100,100,100,100
round_queries,100,300,1100,4700,20900,102100,506900,2564100,12951500,65657100
round_k,0,1,5,23,104,510,2534,12820,64757,328285
round_shots,200,100,100,100,100,100,100,100,100,100
round_queries,200,300,700,3100,13300,66700,328900,1659900,8426700,42671900
round_k,0,1,3,15,66,333,1644,8299,42133,213359
round_shots,100,100,100,100,100,100,100,100,100,100
round_queries,100,300,700,2300,9100,42500,212300,1066300,5337100,26786100
round_k,0,1,3,11,45,212,1061,5331,26685,133930
round_shots,100,100,100,100,100,100,100,100,100,100
round_queries,100,300,1100,3100,14500,67300,330300,1558700,7749900,39313100
round_k,0,1,5,15,72,336,1651,7793,38749,196565
round_shots,300,100,100,100,100,100,100,100,100
round_queries,300,500,1900,8700,41100,202300,1013100,5125500,25905500
round_k,0,2,9,43,205,1011,5065,25627,129527
round_shots,100,100,100,100,100,100,100,100,100,100
round_queries,100,300,1100,4500,21100,103700,512100,2572300,13006500,65957700
round_k,0,1,5,22,105,518,2560,12861,65032,329788
round_shots,100,100,100,100,100,100,100,100,100,100
round_queries,100,300,700,2900,13100,65300,323500,1627700,8237700,41650100
round_k,0,1,3,14,65,326,1617,8138,41188,208250
round_shots,200,100,100,100,100,100,100,100,100
round_queries,200,300,1500,6300,28100,138100,681100,3320700,16749100
round_k,0,1,7,31,140,690,3405,16603,83745
round_shots,200,100,100,100,100,100,100,100,100,100
round_queries,200,300,1100,4500,20700,98900,487700,2440100,12357700,62645500
round_k,0,1,5,22,103,494,2438,12200,61788,313227
round_shots,100,100,100,100,100,100,100,100,100
round_queries,100,300,1500,6700,32900,159700,799500,4015300,20297100
round_k,0,1,7,33,164,798,3997,20076,101485
round_shots,200,100,100,100,100,100,100,100,100
round_queries,200,500,1900,7100,32900,164500,809700,4074900,20500900
round_k,0,2,9,35,164,822,4048,20374,102504
round_shots,200,100,100,100,100,100,100,100,100,100
round_queries,200,300,1100,4500,22100,106900,530900,2685300,13521300,68284300
round_k,0,1,5,22,110,534,2654,13426,67606,341421
round_shots,200,100,100,100,100,100,100,100,100,100
round_queries,200,300,1100,3100,14100,69100,339500,1699100,8363700,42091300
round_k,0,1,5,15,70,345,1697,8495,41818,210456
round_shots,200,100,100,100,100,100,100,100,100,100
round_queries,200,300,1100,4900,23500,114100,569300,2874900,14474100,72991700
round_k,0,1,5,24,117,570,2846,14374,72370,364958
round_shots,100,100,100,100,100,100,100,100,100
round_queries,100,300,1100,5100,24100,118300,589900,2968900,18053100
round_k,0,1,5,25,120,591,2949,14844,90265
round_shots,100,100,100,100,100,100,100,100,100,100
round_queries,100,300,1100,5100,25500,121300,605700,3053300,15430900,77557700
round_k,0,1,5,25,127,606,3028,15266,77154,387788
round_shots,200,100,100,100,100,100,100,100,100,100
round_queries,200,300,1100,4100,18300,91500,459300,2307500,11646300,58404300
round_k,0,1,5,20,91,457,2296,11537,58231,292021
round_shots,100,100,100,100,100,100,100,100,100,100
round_queries,100,300,700,3300,15300,72700,356100,1807300,9606300,48643300
round_k,0,1,3,16,76,363,1780,9036,48031,243216
round_shots,100,100,100,100,100,100,100,100,100,100
round_queries,100,300,700,2900,11500,56900,284700,1423300,7161900,35950700
round_k,0,1,3,14,57,284,1423,7116,35809,179753
round_shots,100,100,100,100,100,100,100,100,100
round_queries,100,300,1500,5900,25900,127700,634500,3197700,16063900
round_k,0,1,7,29,129,638,3172,15988,80319
round_shots,100,100,100,100,100,100,100,100,100,100
round_queries,100,300,1100,3700,16500,80300,385100,1902900,9623900,48702900
round_k,0,1,5,18,82,401,1925,9514,48119,243514
round_shots,200,100,100,100,100,100,100,100,100
round_queries,200,300,1100,5500,26300,125500,618100,3129900,15811900
round_k,0,1,5,27,131,627,3090,15649,79059
round_shots,100,100,100,100,100,100,100,100,100,100
round_queries,100,300,1500,5300,24100,117300,580100,2918700,14737900,74566700
round_k,0,1,7,26,120,586,2900,14593,73689,372833
round_shots,200,100,100,100,100,100,100,100,100
round_queries,200,300,1500,6700,30900,153700,770300,3885700,19504300
round_k,0,1,7,33,154,768,3851,19428,97521
round_shots,200,100,100,100,100,100,100,100,100,100
round_queries,200,300,700,3300,13900,65300,315500,1564900,7943300,40279900
round_k,0,1,3,16,69,326,1577,7824,39716,201399
round_shots,200,100,100,100,100,100,100,100,100,100
round_queries,200,300,1100,4900,22700,105700,523100,2633300,13265700,67017100
round_k,0,1,5,24,113,528,2615,13166,66328,335085
round_shots,200,100,100,100,100,100,100,100,100,100
round_queries,200,300,700,2500,11900,58500,292100,1472700,7444900,37737700
round_k,0,1,3,12,59,292,1460,7363,37224,188688
round_shots,200,100,100,100,100,100,100,100,100,100
round_queries,200,300,1100,4500,20900,104900,509900,2537300,12837700,65138700
round_k,0,1,5,22,104,524,2549,12686,64188,325693
round_shots,200,100,100,100,100,100,100,100,100
round_queries,200,300,1500,6700,32900,157500,780500,3938100,24023700
round_k,0,1,7,33,164,787,3902,19690,120118
round_shots,100,100,100,100,100,100,100,100,100,100
round_queries,100,300,700,1900,9100,43300,212900,1057700,5287900,26760700
round_k,0,1,3,9,45,216,1064,5288,26439,133803
round_shots,100,100,100,100,100,100,100,100,100
round_queries,100,300,1500,6300,29100,146100,720900,3597900,18162700
round_k,0,1,7,31,145,730,3604,17989,90813
round_shots,200,100,100,100,100,100,100,100,100,100
round_queries,200,300,1100,3700,16100,73700,360700,1805100,9115700,46181500
round_k,0,1,5,18,80,368,1803,9025,45578,230907
round_shots,100,100,100,100,100,100,100,100,100,100
round_queries,100,300,1100,4100,18100,88700,441300,2207500,11163300,56533900
round_k,0,1,5,20,90,443,2206,11037,55816,282669
round_shots,100,100,100,100,100,100,100,100,100
round_queries,100,300,1500,5900,27700,132700,665300,3359700,16909700
round_k,0,1,7,29,138,663,3326,16798,84548
round_shots,100,100,100,100,100,100,100,100,100,100
round_queries,100,300,700,1900,8900,43300,213500,1071500,5398300,27173700
round_k,0,1,3,9,44,216,1067,5357,26991,135868
round_shots,100,100,100,100,100,100,100,100,100,100
round_queries,100,300,1100,4500,19300,95100,479900,2427300,11615100,57137300
round_k,0,1,5,22,96,475,2399,12136,58075,285686
round_shots,100,100,100,100,100,100,100,100,100,100
round_queries,100,300,700,1900,7500,34700,167500,840500,4252500,21500100
round_k,0,1,3,9,37,173,837,4202,21262,107500
round_shots,200,100,100,100,100,100,100,100,100,100
round_queries,200,300,1100,3700,15500,76700,378300,1892300,9541100,48208500
round_k,0,1,5,18,77,383,1891,9461,47705,241042
round_shots,200,100,100,100,100,100,100,100,100
round_queries,200,500,1900,7500,36100,178700,842700,3988300,19674500
round_k,0,2,9,37,180,893,4213,19941,98372
round_shots,300,100,100,100,100,100,100,100,100
round_queries,300,500,1900,8100,36900,179700,900500,4556500,23086700
round_k,0,2,9,40,184,898,4502,22782,115433
round_shots,100,100,100,100,100,100,100,100,100,100
round_queries,100,300,1100,4100,17900,89500,447500,2230300,11213300,56898900
round_k,0,1,5,20,89,447,2237,11151,56066,284494
round_shots,100,100,100,100,100,100,100,100,100,100
round_queries,100,300,1100,4900,22500,110900,554900,2785100,14066300,71057900
round_k,0,1,5,24,112,554,2774,13925,70331,355289
round_shots,100,100,100,100,100,100,100,100,100,100
round_queries,100,300,1100,3100,15300,72700,363500,1824500,9249300,46792300
round_k,0,1,5,15,76,363,1817,9122,46246,233961
round_shots,200,100,100,100,100,100,100,100,100,100
round_queries,200,300,1100,3700,15900,76700,384900,1934300,9795100,49573100
round_k,0,1,5,18,79,383,1924,9671,48975,247865
round_shots,200,100,100,100,100,100,100,100,100,100
round_queries,200,300,700,2300,10700,50700,247900,1226700,6156900,31132900
round_k,0,1,3,11,53,253,1239,6133,30784,155664
round_shots,200,100,100,100,100,100,100,100,100,100
round_queries,200,300,1100,3700,17300,80700,391100,1972900,9961100,50061700
round_k,0,1,5,18,86,403,1955,9864,49805,250308
round_shots,200,100,100,100,100,100,100,100,100,100
round_queries,200,300,700,1900,7700,35900,175900,870300,4380700,22132100
round_k,0,1,3,9,38,179,879,4351,21903,110660
round_shots,200,100,100,100,100,100,100,100,100
round_queries,200,300,1100,5500,25900,130300,647100,3256100,16477500
round_k,0,1,5,27,129,651,3235,16280,82387
round_shots,200,100,100,100,100,100,100,100,100,100
round_queries,200,300,1100,4900,20900,101300,496500,2499700,12538300,63287500
round_k,0,1,5,24,104,506,2482,12498,62691,316437
round_shots,200,100,100,100,100,100,100,100,100
round_queries,200,300,1500,6900,32700,160500,810300,4082700,24929300
round_k,0,1,7,34,163,802,4051,20413,124646
round_shots,100,100,100,100,100,100,100,100,100,100
round_queries,100,300,1100,4100,17700,87100,435700,2183100,11056500,56001300
round_k,0,1,5,20,88,435,2178,10915,55282,280006
round_shots,100,100,100,100,100,100,100,100,100,100
round_queries,100,300,1100,4500,19300,92500,466700,2335500,11814700,59875700
round_k,0,1,5,22,96,462,2333,11677,59073,299378
round_shots,200,100,100,100,100,100,100,100,100,100
round_queries,200,300,700,2300,9500,44500,214700,1053900,5265300,26333900
round_k,0,1,3,11,47,222,1073,5269,26326,131669
round_shots,100,100,100,100,100,100,100,100,100,100
round_queries,100,300,1100,4100,18300,87900,435500,2190500,11027300,55702100
round_k,0,1,5,20,91,439,2177,10952,55136,278510
round_shots,200,100,100,100,100,100,100,100,100,100
round_queries,200,300,700,3300,14500,67700,339500,1701300,8570100,43317900
round_k,0,1,3,16,72,338,1697,8506,42850,216589
round_shots,100,100,100,100,100,100,100,100,100,100
round_queries,100,300,700,1900,7900,36100,173100,867100,4375300,22048100
round_k,0,1,3,9,39,180,865,4335,21876,110240
round_shots,200,100,100,100,100,100,100,100,100,100
round_queries,200,300,700,2300,10300,48900,241300,1204500,6059700,30701300
round_k,0,1,3,11,51,244,1206,6022,30298,153506
round_shots,100,100,100,100,100,100,100,100,100
round_queries,100,300,1500,6300,29100,140700,702300,3488500,17618700
round_k,0,1,7,31,145,703,3511,17442,88093
round_shots,100,100,100,100,100,100,100,100,100,100
round_queries,100,300,1100,4900,23100,110700,549900,2780300,14062700,71387500
round_k,0,1,5,24,115,553,2749,13901,70313,356937
round_shots,100,100,100,100,100,100,100,100,100
round_queries,100,300,1100,4100,17700,84100,418100,2544900,15450900
round_k,0,1,5,20,88,420,2090,12724,77254
round_shots,100,100,100,100,100,100,100,100,100,100
round_queries,100,300,700,2300,11300,55300,257700,1302900,6572500,33200300
round_k,0,1,3,11,56,276,1288,6514,32862,166001
round_shots,100,100,100,100,100,100,100,100,100,100
round_queries,100,300,700,2500,12100,57700,283100,1414100,7100100,35904900
round_k,0,1,3,12,60,288,1415,7070,35500,179524
round_shots,100,100,100,100,100,100,100,100,100,100
round_queries,100,300,1100,4700,20300,97300,482900,2429500,12249900,62003900
round_k,0,1,5,23,101,486,2414,12147,61249,310019
round_shots,200,100,100,100,100,100,100,100,100
round_queries,200,500,1500,5900,27500,130300,648900,3277300,16455900
round_k,0,2,7,29,137,651,3244,16386,82279
round_shots,100,100,100,100,100,100,100,100,100,100
round_queries,100,300,1100,3700,18100,90100,431300,2168100,10979900,55699500
round_k,0,1,5,18,90,450,2156,10840,54899,278497
round_shots,200,100,100,100,100,100,100,100,100,100
round_queries,200,300,1100,5100,24300,120900,603300,3027700,15362300,77132700
round_k,0,1,5,25,121,604,3016,15138,76811,385663
round_shots,100,100,100,100,100,100,100,100,100,100
round_queries,100,300,1100,4100,20500,96900,458500,2276300,11488300,58135700
round_k,0,1,5,20,102,484,2292,11381,57441,290678
round_shots,200,100,100,100,100,100,100,100,100,100
round_queries,200,300,1100,4500,20500,94700,475500,2376900,12009500,60307700
round_k,0,1,5,22,102,473,2377,11884,60047,301538
round_shots,100,100,100,100,100,100,100,100,100,100
round_queries,100,300,1100,4900,22500,110500,545500,2764700,13975700,70895100
round_k,0,1,5,24,112,552,2727,13823,69878,354475
round_shots,100,100,100,100,100,100,100,100,100,100
round_queries,100,300,1100,4900,21700,102900,514500,2581900,13045300,66130100
round_k,0,1,5,24,108,514,2572,12909,65226,330650
round_shots,200,100,100,100,100,100,100,100,100,100
round_queries,200,300,1100,4500,21100,97900,488300,2448300,12410100,62121900
round_k,0,1,5,22,105,489,2441,12241,62050,310609
round_shots,100,100,100,100,100,100,100,100,100,100
round_queries,100,300,1100,4700,21900,106100,533300,2687100,13479900,68241100
round_k,0,1,5,23,109,530,2666,13435,67399,341205
round_shots,100,100,100,100,100,100,100,100,100,100
round_queries,100,300,700,2300,9900,45300,219100,1111100,5592700,28341900
round_k,0,1,3,11,49,226,1095,5555,27963,141709
round_shots,100,100,100,100,100,100,100,100,100,100
round_queries,100,300,1100,4100,17500,82300,414900,2097100,10548100,53337300
round_k,0,1,5,20,87,411,2074,10485,52740,266686
round_shots,200,100,100,100,100,100,100,100,100,100
round_queries,200,300,700,2900,13700,67100,408700,2047100,10334500,52377500
round_k,0,1,3,14,68,335,2043,10235,51672,261887
round_shots,100,100,100,100,100,100,100,100,100,100
round_queries,100,300,1100,4900,20900,103300,515300,2585100,13088900,66170500
round_k,0,1,5,24,104,516,2576,12925,65444,330852
round_shots,200,100,100,100,100,100,100,100,100,100
round_queries,200,300,900,2700,13500,67100,326300,1648900,8327700,42224100
round_k,0,1,4,13,67,335,1631,8244,41638,211120
round_shots,200,100,100,100,100,100,100,100,100,100
round_queries,200,300,1100,3700,17100,79500,396300,1995900,10110700,51140100
round_k,0,1,5,18,85,397,1981,9979,50553,255700
round_shots,100,100,100,100,100,100,100,100,100,100
round_queries,100,300,1100,4500,21700,107300,535100,2676900,13514700,68336100
round_k,0,1,5,22,108,536,2675,13384,67573,341680
round_shots,200,100,100,100,100,100,100,100,100,100
round_queries,200,300,1100,3700,16700,79500,399500,2017700,10114500,61441100
round_k,0,1,5,18,83,397,1997,10088,50572,307205
round_shots,200,100,100,100,100,100,100,100,100,100
round_queries,200,300,1100,3700,16900,76500,382500,1925100,9763100,49382300
round_k,0,1,5,18,84,382,1912,9625,48815,246911
round_shots,100,100,100,100,100,100,100,100,100,100
round_queries,100,300,1100,4100,19500,97700,482900,2422500,12247700,62089700
round_k,0,1,5,20,97,488,2414,12112,61238,310448
round_shots,200,100,100,100,100,100,100,100,100,100
round_queries,200,300,1100,4100,18900,91700,463700,2430500,12219700,61437300
round_k,0,1,5,20,94,458,2318,12152,61098,307186
round_shots,100,100,100,100,100,100,100,100,100,100
round_queries,100,300,1100,4500,19500,91700,458500,2421300,12178300,61686500
round_k,0,1,5,22,97,458,2292,12106,60891,308432
round_shots,200,100,100,100,100,100,100,100,100,100
round_queries,200,300,700,3300,14100,66900,315500,1572100,7944900,39850700
round_k,0,1,3,16,70,334,1577,7860,39724,199253
round_shots,100,100,100,100,100,100,100,100,100,100
round_queries,100,300,1100,4900,22300,112100,559700,2815700,14240700,72270700
round_k,0,1,5,24,111,560,2798,14078,71203,361353
round_shots,100,100,100,100,100,100,100,100,100,100
round_queries,100,300,1100,5100,23700,115700,579300,2890100,14675300,74095900
round_k,0,1,5,25,118,578,2896,14450,73376,370479
round_shots,200,100,100,100,100,100,100,100,100,100
round_queries,200,300,1100,4700,20700,102900,510900,2578900,12981100,65809500
round_k,0,1,5,23,103,514,2554,12894,64905,329047
round_shots,100,100,100,100,100,100,100,100,100
round_queries,100,500,1900,7900,37100,180300,906900,4550900,23064900
round_k,0,2,9,39,185,901,4534,22754,115324
round_shots,100,100,100,100,100,100,100,100,100,100
round_queries,100,300,1100,4500,20300,98900,489900,2423500,12114700,61291300
round_k,0,1,5,22,101,494,2449,12117,60573,306456
round_shots,200,100,100,100,100,100,100,100,100,100
round_queries,200,300,1100,5300,24700,119700,585500,2936900,14843500,75327100
round_k,0,1,5,26,123,598,2927,14684,74217,376635
round_shots,100,100,100,100,100,100,100,100,100,100
round_queries,100,300,1100,4100,19100,95900,470700,2367500,11956500,60450500
round_k,0,1,5,20,95,479,2353,11837,59782,302252
round_shots,100,100,100,100,100,100,100,100,100,100
round_queries,100,300,700,2500,12300,56100,274300,1376500,6942500,35200500
round_k,0,1,3,12,61,280,1371,6882,34712,176002
round_shots,100,100,100,100,100,100,100,100,100
round_queries,100,300,1500,6300,30300,151300,753300,3733100,18739500
round_k,0,1,7,31,151,756,3766,18665,93697
round_shots,100,100,100,100,100,100,100,100,100,100
round_queries,100,300,1100,4500,20300,99700,500900,2498100,12495500,63144100
round_k,0,1,5,22,101,498,2504,12490,62477,315720
round_shots,200,100,100,100,100,100,100,100,100,100
round_queries,200,300,1100,3700,17900,83300,413700,2069700,10397300,52679300
round_k,0,1,5,18,89,416,2068,10348,51986,263396
round_shots,100,100,100,100,100,100,100,100,100,100
round_queries,100,300,1100,3700,16900,84700,423100,2134300,10760300,54535500
round_k,0,1,5,18,84,423,2115,10671,53801,272677
round_shots,200,100,100,100,100,100,100,100,100,100
round_queries,200,300,1100,4100,19100,89300,425500,2124300,10725300,54071500
round_k,0,1,5,20,95,446,2127,10621,53626,270357
round_shots,200,100,100,100,100,100,100,100,100,100
round_queries,200,300,1100,3500,15100,74300,369700,1858500,9372300,47512900
round_k,0,1,5,17,75,371,1848,9292,46861,237564
round_shots,100,100,100,100,100,100,100,100,100,100
round_queries,100,300,1100,4500,22500,110300,555700,2802700,14057500,70641500
round_k,0,1,5,22,112,551,2778,14013,70287,353207
round_shots,100,100,100,100,100,100,100,100,100,100
round_queries,100,300,700,2900,13300,66500,325100,1617900,8152300,41212500
round_k,0,1,3,14,66,332,1625,8089,40761,206062
round_shots,200,100,100,100,100,100,100,100,100,100
round_queries,200,300,1100,4500,21100,96700,487100,2445500,12337900,62524900
round_k,0,1,5,22,105,483,2435,12227,61689,312624
round_shots,100,100,100,100,100,100,100,100,100,100
round_queries,100,300,700,2300,11300,55900,277300,1362500,6850700,34687300
round_k,0,1,3,11,56,279,1386,6812,34253,173436
round_shots,300,100,100,100,100,100,100,100,100
round_queries,300,500,2300,10500,48900,239700,1200100,5938500,29739300
round_k,0,2,11,52,244,1198,6000,29692,148696
round_shots,100,100,100,100,100,100,100,100,100
round_queries,100,300,1100,5100,25700,128500,637300,3192500,16072300
round_k,0,1,5,25,128,642,3186,15962,80361
round_shots,100,100,100,100,100,100,100,100,100,100
round_queries,100,300,1100,4700,22100,110300,546500,2723900,13684300,68736100
round_k,0,1,5,23,110,551,2732,13619,68421,343680
round_shots,100,200,100,100,100,100,100,100,100
round_queries,100,600,1900,8300,41300,195100,975700,4931100,24941500
round_k,0,1,9,41,206,975,4878,24655,124707
round_shots,100,100,100,100,100,100,100,100,100
round_queries,100,300,1500,6700,32900,161100,802700,4048500,20431300
round_k,0,1,7,33,164,805,4013,20242,102156
round_shots,100,100,100,100,100,100,100,100,100,100
round_queries,100,300,1100,3700,18300,91500,448500,2262700,11429900,57839500
round_k,0,1,5,18,91,457,2242,11313,57149,289197
round_shots,200,100,100,100,100,100,100,100,100,100
round_queries,200,300,700,1900,9300,42700,209300,1048500,5313900,26549100
round_k,0,1,3,9,46,213,1046,5242,26569,132745
round_shots,100,100,100,100,100,100,100,100,100,100
round_queries,100,300,1100,4500,19300,94700,473700,2365100,11985900,60838300
round_k,0,1,5,22,96,473,2368,11825,59929,304191
round_shots,100,100,100,100,100,100,100,100,100,100
round_queries,100,300,1100,4100,19900,96500,484900,2419900,12212700,61929100
round_k,0,1,5,20,99,482,2424,12099,61063,309645
round_shots,200,100,100,100,100,100,100,100,100
round_queries,200,300,1500,6300,29500,144700,722100,3644500,18472300
round_k,0,1,7,31,147,723,3610,18222,92361
round_shots,100,100,100,100,100,100,100,100,100,100
round_queries,100,300,1100,4100,19700,93700,449300,2271700,11432500,57923300
round_k,0,1,5,20,98,468,2246,11358,57162,289616
round_shots,200,100,100,100,100,100,100,100,100,100
round_queries,200,300,1100,4700,20300,100700,502900,2542100,12870500,65290700
round_k,0,1,5,23,101,503,2514,12710,64352,326453
round_shots,100,100,100,100,100,100,100,100,100,100
round_queries,100,300,1100,4900,23300,114300,574300,2894500,14631700,74100700
round_k,0,1,5,24,116,571,2871,14472,73158,370503
round_shots,200,100,100,100,100,100,100,100,100,100
round_queries,200,300,1100,3500,16700,81100,406500,2040900,10291300,52037900
round_k,0,1,5,17,83,405,2032,10204,51456,260189
round_shots,100,100,100,100,100,100,100,100,100,100
round_queries,100,300,700,1900,7900,37900,189300,944300,4757500,24044700
round_k,0,1,3,9,39,189,946,4721,23787,120223
round_shots,100,100,100,100,100,100,100,100,100,100
round_queries,100,300,1100,4900,22300,106300,535100,2706700,13678500,68968700
round_k,0,1,5,24,111,531,2675,13533,68392,344843
round_shots,100,100,100,100,100,100,100,100,100,100
round_queries,100,300,1100,4100,18500,90900,449100,2257100,11455700,58058100
round_k,0,1,5,20,92,454,2245,11285,57278,290290
round_shots,100,100,100,100,100,100,100,100,100,100
round_queries,100,300,1100,4100,19100,89700,444500,2241700,11311500,56922700
round_k,0,1,5,20,95,448,2222,11208,56557,284613
round_shots,100,100,100,100,100,100,100,100,100,100
round_queries,100,300,700,1900,8700,41700,210100,1049300,5255100,26590700
round_k,0,1,3,9,43,208,1050,5246,26275,132953
round_shots,100,100,100,100,100,100,100,100,100
round_queries,100,300,1500,5700,25900,123900,623300,3130500,15845700
round_k,0,1,7,28,129,619,3116,15652,79228
round_shots,100,100,100,100,100,100,100,100,100,100
round_queries,100,300,1100,4100,18300,86900,433900,2193500,11086900,55747500
round_k,0,1,5,20,91,434,2169,10967,55434,278737
round_shots,100,100,100,100,100,100,100,100,100,100
round_queries,100,300,1100,4100,18700,90900,454900,2264500,11382900,57747300
round_k,0,1,5,20,93,454,2274,11322,56914,288736
round_shots,200,100,100,100,100,100,100,100,100
round_queries,200,300,1500,6700,30900,152100,754700,3818100,19385700
round_k,0,1,7,33,154,760,3773,19090,96928
round_shots,200,100,100,100,100,100,100,100,100
round_queries,200,500,2300,10500,50500,252100,1260100,6324500,32058700
round_k,0,2,11,52,252,1260,6300,31622,160293
round_shots,200,100,100,100,100,100,100,100,100,100
round_queries,200,300,1100,4100,19900,94900,467700,2344100,11855500,59855100
round_k,0,1,5,20,99,474,2338,11720,59277,299275
round_shots,100,100,100,100,100,100,100,100,100,100
round_queries,100,300,700,2300,10900,50100,244300,1230500,6221100,31247100
round_k,0,1,3,11,54,250,1221,6152,31105,156235
round_shots,200,100,100,100,100,100,100,100,100
round_queries,200,300,1500,6300,28900,138700,683700,3446100,17407700
round_k,0,1,7,31,144,693,3418,17230,87038
round_shots,100,100,100,100,100,100,100,100,100,100
round_queries,100,300,700,2900,13300,64300,314900,1559100,7892100,39380500
round_k,0,1,3,14,66,321,1574,7795,39460,196902
round_shots,100,100,100,100,100,100,100,100,100,100
round_queries,100,300,1100,3700,17700,88300,445100,2251100,11344300,57423300
round_k,0,1,5,18,88,441,2225,11255,56721,287116
round_shots,200,100,100,100,100,100,100,100,100
round_queries,200,500,1500,7100,33900,166500,827500,4195900,21182100
round_k,0,2,7,35,169,832,4137,20979,105910
round_shots,200,100,100,100,100,100,100,100,100,100
round_queries,200,300,1100,4100,19900,97100,486700,2430500,12297100,62412900
round_k,0,1,5,20,99,485,2433,12152,61485,312064
round_shots,200,100,100,100,100,100,100,100,100,100
round_queries,200,300,700,3100,14300,67100,334100,1683300,8509100,43111100
round_k,0,1,3,15,71,335,1670,8416,42545,215555
round_shots,200,100,100,100,100,100,100,100,100,100
round_queries,200,300,1100,3700,17500,86300,433700,2177500,10932500,55463100
round_k,0,1,5,18,87,431,2168,10887,54662,277315
round_shots,100,100,100,100,100,100,100,100,100,100
round_queries,100,300,700,3100,15500,77100,384700,1916900,9616300,48758100
round_k,0,1,3,15,77,385,1923,9584,48081,243790
round_shots,100,100,100,100,100,100,100,100,100,100
round_queries,100,300,1100,4500,19700,91700,445900,2253700,11290100,57105500
round_k,0,1,5,22,98,458,2229,11268,56450,285527
round_shots,100,100,100,100,100,100,100,100,100
round_queries,100,300,1500,6100,29100,144500,727300,3643700,18419100
round_k,0,1,7,30,145,722,3636,18218,92095
round_shots,100,100,100,100,100,100,100,100,100,100
round_queries,100,300,1100,3100,12500,60300,297900,1504300,7584900,38480500
round_k,0,1,5,15,62,301,1489,7521,37924,192402
round_shots,200,100,100,100,100,100,100,100,100,100
round_queries,200,300,700,2300,11100,51100,255500,1279900,6468500,32643700
round_k,0,1,3,11,55,255,1277,6399,32342,163218
round_shots,100,100,100,100,100,100,100,100,100
round_queries,100,300,1500,7300,32300,163300,824300,4144100,20930900
round_k,0,1,7,36,161,816,4121,20720,104654
round_shots,100,100,100,100,100,100,100,100,100,100
round_queries,100,300,1100,4500,20900,100100,495100,2479300,12483100,62949300
round_k,0,1,5,22,104,500,2475,12396,62415,314746
round_shots,200,100,100,100,100,100,100,100,100,100
round_queries,200,300,700,2700,10900,52100,257700,1300300,6590300,33422500
round_k,0,1,3,13,54,260,1288,6501,32951,167112
round_shots,100,100,100,100,100,100,100,100,100,100
round_queries,100,300,1500,5300,24500,119300,599300,3005900,15093500,76482300
round_k,0,1,7,26,122,596,2996,15029,75467,382411
round_shots,100,100,100,100,100,100,100,100,100,100
round_queries,100,300,1100,3100,14700,71300,357900,1803300,9133500,46225900
round_k,0,1,5,15,73,356,1789,9016,45667,231129
round_shots,200,100,100,100,100,100,100,100,100,100
round_queries,200,300,1100,5100,25700,119100,558900,2713100,13661100,69037500
round_k,0,1,5,25,128,595,2794,13565,68305,345187
round_shots,100,100,100,100,100,100,100,100,100,100
round_queries,100,300,1100,3700,18500,92500,456900,2257500,11409700,57831900
round_k,0,1,5,18,92,462,2284,11287,57048,289159
round_shots,100,100,100,100,100,100,100,100,100
round_queries,100,300,1500,6300,28300,134700,672500,3408100,17152100
round_k,0,1,7,31,141,673,3362,17040,85760
round_shots,100,100,100,100,100,100,100,100,100,100
round_queries,100,300,700,2300,10900,49300,244900,1223500,6132100,30561900
round_k,0,1,3,11,54,246,1224,6117,30660,152809
round_shots,200,100,100,100,100,100,100,100,100
round_queries,200,500,1900,9100,43900,213700,1078700,5432300,27307300
round_k,0,2,9,45,219,1068,5393,27161,136536
round_shots,100,100,100,100,100,100,100,100,100
round_queries,100,300,1100,5500,26500,128700,645900,3250500,16392500
round_k,0,1,5,27,132,643,3229,16252,81962
round_shots,100,100,100,100,100,100,100,100,100
round_queries,100,300,1500,6700,32300,149300,744900,3772100,19038500
round_k,0,1,7,33,161,746,3724,18860,95192
round_shots,100,100,100,100,100,100,100,100,100,100
round_queries,100,300,1100,4500,21500,107700,529500,2625700,13131700,66485700
round_k,0,1,5,22,107,538,2647,13128,65658,332428
round_shots,200,100,100,100,100,100,100,100,100,100
round_queries,200,300,1100,4100,17100,81500,402300,2005300,10052700,50871100
round_k,0,1,5,20,85,407,2011,10026,50263,254355
round_shots,100,100,100,100,100,100,100,100,100,100
round_queries,100,300,700,1700,8500,49300,237700,1192700,6021900,30481100
round_k,0,1,3,8,42,246,1188,5963,30109,152405
round_shots,200,100,100,100,100,100,100,100,100
round_queries,200,500,1500,6700,30700,152100,748900,3978500,20097700
round_k,0,2,7,33,153,760,3744,19892,100488
round_shots,200,100,100,100,100,100,100,100,100,100
round_queries,200,300,1100,4900,22500,106500,524900,2655300,13453300,68219100
round_k,0,1,5,24,112,532,2624,13276,67266,341095
round_shots,100,100,100,100,100,100,100,100,100
round_queries,100,300,1500,5900,26900,130900,657100,3304500,16733500
round_k,0,1,7,29,134,654,3285,16522,83667
round_shots,100,100,100,100,100,100,100,100,100,100
round_queries,100,300,700,1900,7700,36300,170900,840500,4466700,22494900
round_k,0,1,3,9,38,181,854,4202,22333,112474
round_shots,200,100,100,100,100,100,100,100,100,100
round_queries,200,300,1100,4100,19300,89300,440300,2176300,10991300,55588300
round_k,0,1,5,20,96,446,2201,10881,54956,277941
round_shots,100,100,100,100,100,100,100,100,100,100
round_queries,100,300,1100,4100,19300,97300,486300,2443500,12347100,62702700
round_k,0,1,5,20,96,486,2431,12217,61735,313513
round_shots,100,100,100,100,100,100,100,100,100,100
round_queries,100,300,700,2700,10900,54300,271300,1350100,6808500,34431900
round_k,0,1,3,13,54,271,1356,6750,34042,172159
round_shots,200,100,100,100,100,100,100,100,100,100
round_queries,200,300,1100,4500,20700,96300,478700,2419500,12233900,61668900
round_k,0,1,5,22,103,481,2393,12097,61169,308344
round_shots,100,100,100,100,100,100,100,100,100
round_queries,100,300,1500,7100,31900,157100,791500,3972900,20095700
round_k,0,1,7,35,159,785,3957,19864,100478
round_shots,200,100,100,100,100,100,100,100,100,100
round_queries,200,300,1100,4100,20100,94500,471900,2370500,11982700,60772500
round_k,0,1,5,20,100,472,2359,11852,59913,303862
round_shots,200,100,100,100,100,100,100,100,100
round_queries,200,700,2500,10100,49300,245700,1223900,6172100,31244100
round_k,0,3,12,50,246,1228,6119,30860,156220
round_shots,100,100,100,100,100,100,100,100,100
round_queries,100,300,1500,7100,34500,172500,864300,4354300,22036300
round_k,0,1,7,35,172,862,4321,21771,110181
round_shots,100,100,100,100,100,100,100,100,100,100
round_queries,100,300,1100,4100,20100,95900,479700,2402300,11892500,60125100
round_k,0,1,5,20,100,479,2398,12011,59462,300625
round_shots,200,100,100,100,100,100,100,100,100
round_queries,200,500,1500,6900,32500,157500,793500,3993300,20161500
round_k,0,2,7,34,162,787,3967,19966,100807
round_shots,100,100,100,100,100,100,100,100,100,100
round_queries,100,300,1100,3700,17300,79700,401700,2022500,10186900,51626100
round_k,0,1,5,18,86,398,2008,10112,50934,258130
round_shots,100,100,100,100,100,100,100,100,100,100
round_queries,100,300,1100,4100,18100,87100,431500,2150900,10837500,54778900
round_k,0,1,5,20,90,435,2157,10754,54187,273894
round_shots,100,100,100,100,100,100,100,100,100,100
round_queries,100,300,1100,5100,23100,109700,545700,2726900,13787100,69609300
round_k,0,1,5,25,115,548,2728,13634,68935,348046
round_shots,200,100,100,100,100,100,100,100,100,100
round_queries,200,300,1100,4500,21500,100900,506900,2527100,12810500,64992300
round_k,0,1,5,22,107,504,2534,12635,64052,324961
round_shots,100,100,100,100,100,100,100,100,100
round_queries,100,300,1500,6300,29300,142300,680900,3349900,16874300
round_k,0,1,7,31,146,711,3404,16749,84371
round_shots,100,100,100,100,100,100,100,100,100,100
round_queries,100,300,1100,3500,16900,81900,413700,2081700,10517300,53206300
round_k,0,1,5,17,84,409,2068,10408,52586,266031
round_shots,200,100,100,100,100,100,100,100,100,100
round_queries,200,300,1100,4100,17100,84700,424900,2124900,10730500,53950500
round_k,0,1,5,20,85,423,2124,10624,53652,269752
round_shots,100,100,100,100,100,100,100,100,100,100
round_queries,100,300,1100,4500,20900,101900,496300,2479700,12516100,63415300
round_k,0,1,5,22,104,509,2481,12398,62580,317076
round_shots,100,100,100,100,100,100,100,100,100,100
round_queries,100,300,1100,4100,18700,91100,447700,2246300,11329900,57399700
round_k,0,1,5,20,93,455,2238,11231,56649,286998
round_shots,100,100,100,100,100,100,100,100,100
round_queries,100,300,1100,5500,25900,126100,631700,3140900,15853100
round_k,0,1,5,27,129,630,3158,15704,79265
round_shots,100,100,100,100,100,100,100,100,100
round_queries,100,300,1500,6700,33300,166500,833900,4192900,21142100
round_k,0,1,7,33,166,832,4169,20964,105710
round_shots,100,100,100,100,100,100,100,100,100,100
round_queries,100,300,1100,4500,19500,96900,483500,2397500,11949300,60508900
round_k,0,1,5,22,97,484,2417,11987,59746,302544
round_shots,100,100,100,100,100,100,100,100,100,100
round_queries,100,300,1100,4500,19900,97100,471100,2375700,11944100,60413900
round_k,0,1,5,22,99,485,2355,11878,59720,302069
round_shots,100,100,100,100,100,100,100,100,100,100
round_queries,100,300,1100,4900,21900,104300,509700,2552900,12914500,65202500
round_k,0,1,5,24,109,521,2548,12764,64572,326012
round_shots,200,100,100,100,100,100,100,100,100,100
round_queries,200,300,1100,5100,23700,118500,595100,2990900,15076100,76246900
round_k,0,1,5,25,118,592,2975,14954,75380,381234
round_shots,100,100,100,100,100,100,100,100,100,100
round_queries,100,300,700,2900,12900,64700,318500,1602500,8115900,41152700
round_k,0,1,3,14,64,323,1592,8012,40579,205763
round_shots,200,100,100,100,100,100,100,100,100,100
round_queries,200,300,1100,4700,21500,105100,523100,2639700,13371700,67815700
round_k,0,1,5,23,107,525,2615,13198,66858,339078
round_shots,200,100,100,100,100,100,100,100,100,100
round_queries,200,300,1100,4500,22500,108300,531500,2661300,13377700,67920300
round_k,0,1,5,22,112,541,2657,13306,66888,339601
round_shots,100,100,100,100,100,100,100,100,100,100
round_queries,100,300,1100,4500,21100,103500,516100,2593300,13138700,66653100
round_k,0,1,5,22,105,517,2580,12966,65693,333265
round_shots,200,100,100,100,100,100,100,100,100,100
round_queries,200,300,1100,5100,23500,117900,584300,2931100,14757700,74813700
round_k,0,1,5,25,117,589,2921,14655,73788,374068
round_shots,200,100,100,100,100,100,100,100,100,100
round_queries,200,300,1100,4100,18100,88300,436300,2182700,11067700,56081500
round_k,0,1,5,20,90,441,2181,10913,55338,280407
round_shots,200,100,100,100,100,100,100,100,100
round_queries,200,500,2300,9700,45900,225500,1126100,5700300,28946300
round_k,0,2,11,48,229,1127,5630,28501,144731
round_shots,200,100,100,100,100,100,100,100,100,100
round_queries,200,300,700,3300,15900,75500,365700,1814700,9191700,46512700
round_k,0,1,3,16,79,377,1828,9073,45958,232563
round_shots,100,100,100,100,100,100,100,100,100
round_queries,100,300,1500,6900,31900,156700,766500,3873100,19660500
round_k,0,1,7,34,159,783,3832,19365,98302
round_shots,100,100,100,100,100,100,100,100,100,100
round_queries,100,300,900,2700,11100,51900,262300,1297100,6543100,33164700
round_k,0,1,4,13,55,259,1311,6485,32715,165823
round_shots,100,100,100,100,100,100,100,100,100,100
round_queries,100,300,700,2700,13500,65700,331900,1659300,8380500,42548900
round_k,0,1,3,13,67,328,1659,8296,41902,212744
round_shots,200,100,100,100,100,100,100,100,100,100
round_queries,200,300,900,2700,12500,61300,305500,1532500,7761700,39378700
round_k,0,1,4,13,62,306,1527,7662,38808,196893
round_shots,100,100,100,100,100,100,100,100,100,100
round_queries,100,300,1100,3700,15700,76900,379500,1897900,9538500,48229300
round_k,0,1,5,18,78,384,1897,9489,47692,241146
round_shots,200,100,100,100,100,100,100,100,100
round_queries,200,300,1500,7100,31900,151300,751700,3798300,19147300
round_k,0,1,7,35,159,756,3758,18991,95736
round_shots,100,100,100,100,100,100,100,100,100
round_queries,100,300,1500,6300,27900,137100,682700,3430700,17416300
round_k,0,1,7,31,139,685,3413,17153,87081
round_shots,200,100,100,100,100,100,100,100,100,100
round_queries,200,300,1100,4100,19900,99100,473500,2382500,12000700,60867100
round_k,0,1,5,20,99,495,2367,11912,60003,304335
round_shots,100,100,100,100,100,100,100,100,100,100
round_queries,100,300,700,2900,13900,67900,339500,1707700,8664100,43700900
round_k,0,1,3,14,69,339,1697,8538,43320,218504
round_shots,200,100,100,100,100,100,100,100,100,100
round_queries,200,300,700,1900,7900,38500,187900,931500,4741900,23998500
round_k,0,1,3,9,39,192,939,4657,23709,119992
round_shots,100,100,100,100,100,100,100,100,100
round_queries,100,300,1500,6900,33900,165500,825900,4148700,21000700
round_k,0,1,7,34,169,827,4129,20743,105003
round_shots,200,100,100,100,100,100,100,100,100
round_queries,200,300,1500,5900,27700,138500,689500,3475500,17618700
round_k,0,1,7,29,138,692,3447,17377,88093
round_shots,100,100,100,100,100,100,100,100,100,100
round_queries,100,300,1100,4900,22100,105100,519300,2596500,13140900,66648300
round_k,0,1,5,24,110,525,2596,12982,65704,333241
round_shots,100,100,100,100,100,100,100,100,100,100
round_queries,100,300,700,2300,11300,54100,269700,1349300,6764500,34283700
round_k,0,1,3,11,56,270,1348,6746,33822,171418
round_shots,200,100,100,100,100,100,100,100,100,100
round_queries,200,300,1100,4500,22300,105700,520100,2626100,13309300,66752700
round_k,0,1,5,22,111,528,2600,13130,66546,333763
round_shots,100,100,100,100,100,100,100,100,100
round_queries,100,300,1500,6300,28700,139500,689100,3501900,17574900
round_k,0,1,7,31,143,697,3445,17509,87874
round_shots,200,100,100,100,100,100,100,100,100,100
round_queries,200,300,1100,4100,18900,92300,461700,2324300,11752700,59516500
round_k,0,1,5,20,94,461,2308,11621,58763,297582
round_shots,200,100,100,100,100,100,100,100,100,100
round_queries,200,300,700,2900,13300,63900,310100,1565900,7859500,39756100
round_k,0,1,3,14,66,319,1550,7829,39297,198780
round_shots,100,100,100,100,100,100,100,100,100,100
round_queries,100,300,1100,4700,20300,97900,486500,2447100,12374700,62099500
round_k,0,1,5,23,101,489,2432,12235,61873,310497
round_shots,200,100,100,100,100,100,100,100,100,100
round_queries,200,300,1100,4700,21900,106500,536500,2705700,13654100,69064500
round_k,0,1,5,23,109,532,2682,13528,68270,345322
round_shots,100,100,100,100,100,100,100,100,100,100
round_queries,100,300,1100,4100,18500,91900,459500,2302500,11676300,59024300
round_k,0,1,5,20,92,459,2297,11512,58381,295121
round_shots,100,100,100,100,100,100,100,100,100,100
round_queries,100,300,1100,4100,17900,89500,443900,2238500,11308500,57337700
round_k,0,1,5,20,89,447,2219,11192,56542,286688
round_shots,300,100,100,100,100,100,100,100,100
round_queries,300,500,1900,7900,37300,180900,908500,4504700,22711100
round_k,0,2,9,39,186,904,4542,22523,113555
round_shots,100,100,100,100,100,100,100,100,100,100
round_queries,100,300,1100,4300,19500,97900,460700,2280500,11473900,58096100
round_k,0,1,5,21,97,489,2303,11402,57369,290480
round_shots,100,100,100,100,100,100,100,100,100,100
round_queries,100,300,1100,4900,21900,103500,519900,2573700,12902500,65157500
round_k,0,1,5,24,109,517,2599,12868,64512,325787
round_shots,100,100,100,100,100,100,100,100,100,100
round_queries,100,300,1100,4900,21900,106500,536500,2675300,13541500,68732100
round_k,0,1,5,24,109,532,2682,13376,67707,343660
round_shots,200,100,100,100,100,100,100,100,100,100
round_queries,200,300,700,2500,11300,55100,272300,1349500,6783300,34345100
round_k,0,1,3,12,56,275,1361,6747,33916,171725
round_shots,200,100,100,100,100,100,100,100,100,100
round_queries,200,300,1100,3700,17500,87300,435900,2188300,11053300,56065500
round_k,0,1,5,18,87,436,2179,10941,55266,280327
round_shots,100,100,100,100,100,100,100,100,100,100
round_queries,100,300,700,1900,8300,39300,193900,980900,4949100,25045500
round_k,0,1,3,9,41,196,969,4904,24745,125227
round_shots,300,100,100,100,100,100,100,100,100
round_queries,300,500,1900,8900,41700,207700,1032300,5189700,26169300
round_k,0,2,9,44,208,1038,5161,25948,130846
round_shots,100,100,100,100,100,100,100,100,100,100
round_queries,100,300,1100,4500,21700,107900,528300,2668100,13511500,68533100
round_k,0,1,5,22,108,539,2641,13340,67557,342665
round_shots,100,100,100,100,100,100,100,100,100,100
round_queries,100,300,1100,5100,24700,121100,606300,3028300,15309900,77575500
round_k,0,1,5,25,123,605,3031,15141,76549,387877
round_shots,100,100,100,100,100,100,100,100,100,100
round_queries,100,300,1100,4500,20500,99500,485700,2423700,14730500,74743100
round_k,0,1,5,22,102,497,2428,12118,73652,373715
round_shots,100,100,100,100,100,100,100,100,100,100
round_queries,100,300,1100,4100,19500,97500,487700,2454100,12276100,62233500
round_k,0,1,5,20,97,487,2438,12270,61380,311167
round_shots,100,100,100,100,100,100,100,100,100,100
round_queries,100,300,1100,5100,22900,112300,547300,2758500,13953500,70286300
round_k,0,1,5,25,114,561,2736,13792,69767,351431
round_shots,100,100,100,100,100,100,100,100,100,100
round_queries,100,300,1100,4100,19300,92500,435900,2189900,11059700,56041700
round_k,0,1,5,20,96,462,2179,10949,55298,280208
round_shots,200,100,100,100,100,100,100,100,100,100
round_queries,200,300,1100,4900,22500,108100,540300,2710700,13666500,69276900
round_k,0,1,5,24,112,540,2701,13553,68332,346384
round_shots,200,100,100,100,100,100,100,100,100,100
round_queries,200,300,1100,4500,20500,99100,488300,2470900,12529700,63455100
round_k,0,1,5,22,102,495,2441,12354,62648,317275
round_shots,300,100,100,100,100,100,100,100,100,100
round_queries,300,300,1100,3700,16500,77500,380100,1925300,9761300,49474100
round_k,0,1,5,18,82,387,1900,9626,48806,247370
round_shots,200,100,100,100,100,100,100,100,100
round_queries,200,500,2300,9500,44700,220900,1097300,5499900,27807700
round_k,0,2,11,47,223,1104,5486,27499,139038
round_shots,200,100,100,100,100,100,100,100,100,100
round_queries,200,300,1100,5500,25100,119500,592300,2994900,15176100,76948300
round_k,0,1,5,27,125,597,2961,14974,75880,384741
round_shots,100,100,100,100,100,100,100,100,100,100
round_queries,100,300,1100,4500,22100,107700,533900,2682900,13585700,68848900
round_k,0,1,5,22,110,538,2669,13414,67928,344244
round_shots,200,100,100,100,100,100,100,100,100,100
round_queries,200,300,1100,3500,16900,81700,405100,2035900,10217300,51527700
round_k,0,1,5,17,84,408,2025,10179,51086,257638
round_shots,200,100,100,100,100,100,100,100,100,100
round_queries,200,300,1100,4500,20500,101500,499500,2510700,12718500,63877500
round_k,0,1,5,22,102,507,2497,12553,63592,319387
round_shots,100,100,100,100,100,100,100,100,100,100
round_queries,100,300,1100,4500,21900,107300,517900,2578900,12975100,65684300
round_k,0,1,5,22,109,536,2589,12894,64875,328421
round_shots,100,100,100,100,100,100,100,100,100,100
round_queries,100,300,1100,3100,13100,63300,315100,1582900,7992700,40483500
round_k,0,1,5,15,65,316,1575,7914,39963,202417
round_shots,100,100,100,100,100,100,100,100,100,100
round_queries,100,300,1100,4100,18700,93500,471100,2365500,11959700,60556900
round_k,0,1,5,20,93,467,2355,11827,59798,302784
round_shots,200,100,100,100,100,100,100,100,100,100
round_queries,200,300,1100,3700,16300,78100,390100,1974700,9939100,49890100
round_k,0,1,5,18,81,390,1950,9873,49695,249450
round_shots,200,100,100,100,100,100,100,100,100,100
round_queries,200,300,1100,3700,18100,88700,439300,2203900,11165100,56574500
round_k,0,1,5,18,90,443,2196,11019,55825,282872
round_shots,100,100,100,100,100,100,100,100,100,100
round_queries,100,300,700,2900,11700,55100,272100,1359900,6887700,34656300
round_k,0,1,3,14,58,275,1360,6799,34438,173281
round_shots,100,100,100,100,100,100,100,100,100,100
round_queries,100,300,1100,4700,21500,108100,540100,2726300,13615700,68108300
round_k,0,1,5,23,107,540,2700,13631,68078,340541
round_shots,100,100,100,100,100,100,100,100,100,100
round_queries,100,300,1100,4100,18700,86500,431500,2153300,10865900,55053500
round_k,0,1,5,20,93,432,2157,10766,54329,275267
round_shots,100,100,100,100,100,100,100,100,100
round_queries,100,300,1500,7500,35300,170900,841500,4181900,21196500
round_k,0,1,7,37,176,854,4207,20909,105982
round_shots,200,100,100,100,100,100,100,100,100
round_queries,200,300,1100,5300,25700,124900,627100,3138500,15897500
round_k,0,1,5,26,128,624,3135,15692,79487
round_shots,100,100,100,100,100,100,100,100,100,100
round_queries,100,300,700,1900,9300,45500,229300,1138900,5747300,29049900
round_k,0,1,3,9,46,227,1146,5694,28736,145249
round_shots,200,200,100,100,100,100,100,100,100
round_queries,200,600,1900,7900,39900,195100,980300,4967100,25080700
round_k,0,1,9,39,199,975,4901,24835,125403
round_shots,200,100,100,100,100,100,100,100,100,100
round_queries,200,300,1100,4100,18500,88900,444700,2223700,11184900,56567100
round_k,0,1,5,20,92,444,2223,11118,55924,282835
round_shots,200,100,100,100,100,100,100,100,100,100
round_queries,200,300,1100,4900,24100,116300,582300,2947300,14762300,74721700
round_k,0,1,5,24,120,581,2911,14736,73811,373608
round_shots,100,100,100,100,100,100,100,100,100,100
round_queries,100,300,1100,3100,13300,63700,310700,1556300,7857100,39418900
round_k,0,1,5,15,66,318,1553,7781,39285,197094
round_shots,100,100,100,100,100,100,100,100,100,100
round_queries,100,300,1100,4700,23100,111900,554100,2787300,14095700,71236500
round_k,0,1,5,23,115,559,2770,13936,70478,356182
round_shots,100,100,100,100,100,100,100,100,100,100
round_queries,100,300,1100,5100,24500,120100,604300,3025100,15355700,76999700
round_k,0,1,5,25,122,600,3021,15125,76778,384998
round_shots,200,100,100,100,100,100,100,100,100,100
round_queries,200,300,1100,4100,19500,93500,463700,2312500,11659100,58986700
round_k,0,1,5,20,97,467,2318,11562,58295,294933
round_shots,100,100,100,100,100,100,100,100,100,100
round_queries,100,300,1100,3700,18100,86100,423700,2143500,10737300,54268700
round_k,0,1,5,18,90,430,2118,10717,53686,271343
round_shots,200,100,100,100,100,100,100,100,100,100
round_queries,200,300,700,2900,13300,64900,322700,1631100,8181700,41391100
round_k,0,1,3,14,66,324,1613,8155,40908,206955
round_shots,200,100,100,100,100,100,100,100,100
round_queries,200,500,1900,7100,35500,169300,855100,4297900,21656100
round_k,0,2,9,35,177,846,4275,21489,108280
round_shots,100,100,100,100,100,100,100,100,100
round_queries,100,300,1500,6900,32500,158700,784900,3948700,19979100
round_k,0,1,7,34,162,793,3924,19743,99895
round_shots,200,100,100,100,100,100,100,100,100,100
round_queries,200,300,1100,4100,18900,92300,463100,2330700,11733100,59328300
round_k,0,1,5,20,94,461,2315,11653,58665,296641
round_shots,100,100,100,100,100,100,100,100,100,100
round_queries,100,300,1100,3700,17700,85100,415500,2095100,10584300,53539500
round_k,0,1,5,18,88,425,2077,10475,52921,267697
round_shots,100,100,100,100,100,100,100,100,100,100
round_queries,100,300,1100,3700,16900,78900,387500,1924900,9735300,49159300
round_k,0,1,5,18,84,394,1937,9624,48676,245796
round_shots,200,100,100,100,100,100,100,100,100,100
round_queries,200,300,1100,4100,18500,91300,457900,2319700,11731500,59250100
round_k,0,1,5,20,92,456,2289,11598,58657,296250
round_shots,100,100,100,100,100,100,100,100,100,100
round_queries,100,300,1100,4100,17900,88300,445900,2228300,11262500,57023500
round_k,0,1,5,20,89,441,2229,11141,56312,285117
round_shots,300,100,100,100,100,100,100,100,100,100
round_queries,300,300,700,3100,15300,73100,357700,1789700,9028300,45744700
round_k,0,1,3,15,76,365,1788,8948,45141,228723
round_shots,200,100,100,100,100,100,100,100,100,100
round_queries,200,300,700,2300,9500,47100,230900,1163100,5887700,29756700
round_k,0,1,3,11,47,235,1154,5815,29438,148783
round_shots,200,100,100,100,100,100,100,100,100
round_queries,200,300,1500,7100,31700,152500,761900,3826900,19192900
round_k,0,1,7,35,158,762,3809,19134,95964
round_shots,200,100,100,100,100,100,100,100,100,100
round_queries,200,300,1100,3700,17300,84900,420300,2100500,10622100,53323900
round_k,0,1,5,18,86,424,2101,10502,53110,266619
round_shots,200,100,100,100,100,100,100,100,100,100
round_queries,200,300,1100,3100,14900,71900,359500,1808900,9174300,46577100
round_k,0,1,5,15,74,359,1797,9044,45871,232885
round_shots,100,100,100,100,100,100,100,100,100
round_queries,100,300,1500,7100,34700,172100,848900,4264500,21514300
round_k,0,1,7,35,173,860,4244,21322,107571
round_shots,200,100,100,100,100,100,100,100,100
round_queries,200,300,1500,7100,34100,165500,829300,4196300,21205900
round_k,0,1,7,35,170,827,4146,20981,106029
round_shots,100,100,100,100,100,100,100,100,100,100
round_queries,100,300,700,2900,13500,62700,314500,1577300,7946900,40302500
round_k,0,1,3,14,67,313,1572,7886,39734,201512
round_shots,100,100,100,100,100,100,100,100,100
round_queries,100,300,1500,6300,29300,142900,704100,3489500,17574700
round_k,0,1,7,31,146,714,3520,17447,87873
round_shots,100,100,100,100,100,100,100,100,100,100
round_queries,100,300,1100,4900,24500,114500,573900,2868100,14538500,73837700
round_k,0,1,5,24,122,572,2869,14340,72692,369188
round_shots,100,100,100,100,100,100,100,100,100
round_queries,100,300,1500,5900,26900,129100,650700,3266700,16560700
round_k,0,1,7,29,134,645,3253,16333,82803
round_shots,100,100,100,100,100,100,100,100,100,100
round_queries,100,300,1100,4500,20100,99300,495700,2482100,12577300,63590300
round_k,0,1,5,22,100,496,2478,12410,62886,317951
round_shots,100,100,100,100,100,100,100,100,100,100
round_queries,100,300,1100,5500,24300,118500,595300,2981300,14982700,76061900
round_k,0,1,5,27,121,592,2976,14906,74913,380309
round_shots,300,100,100,100,100,100,100,100,100
round_queries,300,500,1900,7500,32900,165900,829500,4145500,21009900
round_k,0,2,9,37,164,829,4147,20727,105049
round_shots,200,100,100,100,100,100,100,100,100,100
round_queries,200,300,1100,4500,21700,102700,511300,2562900,12973500,65236100
round_k,0,1,5,22,108,513,2556,12814,64867,326180
round_shots,200,100,100,100,100,100,100,100,100,100
round_queries,200,300,1100,3100,14300,66500,328700,1640700,8288300,42066100
round_k,0,1,5,15,71,332,1643,8203,41441,210330
round_shots,100,100,100,100,100,100,100,100,100,100
round_queries,100,300,1100,4100,19500,95100,476500,2377900,12031500,60771100
round_k,0,1,5,20,97,475,2382,11889,60157,303855
round_shots,200,100,100,100,100,100,100,100,100,100
round_queries,200,300,700,2300,11500,54300,271700,1355500,6832100,34467300
round_k,0,1,3,11,57,271,1358,6777,34160,172336
round_shots,100,100,100,100,100,100,100,100,100,100
round_queries,100,300,1100,5100,24500,121900,602100,3019500,15278300,77421100
round_k,0,1,5,25,122,609,3010,15097,76391,387105
round_shots,100,100,100,100,100,100,100,100,100,100
round_queries,100,300,700,2300,10700,50500,249500,1251500,6293300,31860900
round_k,0,1,3,11,53,252,1247,6257,31466,159304
round_shots,100,100,100,100,100,100,100,100,100,100
round_queries,100,300,700,2300,10700,50100,248300,1225900,6158700,30978300
round_k,0,1,3,11,53,250,1241,6129,30793,154891
round_shots,100,100,100,100,100,100,100,100,100,100
round_queries,100,300,700,2900,13500,62900,316100,1594100,8016100,40610900
round_k,0,1,3,14,67,314,1580,7970,40080,203054
round_shots,100,100,100,100,100,100,100,100,100
round_queries,100,300,1500,6700,31500,159100,798700,4004300,20245700
round_k,0,1,7,33,157,795,3993,20021,101228
round_shots,100,100,100,100,100,100,100,100,100,100
round_queries,100,300,1100,5500,25300,119900,571100,2817100,14111700,71496700
round_k,0,1,5,27,126,599,2855,14085,70558,357483
round_shots,200,100,100,100,100,100,100,100,100
round_queries,200,300,1100,5500,25900,127100,634900,3191100,16140900
round_k,0,1,5,27,129,635,3174,15955,80704
round_shots,100,100,100,100,100,100,100,100,100,100
round_queries,100,300,1100,3700,16100,80900,394900,1965900,9881300,49854100
round_k,0,1,5,18,80,404,1974,9829,49406,249270
round_shots,200,100,100,100,100,100,100,100,100,100
round_queries,200,300,1100,4900,21300,107700,535900,2684300,13612700,69044100
round_k,0,1,5,24,106,538,2679,13421,68063,345220
round_shots,100,100,100,100,100,100,100,100,100,100
round_queries,100,300,1100,4700,22500,112500,552300,2765100,13962900,70412500
round_k,0,1,5,23,112,562,2761,13825,69814,352062
round_shots,100,100,100,100,100,100,100,100,100,100
round_queries,100,300,1100,4900,22900,114500,576300,2906500,14683100,74319500
round_k,0,1,5,24,114,572,2881,14532,73415,371597
round_shots,100,100,100,100,100,100,100,100,100,100
round_queries,100,300,1100,4900,22100,106100,517500,2620500,13264700,67214700
round_k,0,1,5,24,110,530,2587,13102,66323,336073
round_shots,100,100,100,100,100,100,100,100,100,100
round_queries,100,300,700,1900,8300,37300,187500,933900,4704100,23791700
round_k,0,1,3,9,41,186,937,4669,23520,118958
round_shots,100,100,100,100,100,100,100,100,100,100
round_queries,100,300,1100,4500,21300,98700,487500,2455700,12384300,62693500
round_k,0,1,5,22,106,493,2437,12278,61921,313467
round_shots,200,100,100,100,100,100,100,100,100,100
round_queries,200,300,1100,4700,23500,112900,561700,2831700,14310300,72145100
round_k,0,1,5,23,117,564,2808,14158,71551,360725
round_shots,100,100,100,100,100,100,100,100,100,100
round_queries,100,300,1100,5100,23500,111500,552900,2793500,14166500,71843300
round_k,0,1,5,25,117,557,2764,13967,70832,359216
round_shots,100,100,100,100,100,100,100,100,100,100
round_queries,100,300,1100,4500,22300,103300,489100,2461700,12413900,62856500
round_k,0,1,5,22,111,516,2445,12308,62069,314282
round_shots,200,100,100,100,100,100,100,100,100
round_queries,200,500,1900,8100,37900,184300,922900,4656900,23564700
round_k,0,2,9,40,189,921,4614,23284,117823
round_shots,200,100,100,100,100,100,100,100,100,100
round_queries,200,300,1100,3700,18100,86500,434500,2186300,10993500,55719500
round_k,0,1,5,18,90,432,2172,10931,54967,278597
round_shots,200,100,100,100,100,100,100,100,100,100
round_queries,200,300,1100,3700,16900,79500,394500,1988300,12078300,61021900
round_k,0,1,5,18,84,397,1972,9941,60391,305109
round_shots,100,100,100,100,100,100,100,100,100
round_queries,100,500,2300,9900,49500,247500,1243100,6294700,31912700
round_k,0,2,11,49,247,1237,6215,31473,159563
round_shots,100,100,100,100,100,100,100,100,100,100
round_queries,100,300,1100,4100,20100,100500,489300,2454100,12396900,62718300
round_k,0,1,5,20,100,502,2446,12270,61984,313591
round_shots,100,100,100,100,100,100,100,100,100
round_queries,100,300,1100,5500,25900,128700,627300,3162700,15991300
round_k,0,1,5,27,129,643,3136,15813,79956
round_shots,200,100,100,100,100,100,100,100,100,100
round_queries,200,300,1100,3700,18300,89100,441500,2224500,11265500,56895700
round_k,0,1,5,18,91,445,2207,11122,56327,284478
round_shots,200,100,100,100,100,100,100,100,100
round_queries,200,300,1500,6900,32500,163100,815300,4124900,20697500
round_k,0,1,7,34,162,815,4076,20624,103487
round_shots,100,100,100,100,100,100,100,100,100,100
round_queries,100,300,1100,4100,19700,95300,476500,2393300,12185700,61805500
round_k,0,1,5,20,98,476,2382,11966,60928,309027
round_shots,100,100,100,100,100,100,100,100,100
round_queries,100,300,1100,5300,26100,129700,649700,3255500,16509500
round_k,0,1,5,26,130,648,3248,16277,82547
round_shots,200,100,100,100,100,100,100,100,100
round_queries,200,500,1900,8300,39300,184500,937500,4682100,23030500
round_k,0,2,9,41,196,922,4687,23410,115152
round_shots,200,100,100,100,100,100,100,100,100,100
round_queries,200,300,1100,4500,19300,92700,450700,2261700,11427700,57881300
round_k,0,1,5,22,96,463,2253,11308,57138,289406
round_shots,200,100,100,100,100,100,100,100,100,100
round_queries,200,300,1100,4500,19900,97500,485500,2460900,12421100,63052300
round_k,0,1,5,22,99,487,2427,12304,62105,315261
round_shots,100,100,100,100,100,100,100,100,100,100
round_queries,100,300,700,3300,15700,75900,373300,1881100,9439300,47841500
round_k,0,1,3,16,78,379,1866,9405,47196,239207
round_shots,200,100,100,100,100,100,100,100,100,100
round_queries,200,300,900,2700,11700,55300,274900,1371500,6869100,34603100
round_k,0,1,4,13,58,276,1374,6857,34345,173015
round_shots,100,100,100,100,100,100,100,100,100
round_queries,100,300,1500,6300,29700,145700,726300,3675700,18513300
round_k,0,1,7,31,148,728,3631,18378,92566
round_shots,100,100,100,100,100,100,100,100,100,100
round_queries,100,300,700,2700,13300,66500,332700,1664900,8393100,42448500
round_k,0,1,3,13,66,332,1663,8324,41965,212242
round_shots,100,100,100,100,100,100,100,100,100,100
round_queries,100,300,700,1900,8700,41300,198500,987700,4972300,25209900
round_k,0,1,3,9,43,206,992,4938,24861,126049
round_shots,200,100,100,100,100,100,100,100,100,100
round_queries,200,300,700,2300,10100,48700,243300,1214700,6159100,31164700
round_k,0,1,3,11,50,243,1216,6073,30795,155823
round_shots,100,100,100,100,100,100,100,100,100,100
round_queries,100,300,1100,3700,16900,78900,392100,1976500,9968900,50507100
round_k,0,1,5,18,84,394,1960,9882,49844,252535
round_shots,200,100,100,100,100,100,100,100,100,100
round_queries,200,300,700,2300,8900,43100,205300,959500,4763500,24133500
round_k,0,1,3,11,44,215,1026,4797,23817,120667
round_shots,100,100,100,100,100,100,100,100,100,100
round_queries,100,300,1100,4500,20900,102100,513300,2579500,13084900,66215700
round_k,0,1,5,22,104,510,2566,12897,65424,331078
round_shots,200,100,100,100,100,100,100,100,100,100
round_queries,200,300,1100,4900,23500,115300,576300,2898700,14592500,73660900
round_k,0,1,5,24,117,576,2881,14493,72962,368304
round_shots,200,100,100,100,100,100,100,100,100,100
round_queries,200,300,1100,4500,22500,112700,557500,2800100,14193700,72023700
round_k,0,1,5,22,112,563,2787,14000,70968,360118
round_shots,200,100,100,100,100,100,100,100,100,100
round_queries,200,300,1100,4100,19700,93900,441100,2220100,11125500,56335300
round_k,0,1,5,20,98,469,2205,11100,55627,281676
round_shots,200,100,100,100,100,100,100,100,100,100
round_queries,200,300,1500,5700,25900,122700,587300,2870700,14577900,73985700
round_k,0,1,7,28,129,613,2936,14353,72889,369928
round_shots,200,100,100,100,100,100,100,100,100
round_queries,200,500,2300,9500,47300,229700,1159700,5867500,29744500
round_k,0,2,11,47,236,1148,5798,29337,148722
round_shots,100,100,100,100,100,100,100,100,100,100
round_queries,100,300,700,2700,11500,56300,282700,1405100,7080900,35952500
round_k,0,1,3,13,57,281,1413,7025,35404,179762
round_shots,100,100,100,100,100,100,100,100,100,100
round_queries,100,300,1100,4100,18500,89300,445100,2248900,11290900,57093900
round_k,0,1,5,20,92,446,2225,11244,56454,285469
round_shots,100,100,100,100,100,100,100,100,100,100
round_queries,100,300,1100,4100,20300,100500,502100,2531700,12769700,64128900
round_k,0,1,5,20,101,502,2510,12658,63848,320644
round_shots,100,100,100,100,100,100,100,100,100,100
round_queries,100,300,1500,5300,23700,112100,545700,2727300,13656900,69273700
round_k,0,1,7,26,118,560,2728,13636,68284,346368
round_shots,100,200,100,100,100,100,100,100,100
round_queries,100,600,1500,7100,33300,160700,806700,4039100,20321100
round_k,0,1,7,35,166,803,4033,20195,101605
round_shots,200,100,100,100,100,100,100,100,100,100
round_queries,200,300,1100,5100,22500,111500,559300,2824300,14152300,71609900
round_k,0,1,5,25,112,557,2796,14121,70761,358049
round_shots,200,100,100,100,100,100,100,100,100,100
round_queries,200,300,1100,4500,20900,100900,494900,2473300,12523500,63305900
round_k,0,1,5,22,104,504,2474,12366,62617,316529
round_shots,200,100,100,100,100,100,100,100,100,100
round_queries,200,300,900,4500,20900,97100,465700,2327300,11803300,59837100
round_k,0,1,4,22,104,485,2328,11636,59016,299185
round_shots,200,100,100,100,100,100,100,100,100,100
round_queries,200,300,1100,4900,22300,107100,530500,2657100,13414700,67802900
round_k,0,1,5,24,111,535,2652,13285,67073,339014
round_shots,100,100,100,100,100,100,100,100,100,100
round_queries,100,300,700,3100,14900,70900,347900,1721300,8741700,44220100
round_k,0,1,3,15,74,354,1739,8606,43708,221100
round_shots,200,100,100,100,100,100,100,100,100
round_queries,200,500,2300,11500,56700,281100,1423300,7197700,36322900
round_k,0,2,11,57,283,1405,7116,35988,181614
round_shots,200,100,100,100,100,100,100,100,100,100
round_queries,200,300,1100,4700,22500,109100,546700,2751300,13902300,70479100
round_k,0,1,5,23,112,545,2733,13756,69511,352395
round_shots,200,100,100,100,100,100,100,100,100
round_queries,200,300,1500,5900,28100,136100,665100,3325700,16808700
round_k,0,1,7,29,140,680,3325,16628,84043
round_shots,200,100,100,100,100,100,100,100,100,100
round_queries,200,300,1100,4900,23100,108900,539700,2692500,13629300,69116900
round_k,0,1,5,24,115,544,2698,13462,68146,345584
round_shots,200,100,100,100,100,100,100,100,100,100
round_queries,200,300,1100,4300,19500,90300,446500,2231700,11239300,56929300
round_k,0,1,5,21,97,451,2232,11158,56196,284646
round_shots,200,100,100,100,100,100,100,100,100,100
round_queries,200,300,1100,4100,17900,86700,431300,2169500,10941700,55355500
round_k,0,1,5,20,89,433,2156,10847,54708,276777
round_shots,100,100,100,100,100,100,100,100,100,100
round_queries,100,300,700,2900,12500,57700,291300,1463300,7427900,37570700
round_k,0,1,3,14,62,288,1456,7316,37139,187853
round_shots,200,100,100,100,100,100,100,100,100,100
round_queries,200,300,1100,5100,24700,119700,594300,3000700,15161700,76330900
round_k,0,1,5,25,123,598,2971,15003,75808,381654
round_shots,200,100,100,100,100,100,100,100,100,100
round_queries,200,300,1100,4900,21300,101700,510900,2557700,12922500,65545100
round_k,0,1,5,24,106,508,2554,12788,64612,327725
round_shots,100,100,100,100,100,100,100,100,100,100
round_queries,100,300,1100,4500,22300,107100,521500,2641900,13272100,67282500
round_k,0,1,5,22,111,535,2607,13209,66360,336412
round_shots,100,100,100,100,100,100,100,100,100,100
round_queries,100,300,1100,3100,14700,72900,365700,1835900,9275300,47011300
round_k,0,1,5,15,73,364,1828,9179,46376,235056
round_shots,200,100,100,100,100,100,100,100,100,100
round_queries,200,300,1100,5100,24900,119700,597500,2994900,15120300,76680300
round_k,0,1,5,25,124,598,2987,14974,75601,383401
round_shots,100,100,100,100,100,100,100,100,100,100
round_queries,100,300,700,3300,14700,69700,341900,1719100,8700500,44080500
round_k,0,1,3,16,73,348,1709,8595,43502,220402
round_shots,200,100,100,100,100,100,100,100,100,100
round_queries,200,300,1100,4100,18500,86500,436100,2177500,10988100,55580100
round_k,0,1,5,20,92,432,2180,10887,54940,277900
round_shots,100,100,100,100,100,100,100,100,100,100
round_queries,100,300,1100,4900,23700,115500,582100,2931500,14828900,75138900
round_k,0,1,5,24,118,577,2910,14657,74144,375694
round_shots,100,100,100,100,100,100,100,100,100,100
round_queries,100,300,1100,3500,15500,73700,368900,1850900,9308500,47222100
round_k,0,1,5,17,77,368,1844,9254,46542,236110
round_shots,100,100,100,100,100,100,100,100,100,100
round_queries,100,300,700,3500,17100,79500,392300,1969100,9863700,49494100
round_k,0,1,3,17,85,397,1961,9845,49318,247470
round_shots,200,100,100,100,100,100,100,100,100
round_queries,200,500,1500,6700,30900,149300,743300,3749900,18946100
round_k,0,2,7,33,154,746,3716,18749,94730
round_shots,100,100,100,100,100,100,100,100,100,100
round_queries,100,300,1100,4300,20300,100500,501900,2526700,12789300,64878300
round_k,0,1,5,21,101,502,2509,12633,63946,324391
round_shots,100,100,100,100,100,100,100,100,100,100
round_queries,100,300,1100,3700,17700,82300,416100,2102700,10574100,53241300
round_k,0,1,5,18,88,411,2080,10513,52870,266206
round_shots,100,100,100,100,100,100,100,100,100,100
round_queries,100,300,1100,4500,19500,97700,483900,2436900,12337900,62404100
round_k,0,1,5,22,97,488,2419,12184,61689,312020
round_shots,100,100,100,100,100,100,100,100,100,100
round_queries,100,300,1100,4900,23700,114100,568500,2866300,14465300,73324300
round_k,0,1,5,24,118,570,2842,14331,72326,366621
round_shots,200,100,100,100,100,100,100,100,100,100
round_queries,200,300,1100,4100,17900,83500,409900,2061100,10444100,52990300
round_k,0,1,5,20,89,417,2049,10305,52220,264951
round_shots,100,100,100,100,100,100,100,100,100,100
round_queries,100,300,1100,4900,23900,115500,580700,2909100,14680300,74563500
round_k,0,1,5,24,119,577,2903,14545,73401,372817
round_shots,100,100,100,100,100,100,100,100,100,100
round_queries,100,300,1100,4100,17900,85900,426700,2154700,10870100,55188900
round_k,0,1,5,20,89,429,2133,10773,54350,275944
round_shots,200,100,100,100,100,100,100,100,100,100
round_queries,200,300,1100,4100,18100,88900,442700,2226100,11280700,57242500
round_k,0,1,5,20,90,444,2213,11130,56403,286212
round_shots,200,100,100,100,100,100,100,100,100,100
round_queries,200,300,1100,4100,17100,82100,396500,1966900,9914700,49987900
round_k,0,1,5,20,85,410,1982,9834,49573,249939
round_shots,100,100,100,100,100,100,100,100,100,100
round_queries,100,300,700,2900,12500,58100,284500,1421900,7190700,36396100
round_k,0,1,3,14,62,290,1422,7109,35953,181980
round_shots,100,100,100,100,100,100,100,100,100,100
round_queries,100,300,1100,4500,21500,107500,521900,2631900,13212100,66480700
round_k,0,1,5,22,107,537,2609,13159,66060,332403
round_shots,200,100,100,100,100,100,100,100,100,100
round_queries,200,300,1100,4900,22500,109500,538100,2675300,13471100,68077900
round_k,0,1,5,24,112,547,2690,13376,67355,340389
round_shots,100,100,100,100,100,100,100,100,100,100
round_queries,100,300,700,3300,13700,67500,331900,1661300,8397100,42263500
round_k,0,1,3,16,68,337,1659,8306,41985,211317
round_shots,100,100,100,100,100,100,100,100,100
round_queries,100,500,1900,8300,40300,196300,970700,4873100,24692500
round_k,0,2,9,41,201,981,4853,24365,123462
round_shots,100,100,100,100,100,100,100,100,100,100
round_queries,100,300,1100,3700,17100,81300,397900,1976700,9982100,50562900
round_k,0,1,5,18,85,406,1989,9883,49910,252814
round_shots,100,100,100,100,100,100,100,100,100,100
round_queries,100,300,1100,4500,20300,95900,484700,2424900,12135300,61154300
round_k,0,1,5,22,101,479,2423,12124,60676,305771
round_shots,200,100,100,100,100,100,100,100,100,100
round_queries,200,300,1100,5500,25100,120500,591500,2987500,15063700,76197500
round_k,0,1,5,27,125,602,2957,14937,75318,380987
round_shots,100,100,100,100,100,100,100,100,100,100
round_queries,100,300,1100,4100,18700,87900,415700,2008100,9891300,50189900
round_k,0,1,5,20,93,439,2078,10040,49456,250949
round_shots,100,100,100,100,100,100,100,100,100,100
round_queries,100,300,1100,4500,21500,103300,494900,2491500,12647900,63455500
round_k,0,1,5,22,107,516,2474,12457,63239,317277
round_shots,200,100,100,100,100,100,100,100,100
round_queries,200,300,1500,7100,33100,155100,782300,3925300,19910500
round_k,0,1,7,35,165,775,3911,19626,99552
round_shots,100,100,100,100,100,100,100,100,100,100
round_queries,100,300,1100,4900,23100,113500,562300,2836700,14358100,72769700
round_k,0,1,5,24,115,567,2811,14183,71790,363848
round_shots,300,100,100,100,100,100,100,100,100,100
round_queries,300,300,700,2900,12900,64300,316300,1588500,7970300,40360900
round_k,0,1,3,14,64,321,1581,7942,39851,201804
round_shots,100,100,100,100,100,100,100,100,100
round_queries,100,300,1500,7100,32900,161300,806100,4041900,20372500
round_k,0,1,7,35,164,806,4030,20209,101862
round_shots,100,100,100,100,100,100,100,100,100
round_queries,100,300,1500,6700,31900,154300,777700,3896900,19655500
round_k,0,1,7,33,159,771,3888,19484,98277
round_shots,200,100,100,100,100,100,100,100,100
round_queries,200,300,1100,5100,25700,124700,629700,3171500,16012100
round_k,0,1,5,25,128,623,3148,15857,80060
round_shots,100,100,100,100,100,100,100,100,100,100
round_queries,100,300,1100,4500,21500,105500,517300,2603900,13108500,66349300
round_k,0,1,5,22,107,527,2586,13019,65542,331746
round_shots,100,100,100,100,100,100,100,100,100,100
round_queries,100,300,700,1900,7900,37700,184500,910300,4580900,23113300
round_k,0,1,3,9,39,188,922,4551,22904,115566
round_shots,200,100,100,100,100,100,100,100,100
round_queries,200,300,1500,7500,36100,179100,880500,4441300,22423500
round_k,0,1,7,37,180,895,4402,22206,112117
round_shots,100,100,100,100,100,100,100,100,100,100
round_queries,100,300,1100,5100,24500,120100,561900,2814700,14275900,72273900
round_k,0,1,5,25,122,600,2809,14073,71379,361369
round_shots,100,100,100,100,100,100,100,100,100,100
round_queries,100,300,1100,3700,16500,81300,403700,2025500,10220900,51650300
round_k,0,1,5,18,82,406,2018,10127,51104,258251
round_shots,100,100,100,100,100,100,100,100,100,100
round_queries,100,300,1100,4500,22100,107300,528900,2676700,13529900,68454900
round_k,0,1,5,22,110,536,2644,13383,67649,342274
round_shots,100,100,100,100,100,100,100,100,100,100
round_queries,100,300,1100,3700,17900,85100,429500,2156700,10872100,54425300
round_k,0,1,5,18,89,425,2147,10783,54360,272126
round_shots,100,100,100,100,100,100,100,100,100
round_queries,100,300,1100,5300,25100,125100,613700,3108900,15760300
round_k,0,1,5,26,125,625,3068,15544,78801
round_shots,200,100,100,100,100,100,100,100,100,100
round_queries,200,300,1100,5100,24300,116300,579500,2892900,14587700,73627500
round_k,0,1,5,25,121,581,2897,14464,72938,368137
round_shots,100,100,100,100,100,100,100,100,100,100
round_queries,100,300,1100,5300,26300,124100,605100,2975500,15023500,76186700
round_k,0,1,5,26,131,620,3025,14877,75117,380933
round_shots,100,100,100,100,100,100,100,100,100,100
round_queries,100,300,1100,3500,16900,80100,398100,2003500,10095900,51116100
round_k,0,1,5,17,84,400,1990,10017,50479,255580
round_shots,100,100,100,100,100,100,100,100,100,100
round_queries,100,300,1100,3100,15100,71500,362100,1811900,9136300,46400700
round_k,0,1,5,15,75,357,1810,9059,45681,232003
round_shots,300,100,100,100,100,100,100,100,100,100
round_queries,300,300,1100,4100,18700,91300,452700,2267500,11487100,58048100
round_k,0,1,5,20,93,456,2263,11337,57435,290240
round_shots,100,100,100,100,100,100,100,100,100,100
round_queries,100,300,1100,4700,22500,109900,546100,2737300,13685500,69425900
round_k,0,1,5,23,112,549,2730,13686,68427,347129
round_shots,100,100,100,100,100,100,100,100,100,100
round_queries,100,300,1100,3100,12100,57300,279100,1396300,7039100,35464500
round_k,0,1,5,15,60,286,1395,6981,35195,177322
round_shots,200,100,100,100,100,100,100,100,100,100
round_queries,200,300,1100,4100,19700,97700,461700,2268900,11300500,56923700
round_k,0,1,5,20,98,488,2308,11344,56502,284618
round_shots,200,100,100,100,100,100,100,100,100,100
round_queries,200,300,1100,4300,19900,95900,477300,2394900,12065500,60648100
round_k,0,1,5,21,99,479,2386,11974,60327,303240
round_shots,100,100,100,100,100,100,100,100,100,100
round_queries,100,300,700,1900,8700,39900,200100,1001700,5067700,26937900
round_k,0,1,3,9,43,199,1000,5008,25338,134689
round_shots,100,100,100,100,100,100,100,100,100,100
round_queries,100,300,1100,4100,19300,89700,447500,2243300,11358300,57493100
round_k,0,1,5,20,96,448,2237,11216,56791,287465
round_shots,200,100,100,100,100,100,100,100,100,100
round_queries,200,300,1100,4900,23500,111500,543100,2697700,13574300,68740300
round_k,0,1,5,24,117,557,2715,13488,67871,343701
round_shots,100,100,100,100,100,100,100,100,100,100
round_queries,100,300,1100,3700,16500,78500,366100,1847300,9319900,47078500
round_k,0,1,5,18,82,392,1830,9236,46599,235392
round_shots,100,100,100,100,100,100,100,100,100,100
round_queries,100,300,1100,4700,21300,98300,483300,2339900,11819300,59925300
round_k,0,1,5,23,106,491,2416,11699,59096,299626
round_shots,200,100,100,100,100,100,100,100,100
round_queries,200,300,1500,6700,32100,154700,768300,3868100,19466100
round_k,0,1,7,33,160,773,3841,19340,97330
round_shots,200,100,100,100,100,100,100,100,100,100
round_queries,200,300,700,2900,12900,62700,306100,1549300,7803900,39453300
round_k,0,1,3,14,64,313,1530,7746,39019,197266
round_shots,200,100,100,100,100,100,100,100,100,100
round_queries,200,300,1100,4100,17900,86900,427100,2141900,10736900,54453700
round_k,0,1,5,20,89,434,2135,10709,53684,272268
round_shots,100,100,100,100,100,100,100,100,100,100
round_queries,100,300,700,2900,11700,57500,285100,1426100,7150500,36265900
round_k,0,1,3,14,58,287,1425,7130,35752,181329
round_shots,100,100,100,100,100,100,100,100,100
round_queries,100,300,1500,6300,29500,145300,725100,3609500,18298100
round_k,0,1,7,31,147,726,3625,18047,91490
round_shots,100,100,100,100,100,100,100,100,100,100
round_queries,100,300,700,2300,9300,44100,217900,1105100,5595100,28256100
round_k,0,1,3,11,46,220,1089,5525,27975,141280
round_shots,100,100,100,100,100,100,100,100,100,100
round_queries,100,300,700,2300,10100,49500,239900,1186900,6000100,30444700
round_k,0,1,3,11,50,247,1199,5934,30000,152223
round_shots,100,100,100,100,100,100,100,100,100,100
round_queries,100,300,1100,4900,21300,102900,504100,2541900,12860300,65209100
round_k,0,1,5,24,106,514,2520,12709,64301,326045
round_shots,100,100,100,100,100,100,100,100,100,100
round_queries,100,300,1100,4100,19900,94100,465900,2289500,11606300,58641100
round_k,0,1,5,20,99,470,2329,11447,58031,293205
round_shots,200,100,100,100,100,100,100,100,100
round_queries,200,500,1500,6300,29700,148300,740100,3720700,18870100
round_k,0,2,7,31,148,741,3700,18603,94350
round_shots,200,100,100,100,100,100,100,100,100,100
round_queries,200,300,1500,5900,26300,121500,600900,3018300,15266500,77202900
round_k,0,1,7,29,131,607,3004,15091,76332,386014
round_shots,100,100,100,100,100,100,100,100,100,100
round_queries,100,300,700,1900,7100,32500,161500,807500,4092300,20675100
round_k,0,1,3,9,35,162,807,4037,20461,103375
round_shots,200,100,100,100,100,100,100,100,100,100
round_queries,200,300,1100,4500,20300,99500,497700,2520300,12778900,64863500
round_k,0,1,5,22,101,497,2488,12601,63894,324317
round_shots,100,100,100,100,100,100,100,100,100,100
round_queries,100,300,700,2900,11500,56100,271700,1362900,6874300,34483300
round_k,0,1,3,14,57,280,1358,6814,34371,172416
round_shots,200,100,100,100,100,100,100,100,100,100
round_queries,200,300,1100,4100,18500,89500,448300,2248900,11393100,57710300
round_k,0,1,5,20,92,447,2241,11244,56965,288551
round_shots,100,100,100,100,100,100,100,100,100
round_queries,100,300,1500,5900,27900,134900,664500,3365500,16999700
round_k,0,1,7,29,139,674,3322,16827,84998
round_shots,100,100,100,100,100,100,100,100,100,100
round_queries,100,300,1100,3700,18500,88500,443100,2229300,11288900,57245700
round_k,0,1,5,18,92,442,2215,11146,56444,286228
round_shots,100,100,100,100,100,100,100,100,100,100
round_queries,100,300,1100,4900,22700,111100,552100,2759500,13959900,70117100
round_k,0,1,5,24,113,555,2760,13797,69799,350585
round_shots,100,100,100,100,100,100,100,100,100,100
round_queries,100,300,700,3100,13100,63300,311100,1543300,7812700,39597500
round_k,0,1,3,15,65,316,1555,7716,39063,197987
round_shots,200,100,100,100,100,100,100,100,100,100
round_queries,200,300,1100,4900,22900,109100,545500,2760300,14013500,70745700
round_k,0,1,5,24,114,545,2727,13801,70067,353728
round_shots,100,100,100,100,100,100,100,100,100,100
round_queries,100,300,1100,4100,17900,84700,421900,2130100,10788900,54607700
round_k,0,1,5,20,89,423,2109,10650,53944,273038
round_shots,100,100,100,100,100,100,100,100,100,100
round_queries,100,300,700,3300,15500,75700,367100,1850300,9324900,47289300
round_k,0,1,3,16,77,378,1835,9251,46624,236446
round_shots,200,100,100,100,100,100,100,100,100,100
round_queries,200,300,900,3100,13500,63900,317500,1584900,7982300,40443900
round_k,0,1,4,15,67,319,1587,7924,39911,202219
round_shots,200,100,100,100,100,100,100,100,100,100
round_queries,200,300,1100,4900,22700,105900,535100,2708100,13639700,69072500
round_k,0,1,5,24,113,529,2675,13540,68198,345362
round_shots,100,100,100,100,100,100,100,100,100,100
round_queries,100,300,1100,3700,18500,86300,427700,2127700,10699100,54287700
round_k,0,1,5,18,92,431,2138,10638,53495,271438
round_shots,200,100,100,100,100,100,100,100,100,100
round_queries,200,300,1100,4500,21500,106900,530500,2678900,13553100,68650500
round_k,0,1,5,22,107,534,2652,13394,67765,343252
round_shots,200,100,100,100,100,100,100,100,100,100
round_queries,200,300,1100,4900,22100,103300,513100,2581100,12934900,65485900
round_k,0,1,5,24,110,516,2565,12905,64674,327429
round_shots,100,100,100,100,100,100,100,100,100,100
round_queries,100,300,1100,3700,15300,71900,351900,1776500,8897700,44894100
round_k,0,1,5,18,76,359,1759,8882,44488,224470
round_shots,100,100,100,100,100,100,100,100,100,100
round_queries,100,300,700,2700,13500,63100,316100,1569700,7785300,39217700
round_k,0,1,3,13,67,315,1580,7848,38926,196088
round_shots,200,100,100,100,100,100,100,100,100,100
round_queries,200,300,700,1900,8900,41900,207900,1037900,5233900,26503100
round_k,0,1,3,9,44,209,1039,5189,26169,132515
round_shots,200,100,100,100,100,100,100,100,100
round_queries,200,500,1900,8700,39700,191500,951900,4779300,24065500
round_k,0,2,9,43,198,957,4759,23896,120327
round_shots,100,100,100,100,100,100,100,100,100
round_queries,100,300,1500,6700,29500,149100,743700,3736300,18891500
round_k,0,1,7,33,147,745,3718,18681,94457
round_shots,100,100,100,100,100,100,100,100,100,100
round_queries,100,300,700,2700,12100,57700,286700,1429100,7197500,36423100
round_k,0,1,3,13,60,288,1433,7145,35987,182115
round_shots,200,100,100,100,100,100,100,100,100,100
round_queries,200,300,1100,4500,20500,96700,481100,2413700,12185300,61713900
round_k,0,1,5,22,102,483,2405,12068,60926,308569
round_shots,100,100,100,100,100,100,100,100,100,100
round_queries,100,300,1100,4100,17900,83900,412100,2067500,10423500,52683900
round_k,0,1,5,20,89,419,2060,10337,52117,263419
round_shots,100,100,100,100,100,100,100,100,100
round_queries,100,300,1500,6900,32100,158700,799100,4040700,20371700
round_k,0,1,7,34,160,793,3995,20203,101858
round_shots,200,100,100,100,100,100,100,100,100,100
round_queries,200,300,1100,4500,20300,101300,502300,2516300,12720500,63765100
round_k,0,1,5,22,101,506,2511,12581,63602,318825
round_shots,200,100,100,100,100,100,100,100,100,100
round_queries,200,300,700,1900,7100,34900,170300,860300,4284700,21732300
round_k,0,1,3,9,35,174,851,4301,21423,108661
round_shots,100,100,100,100,100,100,100,100,100,100
round_queries,100,300,1100,4100,18100,87700,437100,2205500,11137700,56449100
round_k,0,1,5,20,90,438,2185,11027,55688,282245
round_shots,100,100,100,100,100,100,100,100,100,100
round_queries,100,300,1100,4100,18700,93500,440100,2136300,10717300,54406500
round_k,0,1,5,20,93,467,2200,10681,53586,272032
round_shots,100,100,100,100,100,100,100,100,100,100
round_queries,100,300,700,2900,14500,69100,342900,1724300,8687900,43787900
round_k,0,1,3,14,72,345,1714,8621,43439,218939
round_shots,200,100,100,100,100,100,100,100,100,100
round_queries,200,300,1100,4900,21700,101700,503100,2526900,12707500,63707700
round_k,0,1,5,24,108,508,2515,12634,63537,318538
round_shots,100,100,100,100,100,100,100,100,100,100
round_queries,100,300,1100,3700,17300,81700,402700,2026700,10209900,51261700
round_k,0,1,5,18,86,408,2013,10133,51049,256308
round_shots,100,100,100,100,100,100,100,100,100,100
round_queries,100,300,1100,4100,18900,89900,445900,2236300,11287300,56950100
round_k,0,1,5,20,94,449,2229,11181,56436,284750
round_shots,200,100,100,100,100,100,100,100,100,100
round_queries,200,300,900,2700,12100,57100,286300,1435900,8732100,44131900
round_k,0,1,4,13,60,285,1431,7179,43660,220659
round_shots,100,100,100,100,100,100,100,100,100,100
round_queries,100,300,700,2900,13300,65700,332100,1667900,8397900,42334900
round_k,0,1,3,14,66,328,1660,8339,41989,211674
round_shots,100,100,100,100,100,100,100,100,100,100
round_queries,100,300,700,2900,13100,62300,307700,1552300,7825300,39421700
round_k,0,1,3,14,65,311,1538,7761,39126,197108
round_shots,100,100,100,100,100,100,100,100,100,100
round_queries,100,300,1100,4500,21500,103700,509300,2546700,12862900,65292300
round_k,0,1,5,22,107,518,2546,12733,64314,326461
round_shots,100,100,100,100,100,100,100,100,100,100
round_queries,100,300,1100,5100,25700,125500,610500,3065100,15366100,77984300
round_k,0,1,5,25,128,627,3052,15325,76830,389921
round_shots,200,100,100,100,100,100,100,100,100,100
round_queries,200,300,700,3300,13700,66100,329100,1654100,8335900,42254100
round_k,0,1,3,16,68,330,1645,8270,41679,211270
round_shots,200,100,100,100,100,100,100,100,100,100
round_queries,200,300,700,2300,9700,46700,228100,1146300,5768100,29182300
round_k,0,1,3,11,48,233,1140,5731,28840,145911
round_shots,200,100,100,100,100,100,100,100,100,100
round_queries,200,300,1100,3500,16500,79900,396900,2002300,10160100,51565500
round_k,0,1,5,17,82,399,1984,10011,50800,257827
round_shots,200,100,100,100,100,100,100,100,100,100
round_queries,200,300,1100,4500,19700,95500,469100,2355500,11887500,60235100
round_k,0,1,5,22,98,477,2345,11777,59437,301175
round_shots,100,100,100,100,100,100,100,100,100,100
round_queries,100,300,700,2700,12300,59700,287100,1426100,7171300,36338500
round_k,0,1,3,13,61,298,1435,7130,35856,181692
round_shots,100,100,100,100,100,100,100,100,100
round_queries,100,500,1500,5300,25700,126500,629700,3163900,15945300
round_k,0,2,7,26,128,632,3148,15819,79726
round_shots,200,100,100,100,100,100,100,100,100,100
round_queries,200,300,1100,4900,22500,107500,532500,2686300,13524900,68572500
round_k,0,1,5,24,112,537,2662,13431,67624,342862
round_shots,200,100,100,100,100,100,100,100,100,100
round_queries,200,300,1100,4900,21500,106500,530900,2632900,13349100,67006100
round_k,0,1,5,24,107,532,2654,13164,66745,335030
round_shots,100,100,100,100,100,100,100,100,100,100
round_queries,100,300,1100,4100,19100,89700,445300,2233900,11234300,56675500
round_k,0,1,5,20,95,448,2226,11169,56171,283377
round_shots,100,100,100,100,100,100,100,100,100,100
round_queries,100,300,1100,4100,20100,98900,489900,2472900,12530100,63473100
round_k,0,1,5,20,100,494,2449,12364,62650,317365
round_shots,200,100,100,100,100,100,100,100,100
round_queries,200,300,1500,7500,36100,173700,858100,4320900,21864100
round_k,0,1,7,37,180,868,4290,21604,109320
round_shots,200,100,100,100,100,100,100,100,100,100
round_queries,200,300,1100,4500,21500,102700,511100,2575900,13007700,66008500
round_k,0,1,5,22,107,513,2555,12879,65038,330042
round_shots,100,100,100,100,100,100,100,100,100
round_queries,100,500,1500,6300,28900,139500,699100,3507900,17770900
round_k,0,2,7,31,144,697,3495,17539,88854
round_shots,100,100,100,100,100,100,100,100,100,100
round_queries,100,300,1100,3100,15300,70300,351100,1756500,8829100,44510500
round_k,0,1,5,15,76,351,1755,8782,44145,222552
round_shots,100,100,100,100,100,100,100,100,100
round_queries,100,300,1500,6900,32100,157700,785500,3937300,19919700
round_k,0,1,7,34,160,788,3927,19686,99598
round_shots,200,100,100,100,100,100,100,100,100,100
round_queries,200,300,1100,3700,16300,81300,402700,2026500,10194700,51724300
round_k,0,1,5,18,81,406,2013,10132,50973,258621
round_shots,100,100,100,100,100,100,100,100,100,100
round_queries,100,300,1100,4900,23100,109700,543700,2700900,13644700,69141900
round_k,0,1,5,24,115,548,2718,13504,68223,345709
round_shots,100,100,100,100,100,100,100,100,100,100
round_queries,100,300,1100,3700,16700,81300,398500,1913100,9705900,48833100
round_k,0,1,5,18,83,406,1992,9565,48529,244165
round_shots,200,100,100,100,100,100,100,100,100,100
round_queries,200,300,700,2900,14300,70900,347100,1750100,8786900,44182700
round_k,0,1,3,14,71,354,1735,8750,43934,220913
round_shots,100,100,100,100,100,100,100,100,100,100
round_queries,100,300,1100,4900,22900,111100,551500,2775900,14055900,70686100
round_k,0,1,5,24,114,555,2757,13879,70279,353430
round_shots,100,100,100,100,100,100,100,100,100,100
round_queries,100,300,1100,4100,19500,96700,479300,2418300,12253300,62023900
round_k,0,1,5,20,97,483,2396,12091,61266,310119
round_shots,200,100,100,100,100,100,100,100,100,100
round_queries,200,300,700,2900,12500,61300,303300,1513500,7644100,38778700
round_k,0,1,3,14,62,306,1516,7567,38220,193893
round_shots,200,100,100,100,100,100,100,100,100,100
round_queries,200,300,700,2300,10500,50700,251700,1254100,6319500,31586500
round_k,0,1,3,11,52,253,1258,6270,31597,157932
round_shots,100,100,100,100,100,100,100,100,100,100
round_queries,100,300,1100,3500,16900,82900,414500,2077500,10473100,52775700
round_k,0,1,5,17,84,414,2072,10387,52365,263878
round_shots,200,100,100,100,100,100,100,100,100
round_queries,200,300,1500,6300,30900,153300,768700,4055900,20474900
round_k,0,1,7,31,154,766,3843,20279,102374
round_shots,100,100,100,100,100,100,100,100,100,100
round_queries,100,300,700,2500,10500,48300,235100,1184100,6000300,30443100
round_k,0,1,3,12,52,241,1175,5920,30001,152215
round_shots,100,100,100,100,100,100,100,100,100,100
round_queries,100,300,1100,4700,22700,110100,557500,2808100,14166100,71866700
round_k,0,1,5,23,113,550,2787,14040,70830,359333
round_shots,100,100,100,100,100,100,100,100,100,100
round_queries,100,300,1100,3700,16500,78700,380900,1894500,9556500,48437700
round_k,0,1,5,18,82,393,1904,9472,47782,242188
round_shots,100,100,100,100,100,100,100,100,100,100
round_queries,100,300,1100,4900,23700,115100,566900,2853900,14480900,73413300
round_k,0,1,5,24,118,575,2834,14269,72404,367066
round_shots,200,100,100,100,100,100,100,100,100,100
round_queries,200,300,1100,4900,23100,112500,566300,2869500,14515900,73600900
round_k,0,1,5,24,115,562,2831,14347,72579,368004
round_shots,200,100,100,100,100,100,100,100,100,100
round_queries,200,300,1100,4500,20100,98300,490300,2448100,12375700,62786900
round_k,0,1,5,22,100,491,2451,12240,61878,313934
round_shots,100,100,100,100,100,100,100,100,100,100
round_queries,100,300,700,2300,9500,46700,234700,1169500,5925900,29954500
round_k,0,1,3,11,47,233,1173,5847,29629,149772
round_shots,100,100,100,100,100,100,100,100,100,100
round_queries,100,300,1100,4900,22700,111300,557100,2788900,13985300,70405500
round_k,0,1,5,24,113,556,2785,13944,69926,352027
round_shots,100,100,100,100,100,100,100,100,100,100
round_queries,100,300,1100,4100,19900,99300,492100,2482900,12551100,63111700
round_k,0,1,5,20,99,496,2460,12414,62755,315558
round_shots,300,100,100,100,100,100,100,100,100,100
round_queries,300,300,1100,3700,17700,84700,425300,2094500,10289300,51589900
round_k,0,1,5,18,88,423,2126,10472,51446,257949
round_shots,100,100,100,100,100,100,100,100,100,100
round_queries,100,300,1100,4500,20100,93700,463900,2341700,11601900,58440700
round_k,0,1,5,22,100,468,2319,11708,58009,292203
round_shots,100,100,100,100,100,100,100,100,100,100
round_queries,100,300,1100,5100,23300,115900,578500,2886100,14502500,73150900
round_k,0,1,5,25,116,579,2892,14430,72512,365754
round_shots,100,200,100,100,100,100,100,100,100,100
round_queries,100,600,900,3500,16500,79900,400700,2025300,10212100,51653900
round_k,0,1,4,17,82,399,2003,10126,51060,258269
round_shots,200,100,100,100,100,100,100,100,100,100
round_queries,200,300,1100,4500,21900,107700,523700,2653100,13346500,67619500
round_k,0,1,5,22,109,538,2618,13265,66732,338097
round_shots,100,100,100,100,100,100,100,100,100,100
round_queries,100,300,1100,4500,20900,99300,486100,2414100,12089900,60790500
round_k,0,1,5,22,104,496,2430,12070,60449,303952
round_shots,100,100,100,100,100,100,100,100,100
round_queries,100,300,1100,5500,26100,126900,628500,3157700,15991900
round_k,0,1,5,27,130,634,3142,15788,79959
round_shots,200,100,100,100,100,100,100,100,100,100
round_queries,200,300,700,2300,9900,48700,237300,1190100,6011700,30497900
round_k,0,1,3,11,49,243,1186,5950,30058,152489
round_shots,200,100,100,100,100,100,100,100,100
round_queries,200,300,1100,5500,25900,128100,645300,3246100,16366300
round_k,0,1,5,27,129,640,3226,16230,81831
round_shots,200,100,100,100,100,100,100,100,100,100
round_queries,200,300,1100,4900,21900,103900,519700,2627900,13313100,67487300
round_k,0,1,5,24,109,519,2598,13139,66565,337436
round_shots,100,100,100,100,100,100,100,100,100,100
round_queries,100,300,700,2300,11300,53500,265700,1407500,7039900,35433500
round_k,0,1,3,11,56,267,1328,7037,35199,177167
round_shots,200,100,100,100,100,100,100,100,100,100
round_queries,200,300,1100,3700,17300,84700,419300,2108900,10660300,53867500
round_k,0,1,5,18,86,423,2096,10544,53301,269337
round_shots,100,100,100,100,100,100,100,100,100,100
round_queries,100,300,700,2900,12900,60100,295100,1477100,7448100,37315500
round_k,0,1,3,14,64,300,1475,7385,37240,186577
round_shots,200,100,100,100,100,100,100,100,100,100
round_queries,200,300,700,2900,12900,65500,327900,1627300,8245300,41831100
round_k,0,1,3,14,64,327,1639,8136,41226,209155
round_shots,100,100,100,100,100,100,100,100,100,100
round_queries,100,300,1100,3500,15700,75300,368100,1829300,9207300,46622900
round_k,0,1,5,17,78,376,1840,9146,46036,233114
round_shots,200,100,100,100,100,100,100,100,100,100
round_queries,200,300,1100,4500,21500,100500,497100,2498700,12645900,64087300
round_k,0,1,5,22,107,502,2485,12493,63229,320436
round_shots,100,100,100,100,100,100,100,100,100,100
round_queries,100,300,1100,3700,16300,80500,401100,2017700,10204300,51675300
round_k,0,1,5,18,81,402,2005,10088,51021,258376
round_shots,100,100,100,100,100,100,100,100,100,100
round_queries,100,300,1100,4700,21700,103700,516900,2587900,13084500,66239900
round_k,0,1,5,23,108,518,2584,12939,65422,331199
round_shots,100,100,100,100,100,100,100,100,100,100
round_queries,100,300,1100,4100,18300,89500,452900,2281700,11510500,58235300
round_k,0,1,5,20,91,447,2264,11408,57552,291176
round_shots,100,100,100,100,100,100,100,100,100,100
round_queries,100,300,700,2700,12300,58500,289100,1447300,7331100,44709300
round_k,0,1,3,13,61,292,1445,7236,36655,223546
round_shots,200,100,100,100,100,100,100,100,100,100
round_queries,200,300,1100,4500,21700,109300,509100,2570700,13018500,65859300
round_k,0,1,5,22,108,546,2545,12853,65092,329296
round_shots,100,100,100,100,100,100,100,100,100
round_queries,100,300,1500,7300,34100,164900,826900,4169700,21090300
round_k,0,1,7,36,170,824,4134,20848,105451
round_shots,100,100,100,100,100,100,100,100,100,100
round_queries,100,300,700,1900,7100,32300,157700,773300,3904500,19732300
round_k,0,1,3,9,35,161,788,3866,19522,98661
round_shots,200,100,100,100,100,100,100,100,100,100
round_queries,200,300,1100,4500,20300,101100,505700,2544500,12781300,64733300
round_k,0,1,5,22,101,505,2528,12722,63906,323666
round_shots,200,100,100,100,100,100,100,100,100,100
round_queries,200,300,1100,3700,16700,79300,399500,2018300,10157500,51531100
round_k,0,1,5,18,83,396,1997,10091,50787,257655
round_shots,100,100,100,100,100,100,100,100,100,100
round_queries,100,300,1100,4300,19500,92100,451500,2280100,11408700,57806300
round_k,0,1,5,21,97,460,2257,11400,57043,289031
round_shots,200,100,100,100,100,100,100,100,100,100
round_queries,200,300,700,3300,15100,74100,364300,1773500,8891900,45067500
round_k,0,1,3,16,75,370,1821,8867,44459,225337
round_shots,200,100,100,100,100,100,100,100,100,100
round_queries,200,300,700,2700,13300,66100,330900,1656900,8361500,42393700
round_k,0,1,3,13,66,330,1654,8284,41807,211968
round_shots,100,100,100,100,100,100,100,100,100,100
round_queries,100,300,1100,4100,20100,98100,493300,2486300,12579100,63411300
round_k,0,1,5,20,100,490,2466,12431,62895,317056
round_shots,100,100,100,100,100,100,100,100,100,100
round_queries,100,300,1100,4100,19100,90900,451900,2279900,11492700,58241500
round_k,0,1,5,20,95,454,2259,11399,57463,291207
round_shots,200,100,100,100,100,100,100,100,100
round_queries,200,300,1500,6300,28900,144900,705700,3525100,17722300
round_k,0,1,7,31,144,724,3528,17625,88611
round_shots,100,100,100,100,100,100,100,100,100,100
round_queries,100,300,700,2700,11700,56300,280700,1367100,6743900,33900500
round_k,0,1,3,13,58,281,1403,6835,33719,169502
round_shots,200,100,100,100,100,100,100,100,100
round_queries,200,300,1100,5100,24700,119700,621300,3112700,15735500
round_k,0,1,5,25,123,598,3106,15563,78677
round_shots,200,100,100,100,100,100,100,100,100,100
round_queries,200,300,1100,4100,17100,85100,422700,2110500,10666100,53646300
round_k,0,1,5,20,85,425,2113,10552,53330,268231
round_shots,100,100,100,100,100,100,100,100,100,100
round_queries,100,300,700,1900,8900,41900,206100,1042300,5261700,26428900
round_k,0,1,3,9,44,209,1030,5211,26308,132144
round_shots,100,100,100,100,100,100,100,100,100,100
round_queries,100,300,1100,4500,19100,92100,454300,2290500,11497300,57723100
round_k,0,1,5,22,95,460,2271,11452,57486,288615
round_shots,200,100,100,100,100,100,100,100,100,100
round_queries,200,300,700,2500,10900,52500,261100,1308100,6566300,33230100
round_k,0,1,3,12,54,262,1305,6540,32831,166150
round_shots,100,100,100,100,100,100,100,100,100,100
round_queries,100,300,1100,4100,19900,98900,489900,2459900,12439300,62539300
round_k,0,1,5,20,99,494,2449,12299,62196,312696
round_shots,100,100,100,100,100,100,100,100,100,100
round_queries,100,300,1500,5500,25100,120500,591300,2982700,15141100,76679700
round_k,0,1,7,27,125,602,2956,14913,75705,383398
round_shots,200,100,100,100,100,100,100,100,100,100
round_queries,200,300,1100,4500,20100,94900,477500,2400100,12111900,61429300
round_k,0,1,5,22,100,474,2387,12000,60559,307146
round_shots,200,100,100,100,100,100,100,100,100,100
round_queries,200,300,1100,3700,18100,86900,433500,2186700,11043300,55951700
round_k,0,1,5,18,90,434,2167,10933,55216,279758
round_shots,200,100,100,100,100,100,100,100,100,100
round_queries,200,300,700,2300,10100,50500,245300,1202700,6055100,30561300
round_k,0,1,3,11,50,252,1226,6013,30275,152806
round_shots,100,100,100,100,100,100,100,100,100,100
round_queries,100,300,1100,4100,19700,93700,463100,2332700,11711100,59113100
round_k,0,1,5,20,98,468,2315,11663,58555,295565
round_shots,300,100,100,100,100,100,100,100,100
round_queries,300,500,1900,7100,33500,165300,830100,4196700,21252700
round_k,0,2,9,35,167,826,4150,20983,106263
round_shots,100,100,100,100,100,100,100,100,100,100
round_queries,100,300,1100,4700,22100,106700,529700,2643100,13186300,66685100
round_k,0,1,5,23,110,533,2648,13215,65931,333425
round_shots,100,100,100,100,100,100,100,100,100,100
round_queries,100,300,1100,4300,20500,97700,480300,2410900,12177300,61178900
round_k,0,1,5,21,102,488,2401,12054,60886,305894
round_shots,100,100,100,100,100,100,100,100,100,100
round_queries,100,300,1100,4100,19100,92500,461100,2315900,11688300,59089900
round_k,0,1,5,20,95,462,2305,11579,58441,295449
round_shots,200,100,100,100,100,100,100,100,100,100
round_queries,200,300,700,3300,14100,67900,336300,1683300,8518500,42858100
round_k,0,1,3,16,70,339,1681,8416,42592,214290
round_shots,200,100,100,100,100,100,100,100,100,100
round_queries,200,300,700,3300,16300,78100,389900,1948700,9864500,49945700
round_k,0,1,3,16,81,390,1949,9743,49322,249728
round_shots,200,100,100,100,100,100,100,100,100,100
round_queries,200,300,1100,4100,18100,85700,420100,2115300,10690900,54041100
round_k,0,1,5,20,90,428,2100,10576,53454,270205
round_shots,200,100,100,100,100,100,100,100,100,100
round_queries,200,300,900,3100,11900,55100,274500,1361500,6901700,34983700
round_k,0,1,4,15,59,275,1372,6807,34508,174918
round_shots,200,100,100,100,100,100,100,100,100
round_queries,200,500,1900,8900,41700,199900,992700,5022300,25424300
round_k,0,2,9,44,208,999,4963,25111,127121
round_shots,200,100,100,100,100,100,100,100,100,100
round_queries,200,300,1100,4100,18100,86500,422100,2111500,10604100,53673700
round_k,0,1,5,20,90,432,2110,10557,53020,268368
round_shots,100,100,100,100,100,100,100,100,100,100
round_queries,100,300,900,3100,13700,66700,329100,1653700,8363900,42426500
round_k,0,1,4,15,68,333,1645,8268,41819,212132
round_shots,200,100,100,100,100,100,100,100,100,100
round_queries,200,300,700,2300,11100,52700,261700,1303300,6577300,33125100
round_k,0,1,3,11,55,263,1308,6516,32886,165625
round_shots,200,100,100,100,100,100,100,100,100,100
round_queries,200,300,1100,4500,21700,105100,529700,2660900,13458900,68329100
round_k,0,1,5,22,108,525,2648,13304,67294,341645
round_shots,100,100,100,100,100,100,100,100,100,100
round_queries,100,300,1100,3700,16500,79900,401900,2030300,10192500,51451700
round_k,0,1,5,18,82,399,2009,10151,50962,257258
round_shots,100,100,100,100,100,100,100,100,100,100
round_queries,100,300,700,2900,13700,63900,318700,1593300,7964900,40387300
round_k,0,1,3,14,68,319,1593,7966,39824,201936
round_shots,200,100,100,100,100,100,100,100,100,100
round_queries,200,300,1100,3700,17100,83500,397700,1980900,9993100,50638100
round_k,0,1,5,18,85,417,1988,9904,49965,253190
round_shots,200,100,100,100,100,100,100,100,100,100
round_queries,200,300,1100,4500,22100,108700,546700,2745500,13760300,69676100
round_k,0,1,5,22,110,543,2733,13727,68801,348380
round_shots,100,100,100,100,100,100,100,100,100,100
round_queries,100,300,1100,4100,19500,96100,484700,2435100,12348300,62605900
round_k,0,1,5,20,97,480,2423,12175,61741,313029
round_shots,200,100,100,100,100,100,100,100,100,100
round_queries,200,300,1100,4500,21900,105100,518700,2593900,13081500,65747300
round_k,0,1,5,22,109,525,2593,12969,65407,328736
round_shots,200,100,100,100,100,100,100,100,100,100
round_queries,200,300,700,2700,11700,55900,272100,1370100,6926300,35006300
round_k,0,1,3,13,58,279,1360,6850,34631,175031
round_shots,200,100,100,100,100,100,100,100,100,100
round_queries,200,300,700,2700,13500,63500,311100,1560100,7861300,39477700
round_k,0,1,3,13,67,317,1555,7800,39306,197388
round_shots,100,100,100,100,100,100,100,100,100,100
round_queries,100,300,700,1900,8500,39300,191300,957900,4850500,24610900
round_k,0,1,3,9,42,196,956,4789,24252,123054
round_shots,100,100,100,100,100,100,100,100,100,100
round_queries,100,300,1100,4700,20900,97300,481900,2410700,12131100,61390500
round_k,0,1,5,23,104,486,2409,12053,60655,306952
round_shots,200,100,100,100,100,100,100,100,100,100
round_queries,200,300,1100,5500,25100,122900,605300,3031300,15374500,77923100
round_k,0,1,5,27,125,614,3026,15156,76872,389615
round_shots,100,100,100,100,100,100,100,100,100,100
round_queries,100,300,1100,4900,22500,107100,527700,2671100,13523700,68466300
round_k,0,1,5,24,112,535,2638,13355,67618,342331
round_shots,200,100,100,100,100,100,100,100,100,100
round_queries,200,300,1100,4500,20300,97900,489100,2467300,12496700,62751700
round_k,0,1,5,22,101,489,2445,12336,62483,313758
round_shots,100,100,100,100,100,100,100,100,100,100
round_queries,100,300,1100,3700,18300,86900,426900,2157300,10949300,55447300
round_k,0,1,5,18,91,434,2134,10786,54746,277236
round_shots,100,100,100,100,100,100,100,100,100,100
round_queries,100,300,1100,4100,18300,88100,441100,2205300,11065700,56021700
round_k,0,1,5,20,91,440,2205,11026,55328,280108
round_shots,100,100,100,100,100,100,100,100,100,100
round_queries,100,300,1100,4700,21900,109500,541700,2708100,13682500,69292500
round_k,0,1,5,23,109,547,2708,13540,68412,346462
round_shots,200,100,100,100,100,100,100,100,100,100
round_queries,200,300,1100,4900,23700,114900,571300,2886900,14590700,73785700
round_k,0,1,5,24,118,574,2856,14434,72953,368928
round_shots,100,100,100,100,100,100,100,100,100,100
round_queries,100,300,1100,4100,19100,90900,450900,2249300,11295500,57180500
round_k,0,1,5,20,95,454,2254,11246,56477,285902
round_shots,200,100,100,100,100,100,100,100,100,100
round_queries,200,300,1100,4100,17500,80700,395900,1982300,10009900,50854300
round_k,0,1,5,20,87,403,1979,9911,50049,254271
round_shots,200,100,100,100,100,100,100,100,100
round_queries,200,500,1900,9300,46100,221900,1116900,5617100,28384100
round_k,0,2,9,46,230,1109,5584,28085,141920
round_shots,100,100,100,100,100,100,100,100,100,100
round_queries,100,300,1100,4500,21100,101300,507300,2538100,12862500,64971700
round_k,0,1,5,22,105,506,2536,12690,64312,324858
round_shots,200,100,100,100,100,100,100,100,100,100
round_queries,200,300,700,2300,9100,44300,215700,1086100,5473700,27640100
round_k,0,1,3,11,45,221,1078,5430,27368,138200
round_shots,300,100,100,100,100,100,100,100,100,100
round_queries,300,300,700,2300,10300,49300,238100,1187700,6008500,30499300
round_k,0,1,3,11,51,246,1190,5938,30042,152496
round_shots,100,100,100,100,100,100,100,100,100,100
round_queries,100,300,700,1900,8100,37700,181700,910100,4569300,27827700
round_k,0,1,3,9,40,188,908,4550,22846,139138
round_shots,200,100,100,100,100,100,100,100,100,100
round_queries,200,300,700,3300,13500,63500,304700,1531100,7748700,39233300
round_k,0,1,3,16,67,317,1523,7655,38743,196166
round_shots,200,100,100,100,100,100,100,100,100,100
round_queries,200,300,1100,4500,21700,102700,505900,2551300,12790900,64563700
round_k,0,1,5,22,108,513,2529,12756,63954,322818
round_shots,200,100,100,100,100,100,100,100,100,100
round_queries,200,300,1100,4500,20700,98900,486500,2433100,12346700,62555100
round_k,0,1,5,22,103,494,2432,12165,61733,312775
round_shots,100,100,100,100,100,100,100,100,100,100
round_queries,100,300,1100,4500,21900,109300,546500,2767100,14025500,70755900
round_k,0,1,5,22,109,546,2732,13835,70127,353779
round_shots,100,100,100,100,100,100,100,100,100,100
round_queries,100,300,1100,4100,19500,91900,458100,2311100,11602100,58588500
round_k,0,1,5,20,97,459,2290,11555,58010,292942
round_shots,200,100,100,100,100,100,100,100,100,100
round_queries,200,300,1100,4500,19500,95900,479500,2405100,12166300,61324900
round_k,0,1,5,22,97,479,2397,12025,60831,306624
round_shots,200,100,100,100,100,100,100,100,100,100
round_queries,200,300,700,2900,13300,59900,295300,1488100,7492900,38007300
round_k,0,1,3,14,66,299,1476,7440,37464,190036
round_shots,100,100,100,100,100,100,100,100,100,100
round_queries,100,300,700,2300,10300,47100,229700,1161500,5864900,29673100
round_k,0,1,3,11,51,235,1148,5807,29324,148365
round_shots,300,100,100,100,100,100,100,100,100,100
round_queries,300,300,1100,3700,17300,79900,377100,1912100,9645100,48826300
round_k,0,1,5,18,86,399,1885,9560,48225,244131
round_shots,100,100,100,100,100,100,100,100,100,100
round_queries,100,300,1100,4900,23500,113900,570500,2845900,14388700,73034900
round_k,0,1,5,24,117,569,2852,14229,71943,365174
round_shots,100,100,100,100,100,100,100,100,100,100
round_queries,100,300,700,2300,8700,40100,195300,983900,4946300,25092300
round_k,0,1,3,11,43,200,976,4919,24731,125461
round_shots,200,100,100,100,100,100,100,100,100,100
round_queries,200,300,1500,5300,23300,115900,565900,2800700,14134100,70966900
round_k,0,1,7,26,116,579,2829,14003,70670,354834
round_shots,100,100,100,100,100,100,100,100,100,100
round_queries,100,300,1100,3700,16900,81500,404700,2020100,10108100,51319700
round_k,0,1,5,18,84,407,2023,10100,50540,256598
round_shots,200,100,100,100,100,100,100,100,100
round_queries,200,500,1900,7700,36500,179500,894700,4737500,23981500
round_k,0,2,9,38,182,897,4473,23687,119907
round_shots,100,100,100,100,100,100,100,100,100,100
round_queries,100,300,700,3300,15300,73700,364700,1827500,9248700,46946500
round_k,0,1,3,16,76,368,1823,9137,46243,234732
round_shots,200,100,100,100,100,100,100,100,100,100
round_queries,200,300,1100,4100,18900,95100,465300,2334300,11801100,59569700
round_k,0,1,5,20,94,475,2326,11671,59005,297848
round_shots,200,100,100,100,100,100,100,100,100,100
round_queries,200,300,700,2700,11500,53500,259700,1298100,6524500,32912500
round_k,0,1,3,13,57,267,1298,6490,32622,164562
round_shots,200,100,100,100,100,100,100,100,100,100
round_queries,200,300,1100,4700,20300,98700,494300,2455900,12394100,62495700
round_k,0,1,5,23,101,493,2471,12279,61970,312478
round_shots,100,100,100,100,100,100,100,100,100
round_queries,100,300,1500,6100,30500,148500,739700,3713700,18801900
round_k,0,1,7,30,152,742,3698,18568,94009
round_shots,200,100,100,100,100,100,100,100,100,100
round_queries,200,300,700,2300,10900,52500,256100,1283300,6469700,32846100
round_k,0,1,3,11,54,262,1280,6416,32348,164230
round_shots,100,100,100,100,100,100,100,100,100,100
round_queries,100,300,1100,3700,17700,86500,427500,2139500,10804300,54300500
round_k,0,1,5,18,88,432,2137,10697,54021,271502
round_shots,100,100,100,100,100,100,100,100,100,100
round_queries,100,300,1100,4500,20100,99900,477900,2388900,12008100,60551500
round_k,0,1,5,22,100,499,2389,11944,60040,302757
round_shots,100,100,100,100,100,100,100,100,100,100
round_queries,100,300,1100,4500,20300,97900,485900,2430900,14816500,74629700
round_k,0,1,5,22,101,489,2429,12154,74082,373148
round_shots,100,100,100,100,100,100,100,100,100,100
round_queries,100,300,700,1900,8100,38500,182500,895500,4383100,22238500
round_k,0,1,3,9,40,192,912,4477,21915,111192
round_shots,300,100,100,100,100,100,100,100,100
round_queries,300,300,1100,5300,25100,124900,618100,3128100,15708900
round_k,0,1,5,26,125,624,3090,15640,78544
round_shots,100,100,100,100,100,100,100,100,100,100
round_queries,100,300,1100,4300,18500,89300,440100,2195100,11026500,55836700
round_k,0,1,5,21,92,446,2200,10975,55132,279183
round_shots,200,100,100,100,100,100,100,100,100,100
round_queries,200,300,700,2300,9300,42500,206100,1040900,5173900,25993500
round_k,0,1,3,11,46,212,1030,5204,25869,129967
round_shots,300,100,100,100,100,100,100,100,100
round_queries,300,500,1500,5500,26700,129500,633700,3196700,16165100
round_k,0,2,7,27,133,647,3168,15983,80825
round_shots,100,100,100,100,100,100,100,100,100,100
round_queries,100,300,1100,3700,15900,74300,372500,1822300,9157100,46440900
round_k,0,1,5,18,79,371,1862,9111,45785,232204
round_shots,100,100,100,100,100,100,100,100,100,100
round_queries,100,300,1100,4100,17900,85100,421500,2092500,10580900,53623100
round_k,0,1,5,20,89,425,2107,10462,52904,268115
round_shots,200,100,100,100,100,100,100,100,100,100
round_queries,200,300,1100,4900,21700,105900,527500,2669500,13461700,67948300
round_k,0,1,5,24,108,529,2637,13347,67308,339741
round_shots,300,100,100,100,100,100,100,100,100,100
round_queries,300,300,1100,4700,21300,102500,506300,2565100,12898700,64853700
round_k,0,1,5,23,106,512,2531,12825,64493,324268
round_shots,100,100,100,100,100,100,100,100,100,100
round_queries,100,300,1100,4500,21500,105500,532700,2675300,13554300,68542300
round_k,0,1,5,22,107,527,2663,13376,67771,342711
round_shots,200,100,100,100,100,100,100,100,100,100
round_queries,200,300,700,2900,12700,61100,296500,1483500,7396300,37433100
round_k,0,1,3,14,63,305,1482,7417,36981,187165
round_shots,100,100,100,100,100,100,100,100,100
round_queries,100,300,1500,7500,35100,168700,852500,4275700,21625900
round_k,0,1,7,37,175,843,4262,21378,108129
round_shots,100,100,100,100,100,100,100,100,100,100
round_queries,100,300,1100,4500,20300,96500,480900,2398300,11988700,60572300
round_k,0,1,5,22,101,482,2404,11991,59943,302861
round_shots,200,100,100,100,100,100,100,100,100,100
round_queries,200,300,1100,3500,15700,74700,362900,1798700,9094300,45962900
round_k,0,1,5,17,78,373,1814,8993,45471,229814
round_shots,100,100,100,100,100,100,100,100,100,100
round_queries,100,300,1100,4500,21300,104100,522900,2637300,13313900,67067700
round_k,0,1,5,22,106,520,2614,13186,66569,335338
round_shots,200,100,100,100,100,100,100,100,100,100
round_queries,200,300,1100,4100,17700,86100,430500,2155700,10865900,55022100
round_k,0,1,5,20,88,430,2152,10778,54329,275110
round_shots,200,100,100,100,100,100,100,100,100,100
round_queries,200,300,1100,3900,17900,87500,436900,2196900,11032700,67172900
round_k,0,1,5,19,89,437,2184,10984,55163,335864
round_shots,200,100,100,100,100,100,100,100,100,100
round_queries,200,300,1100,4500,20700,99900,493500,2469700,12488500,63359300
round_k,0,1,5,22,103,499,2467,12348,62442,316796
round_shots,100,100,100,100,100,100,100,100,100
round_queries,100,500,1900,7500,35900,175500,880700,4374500,21787500
round_k,0,2,9,37,179,877,4403,21872,108937
round_shots,200,100,100,100,100,100,100,100,100,100
round_queries,200,300,1100,4100,19300,90700,448100,2245700,11374900,57661500
round_k,0,1,5,20,96,453,2240,11228,56874,288307
round_shots,100,100,100,100,100,100,100,100,100,100
round_queries,100,300,1100,4500,21700,105100,521300,2607100,13153500,66652100
round_k,0,1,5,22,108,525,2606,13035,65767,333260
round_shots,200,100,100,100,100,100,100,100,100
round_queries,200,500,2300,11100,52900,254300,1277500,6430300,32567500
round_k,0,2,11,55,264,1271,6387,32151,162837
round_shots,100,100,100,100,100,100,100,100,100,100
round_queries,100,300,1100,4700,21700,104900,513100,2568500,12967100,65701500
round_k,0,1,5,23,108,524,2565,12842,64835,328507
round_shots,100,100,100,100,100,100,100,100,100,100
round_queries,100,300,700,2900,12100,58900,289700,1444900,7271100,36621100
round_k,0,1,3,14,60,294,1448,7224,36355,183105
round_shots,100,100,100,100,100,100,100,100,100
round_queries,100,300,1500,6500,30500,151300,749700,3802500,19235500
round_k,0,1,7,32,152,756,3748,19012,96177
round_shots,100,100,100,100,100,100,100,100,100,100
round_queries,100,300,700,1900,8500,40500,198700,993300,4991900,25158900
round_k,0,1,3,9,42,202,993,4966,24959,125794
round_shots,100,100,100,100,100,100,100,100,100,100
round_queries,100,300,1100,4500,20500,103500,517500,2611300,13136500,66388700
round_k,0,1,5,22,102,517,2587,13056,65682,331943
round_shots,100,100,100,100,100,100,100,100,100,100
round_queries,100,300,1100,4700,20100,96300,484500,2419700,12212500,61842100
round_k,0,1,5,23,100,481,2422,12098,61062,309210
round_shots,200,100,100,100,100,100,100,100,100,100
round_queries,200,300,1100,3700,17500,80700,399500,1997500,10045100,50935700
round_k,0,1,5,18,87,403,1997,9987,50225,254678
round_shots,200,100,100,100,100,100,100,100,100,100
round_queries,200,300,1100,4100,18900,91300,446900,2233700,11265700,57078300
round_k,0,1,5,20,94,456,2234,11168,56328,285391
round_shots,200,100,100,100,100,100,100,100,100,100
round_queries,200,300,700,2300,11100,52100,256100,1287900,6505100,32966100
round_k,0,1,3,11,55,260,1280,6439,32525,164830
round_shots,100,100,100,100,100,100,100,100,100,100
round_queries,100,300,700,2700,11100,54100,267300,1324700,6664900,33749900
round_k,0,1,3,13,55,270,1336,6623,33324,168749
round_shots,200,100,100,100,100,100,100,100,100,100
round_queries,200,300,700,3300,14300,71700,353500,1779900,8946500,45214100
round_k,0,1,3,16,71,358,1767,8899,44732,226070
round_shots,100,100,100,100,100,100,100,100,100,100
round_queries,100,300,1100,4100,19500,93500,446100,2193300,11028100,55864300
round_k,0,1,5,20,97,467,2230,10966,55140,279321
round_shots,200,100,100,100,100,100,100,100,100,100
round_queries,200,300,1100,4500,21100,101900,494100,2505500,12618100,64002300
round_k,0,1,5,22,105,509,2470,12527,63090,320011
round_shots,200,100,100,100,100,100,100,100,100,100
round_queries,200,300,1100,4100,19700,95100,473500,2389900,12052100,61035900
round_k,0,1,5,20,98,475,2367,11949,60260,305179
round_shots,100,100,100,100,100,100,100,100,100
round_queries,100,300,1500,5900,27700,134900,661100,3323100,16806300
round_k,0,1,7,29,138,674,3305,16615,84031
round_shots,100,100,100,100,100,100,100,100,100,100
round_queries,100,300,1100,5500,25300,119300,583700,2944300,14857700,74621500
round_k,0,1,5,27,126,596,2918,14721,74288,373107
round_shots,100,100,100,100,100,100,100,100,100,100
round_queries,100,300,700,1900,8500,40500,197700,980700,4938700,25001100
round_k,0,1,3,9,42,202,988,4903,24693,125005
round_shots,200,100,100,100,100,100,100,100,100
round_queries,200,700,2300,10700,50100,249500,1261100,6369100,32176500
round_k,0,3,11,53,250,1247,6305,31845,160882
round_shots,100,100,100,100,100,100,100,100,100,100
round_queries,100,300,1100,4500,20700,97900,481500,2432300,12330300,62433500
round_k,0,1,5,22,103,489,2407,12161,61651,312167
round_shots,100,100,100,100,100,100,100,100,100,100
round_queries,100,300,700,3300,14100,68100,341100,1701300,8605100,43458100
round_k,0,1,3,16,70,340,1705,8506,43025,217290
round_shots,100,100,100,100,100,100,100,100,100,100
round_queries,100,300,700,2300,10100,47700,239700,1185100,5961900,30109700
round_k,0,1,3,11,50,238,1198,5925,29809,150548
round_shots,100,100,100,100,100,100,100,100,100
round_queries,100,300,1100,5300,30500,147300,698700,3481500,17645700
round_k,0,1,5,26,152,736,3493,17407,88228
round_shots,100,100,100,100,100,100,100,100,100
round_queries,100,300,1100,5500,27100,127100,613100,3099500,15681700
round_k,0,1,5,27,135,635,3065,15497,78408
round_shots,100,100,100,100,100,100,100,100,100,100
round_queries,100,300,700,2300,9700,45500,228100,1134900,5745500,29115900
round_k,0,1,3,11,48,227,1140,5674,28727,145579
round_shots,200,100,100,100,100,100,100,100,100,100
round_queries,200,300,1100,4500,21300,102700,504100,2509100,12502700,62782900
round_k,0,1,5,22,106,513,2520,12545,62513,313914
round_shots,100,100,100,100,100,100,100,100,100
round_queries,100,300,1500,5900,28100,135100,665500,3317500,16653500
round_k,0,1,7,29,140,675,3327,16587,83267
round_shots,200,100,100,100,100,100,100,100,100,100
round_queries,200,300,1100,4700,21700,103700,512900,2580500,13050900,66082300
round_k,0,1,5,23,108,518,2564,12902,65254,330411
round_shots,100,100,100,100,100,100,100,100,100,100
round_queries,100,300,1100,4300,20700,100700,491500,2453700,12415300,62737300
round_k,0,1,5,21,103,503,2457,12268,62076,313686
round_shots,100,100,100,100,100,100,100,100,100,100
round_queries,100,300,1100,4500,20500,99900,499500,2493300,12565500,63439300
round_k,0,1,5,22,102,499,2497,12466,62827,317196
round_shots,200,100,100,100,100,100,100,100,100,100
round_queries,200,300,700,2900,12100,54900,271100,1351500,6778900,34245500
round_k,0,1,3,14,60,274,1355,6757,33894,171227
round_shots,100,100,100,100,100,100,100,100,100,100
round_queries,100,300,1100,4500,20500,100100,497500,2518500,12752300,64647300
round_k,0,1,5,22,102,500,2487,12592,63761,323236
round_shots,200,100,100,100,100,100,100,100,100,100
round_queries,200,300,1100,3700,17700,88500,440100,2214500,11214500,56627700
round_k,0,1,5,18,88,442,2200,11072,56072,283138
round_shots,100,100,100,100,100,100,100,100,100,100
round_queries,100,300,1100,5500,24900,119100,598100,2999900,15059500,75939700
round_k,0,1,5,27,124,595,2990,14999,75297,379698
round_shots,200,100,100,100,100,100,100,100,100
round_queries,200,500,1500,6100,27900,138300,692700,3487700,17700700
round_k,0,2,7,30,139,691,3463,17438,88503
round_shots,100,100,100,100,100,100,100,100,100,100
round_queries,100,300,1100,4700,21500,104700,502700,2476700,12496100,63371100
round_k,0,1,5,23,107,523,2513,12383,62480,316855
round_shots,200,100,100,100,100,100,100,100,100,100
round_queries,200,300,1100,5100,22300,109700,540300,2711100,13734700,69711100
round_k,0,1,5,25,111,548,2701,13555,68673,348555
round_shots,200,100,100,100,100,100,100,100,100
round_queries,200,300,1500,6700,30900,149100,736500,3658300,18416300
round_k,0,1,7,33,154,745,3682,18291,92081
round_shots,200,100,100,100,100,100,100,100,100,100
round_queries,200,300,1100,3700,15900,74100,368500,1840300,9252700,46532100
round_k,0,1,5,18,79,370,1842,9201,46263,232660
round_shots,100,100,100,100,100,100,100,100,100,100
round_queries,100,300,1100,3700,16700,79100,393100,1968900,9939500,50420700
round_k,0,1,5,18,83,395,1965,9844,49697,252103
round_shots,200,100,100,100,100,100,100,100,100,100
round_queries,200,300,700,2500,12300,61500,296100,1471300,7448700,37784500
round_k,0,1,3,12,61,307,1480,7356,37243,188922
round_shots,100,100,100,100,100,100,100,100,100,100
round_queries,100,300,1100,4900,21500,102100,503500,2533700,12795900,64940300
round_k,0,1,5,24,107,510,2517,12668,63979,324701
round_shots,100,100,100,100,100,100,100,100,100
round_queries,100,300,1500,6300,28500,136900,672700,3357300,17010700
round_k,0,1,7,31,142,684,3363,16786,85053
round_shots,200,100,100,100,100,100,100,100,100,100
round_queries,200,300,700,2300,10900,52300,257700,1291300,6489100,32519100
round_k,0,1,3,11,54,261,1288,6456,32445,162595
round_shots,100,100,100,100,100,100,100,100,100,100
round_queries,100,300,1100,4100,17900,84300,413900,2065900,10371700,52553300
round_k,0,1,5,20,89,421,2069,10329,51858,262766
round_shots,200,100,100,100,100,100,100,100,100,100
round_queries,200,300,700,2300,8900,44300,218300,1094100,5513500,27637700
round_k,0,1,3,11,44,221,1091,5470,27567,138188
round_shots,100,100,100,100,100,100,100,100,100,100
round_queries,100,300,1100,4500,21900,103300,507700,2524900,12742100,64573300
round_k,0,1,5,22,109,516,2538,12624,63710,322866
round_shots,100,100,100,100,100,100,100,100,100,100
round_queries,100,300,700,1900,8100,39300,196500,984300,4961500,25021700
round_k,0,1,3,9,40,196,982,4921,24807,125108
round_shots,200,100,100,100,100,100,100,100,100,100
round_queries,200,300,1100,4700,20700,102100,503300,2520500,12759900,64377900
round_k,0,1,5,23,103,510,2516,12602,63799,321889
round_shots,200,100,100,100,100,100,100,100,100,100
round_queries,200,300,1100,4500,20100,97100,484300,2424900,12254300,62137300
round_k,0,1,5,22,100,485,2421,12124,61271,310686
round_shots,100,100,100,100,100,100,100,100,100,100
round_queries,100,300,1500,5900,26700,123900,600700,3039900,15335500,77730900
round_k,0,1,7,29,133,619,3003,15199,76677,388654
round_shots,100,100,100,100,100,100,100,100,100,100
round_queries,100,300,700,2300,10900,49700,250100,1250500,6309700,31981500
round_k,0,1,3,11,54,248,1250,6252,31548,159907
round_shots,200,100,100,100,100,100,100,100,100
round_queries,200,500,1900,8500,40900,195300,979500,4948500,25060700
round_k,0,2,9,42,204,976,4897,24742,125303
round_shots,100,100,100,100,100,100,100,100,100,100
round_queries,100,300,700,2900,13100,64700,315100,1579900,7937700,39763700
round_k,0,1,3,14,65,323,1575,7899,39688,198818
round_shots,200,100,100,100,100,100,100,100,100,100
round_queries,200,300,1100,4500,21100,104500,515100,2584700,13076900,66258300
round_k,0,1,5,22,105,522,2575,12923,65384,331291
round_shots,100,100,100,100,100,100,100,100,100,100
round_queries,100,300,1100,3700,17300,82300,395500,1969500,9887300,50020700
round_k,0,1,5,18,86,411,1977,9847,49436,250103
round_shots,100,100,100,100,100,100,100,100,100
round_queries,100,300,1100,5500,24900,120900,607100,3052900,15464900
round_k,0,1,5,27,124,604,3035,15264,77324
round_shots,100,100,100,100,100,100,100,100,100,100
round_queries,100,300,700,2900,12500,58100,289100,1454900,7431700,37655300
round_k,0,1,3,14,62,290,1445,7274,37158,188276
round_shots,200,100,100,100,100,100,100,100,100,100
round_queries,200,300,1100,4900,21100,105500,520300,2629500,13288100,67223700
round_k,0,1,5,24,105,527,2601,13147,66440,336118
round_shots,300,100,100,100,100,100,100,100,100,100
round_queries,300,300,1100,4500,20300,97300,489700,2465900,12292300,61727900
round_k,0,1,5,22,101,486,2448,12329,61461,308639
round_shots,100,100,100,100,100,100,100,100,100
round_queries,100,300,1500,6700,32100,159300,794900,4003500,20325700
round_k,0,1,7,33,160,796,3974,20017,101628
round_shots,100,100,100,100,100,100,100,100,100,100
round_queries,100,300,1100,5500,24700,121300,609700,2987100,14888700,75573100
round_k,0,1,5,27,123,606,3048,14935,74443,377865
round_shots,200,100,100,100,100,100,100,100,100
round_queries,200,700,3100,15500,75700,366100,1813300,9184900,46430300
round_k,0,3,15,77,378,1830,9066,45924,232151
round_shots,100,100,100,100,100,100,100,100,100,100
round_queries,100,300,1100,5100,24900,119100,595300,3019700,15126700,75281900
round_k,0,1,5,25,124,595,2976,15098,75633,376409
round_shots,100,100,100,100,100,100,100,100,100,100
round_queries,100,300,700,1900,9100,41900,200500,1002500,5042500,25560500
round_k,0,1,3,9,45,209,1002,5012,25212,127802
round_shots,100,100,100,100,100,100,100,100,100,100
round_queries,100,300,1100,4100,17900,85100,424300,2151100,10857500,55011700
round_k,0,1,5,20,89,425,2121,10755,54287,275058
round_shots,200,100,100,100,100,100,100,100,100,100
round_queries,200,300,1100,4500,19300,93500,472300,2386300,12027100,60611700
round_k,0,1,5,22,96,467,2361,11931,60135,303058
round_shots,100,100,100,100,100,100,100,100,100,100
round_queries,100,300,1100,5100,24100,113700,564300,2851900,14378500,72787500
round_k,0,1,5,25,120,568,2821,14259,71892,363937
round_shots,200,100,100,100,100,100,100,100,100
round_queries,200,300,1500,6500,31100,155100,772500,3904100,19755500
round_k,0,1,7,32,155,775,3862,19520,98777
round_shots,200,100,100,100,100,100,100,100,100,100
round_queries,200,300,1100,3700,16500,78300,388300,1920100,9676700,49043300
round_k,0,1,5,18,82,391,1941,9600,48383,245216
round_shots,200,100,100,100,100,100,100,100,100,100
round_queries,200,300,700,1900,7900,38900,192700,967500,4854500,24595900
round_k,0,1,3,9,39,194,963,4837,24272,122979
round_shots,200,100,100,100,100,100,100,100,100,100
round_queries,200,300,700,2300,10100,48700,228500,1113700,5606100,28347100
round_k,0,1,3,11,50,243,1142,5568,28030,141735
round_shots,100,100,100,100,100,100,100,100,100
round_queries,100,300,1500,5900,29500,142500,714300,3621500,18236500
round_k,0,1,7,29,147,712,3571,18107,91182
round_shots,200,100,100,100,100,100,100,100,100
round_queries,200,300,1500,7100,32700,156700,749100,3744300,18903500
round_k,0,1,7,35,163,783,3745,18721,94517
round_shots,100,100,100,100,100,100,100,100,100,100
round_queries,100,300,1100,4100,18700,90900,445500,2236700,11330900,57334700
round_k,0,1,5,20,93,454,2227,11183,56654,286673
round_shots,200,100,100,100,100,100,100,100,100,100
round_queries,200,300,1100,3700,17100,80100,392500,1976100,10001900,50534100
round_k,0,1,5,18,85,400,1962,9880,50009,252670
round_shots,300,100,100,100,100,100,100,100,100
round_queries,300,500,1500,6300,29700,138500,687500,3454300,17477700
round_k,0,2,7,31,148,692,3437,17271,87388
round_shots,100,100,100,100,100,100,100,100,100,100
round_queries,100,300,1100,4300,20500,102300,474900,2333100,11569500,58650100
round_k,0,1,5,21,102,511,2374,11665,57847,293250
round_shots,100,100,100,100,100,100,100,100,100,100
round_queries,100,300,1100,4500,20700,97100,486900,2434900,12312100,62456100
round_k,0,1,5,22,103,485,2434,12174,61560,312280
round_shots,200,100,100,100,100,100,100,100,100,100
round_queries,200,300,1100,4100,18100,88300,438500,2212500,11220700,56485900
round_k,0,1,5,20,90,441,2192,11062,56103,282429
round_shots,200,100,100,100,100,100,100,100,100,100
round_queries,200,300,1100,4900,22700,110500,544500,2749900,13840500,70060300
round_k,0,1,5,24,113,552,2722,13749,69202,350301
round_shots,200,100,100,100,100,100,100,100,100,100
round_queries,200,300,1100,4900,21100,103100,495900,2476300,12497900,63284500
round_k,0,1,5,24,105,515,2479,12381,62489,316422
round_shots,200,100,100,100,100,100,100,100,100,100
round_queries,200,300,1100,5100,23300,116700,583300,2928900,14619500,73618300
round_k,0,1,5,25,116,583,2916,14644,73097,368091
round_shots,100,100,100,100,100,100,100,100,100,100
round_queries,100,300,700,2900,13700,67300,332500,1678500,8511300,43150100
round_k,0,1,3,14,68,336,1662,8392,42556,215750
round_shots,100,100,100,100,100,100,100,100,100
round_queries,100,300,1500,6100,27900,136300,675700,3405500,17234100
round_k,0,1,7,30,139,681,3378,17027,86170
round_shots,100,100,100,100,100,100,100,100,100,100
round_queries,100,300,1100,4100,19100,95100,479100,2398300,12120500,61399900
round_k,0,1,5,20,95,475,2395,11991,60602,306999
round_shots,200,100,100,100,100,100,100,100,100,100
round_queries,200,300,700,2300,10500,52500,258900,1302900,6542300,32920300
round_k,0,1,3,11,52,262,1294,6514,32711,164601
round_shots,200,100,100,100,100,100,100,100,100,100
round_queries,200,300,1100,4500,21700,107500,539100,2689500,13572300,68525300
round_k,0,1,5,22,108,537,2695,13447,67861,342626
round_shots,100,100,100,100,100,100,100,100,100,100
round_queries,100,300,1100,5100,23700,118900,599300,3004500,15190100,76170300
round_k,0,1,5,25,118,594,2996,15022,75950,380851
round_shots,100,100,100,100,100,100,100,100,100,100
round_queries,100,300,700,2700,11100,54500,265300,1326300,6692900,33868900
round_k,0,1,3,13,55,272,1326,6631,33464,169344
round_shots,100,100,100,100,100,100,100,100,100,100
round_queries,100,300,1100,4700,20300,97100,486900,2439100,12342900,62588300
round_k,0,1,5,23,101,485,2434,12195,61714,312941
round_shots,100,100,100,100,100,100,100,100,100,100
round_queries,100,300,1100,4100,19100,90500,437500,2205300,11157300,56465100
round_k,0,1,5,20,95,452,2187,11026,55786,282325
round_shots,200,100,100,100,100,100,100,100,100,100
round_queries,200,300,1100,5300,24700,117100,585300,2942700,14874700,75117300
round_k,0,1,5,26,123,585,2926,14713,74373,375586
round_shots,100,100,100,100,100,100,100,100,100,100
round_queries,100,300,1100,4500,20500,102500,510900,2538900,12821500,64922300
round_k,0,1,5,22,102,512,2554,12694,64107,324611
round_shots,200,100,100,100,100,100,100,100,100,100
round_queries,200,300,1100,4900,21300,101100,501700,2491700,12602900,63734700
round_k,0,1,5,24,106,505,2508,12458,63014,318673
round_shots,200,100,100,100,100,100,100,100,100,100
round_queries,200,300,1100,5100,23900,114700,567500,2819900,13899500,69955900
round_k,0,1,5,25,119,573,2837,14099,69497,349779
round_shots,100,100,100,100,100,100,100,100,100,100
round_queries,100,300,1100,3100,13100,60900,306900,1532100,7696900,38965100
round_k,0,1,5,15,65,304,1534,7660,38484,194825
round_shots,100,100,100,100,100,100,100,100,100
round_queries,100,300,1100,5500,26300,127300,635100,3216700,16288700
round_k,0,1,5,27,131,636,3175,16083,81443
round_shots,100,100,100,100,100,100,100,100,100
round_queries,100,300,1100,5500,26900,133300,667100,3356700,16975700
round_k,0,1,5,27,134,666,3335,16783,84878
round_shots,200,100,100,100,100,100,100,100,100,100
round_queries,200,300,1100,4700,21300,102100,490700,2472900,12504100,63432100
round_k,0,1,5,23,106,510,2453,12364,62520,317160
round_shots,200,100,100,100,100,100,100,100,100,100
round_queries,200,300,700,2900,13900,68900,344500,2084500,10485700,53065100
round_k,0,1,3,14,69,344,1722,10422,52428,265325
round_shots,100,100,100,100,100,100,100,100,100,100
round_queries,100,300,1100,4100,20500,100900,494700,2458900,12437300,62991500
round_k,0,1,5,20,102,504,2473,12294,62186,314957
round_shots,100,100,100,100,100,100,100,100,100,100
round_queries,100,300,1100,3700,15900,73900,366700,1935700,9814900,49706700
round_k,0,1,5,18,79,369,1833,9678,49074,248533
round_shots,100,100,100,100,100,100,100,100,100,100
round_queries,100,300,1100,4100,19100,92500,453900,2289700,11492900,57949100
round_k,0,1,5,20,95,462,2269,11448,57464,289745
round_shots,200,100,100,100,100,100,100,100,100,100
round_queries,200,300,1100,4100,19700,95500,482100,2408700,12213700,61998100
round_k,0,1,5,20,98,477,2410,12043,61068,309990
round_shots,200,100,100,100,100,100,100,100,100,100
round_queries,200,300,1100,4500,21900,105100,517700,2586700,13097900,66143900
round_k,0,1,5,22,109,525,2588,12933,65489,330719
round_shots,200,100,100,100,100,100,100,100,100,100
round_queries,200,300,1100,4500,20500,101700,499700,2505700,12666900,63995100
round_k,0,1,5,22,102,508,2498,12528,63334,319975
round_shots,200,100,100,100,100,100,100,100,100,100
round_queries,200,300,1100,3700,16700,84100,421300,2113900,10702700,54205300
round_k,0,1,5,18,83,420,2106,10569,53513,271026
round_shots,100,100,100,100,100,100,100,100,100,100
round_queries,100,300,700,2300,10100,49100,243100,1213100,6133700,30812900
round_k,0,1,3,11,50,245,1215,6065,30668,154064
round_shots,100,100,100,100,100,100,100,100,100,100
round_queries,100,300,1100,4100,18500,90300,443700,2219500,11175900,56532100
round_k,0,1,5,20,92,451,2218,11097,55879,282660
round_shots,100,100,100,100,100,100,100,100,100,100
round_queries,100,300,700,2300,10300,50500,249100,1236700,6236300,31613300
round_k,0,1,3,11,51,252,1245,6183,31181,158066
round_shots,100,100,100,100,100,100,100,100,100,100
round_queries,100,300,1500,5900,27100,124700,604500,3037100,15358900,77629100
round_k,0,1,7,29,135,623,3022,15185,76794,388145
round_shots,200,100,100,100,100,100,100,100,100
round_queries,200,500,2300,10500,52100,253100,1254900,6258100,31635700
round_k,0,2,11,52,260,1265,6274,31290,158178
round_shots,100,100,100,100,100,100,100,100,100,100
round_queries,100,300,1100,4500,22500,106300,532700,2700900,13625900,68764900
round_k,0,1,5,22,112,531,2663,13504,68129,343824
round_shots,200,100,100,100,100,100,100,100,100,100
round_queries,200,300,1100,4100,17700,86500,427300,2126300,10798500,54731500
round_k,0,1,5,20,88,432,2136,10631,53992,273657
round_shots,200,100,100,100,100,100,100,100,100,100
round_queries,200,300,1100,4900,20700,99700,500300,2529700,12805700,64669100
round_k,0,1,5,24,103,498,2501,12648,64028,323345
round_shots,100,100,100,100,100,100,100,100,100,100
round_queries,100,300,700,2300,10900,54100,262500,1307300,6592500,33247100
round_k,0,1,3,11,54,270,1312,6536,32962,166235
round_shots,200,100,100,100,100,100,100,100,100,100
round_queries,200,300,1100,4100,19300,96500,468100,2334900,11779500,59781300
round_k,0,1,5,20,96,482,2340,11674,58897,298906
round_shots,200,100,100,100,100,100,100,100,100,100
round_queries,200,300,1100,4900,21500,106300,526700,2654700,13319700,66915300
round_k,0,1,5,24,107,531,2633,13273,66598,334576
round_shots,200,100,100,100,100,100,100,100,100,100
round_queries,200,300,1100,5100,24900,121700,590100,2974900,14934700,75728900
round_k,0,1,5,25,124,608,2950,14874,74673,378644
round_shots,300,100,100,100,100,100,100,100,100
round_queries,300,500,1900,8500,42300,210100,1055300,5291500,26813100
round_k,0,2,9,42,211,1050,5276,26457,134065
round_shots,100,100,100,100,100,100,100,100,100,100
round_queries,100,300,700,2900,13500,64700,315300,1580500,7982500,40230700
round_k,0,1,3,14,67,323,1576,7902,39912,201153
round_shots,200,100,100,100,100,100,100,100,100,100
round_queries,200,300,700,1900,8500,42300,204900,1024100,5158700,26083700
round_k,0,1,3,9,42,211,1024,5120,25793,130418
round_shots,100,100,100,100,100,100,100,100,100
round_queries,100,300,1500,6700,30700,151500,750100,3776700,19139500
round_k,0,1,7,33,153,757,3750,18883,95697
round_shots,200,100,100,100,100,100,100,100,100,100
round_queries,200,300,1100,4100,17900,89900,445500,2250300,11333500,57409100
round_k,0,1,5,20,89,449,2227,11251,56667,287045
round_shots,100,100,100,100,100,100,100,100,100,100
round_queries,100,300,1100,5100,24500,119700,591700,2972700,15037700,76205300
round_k,0,1,5,25,122,598,2958,14863,75188,381026
round_shots,100,100,100,100,100,100,100,100,100,100
round_queries,100,300,700,2300,9700,45100,221100,1106100,5543900,28059500
round_k,0,1,3,11,48,225,1105,5530,27719,140297
round_shots,200,100,100,100,100,100,100,100,100,100
round_queries,200,300,1100,4900,22300,110700,553700,2767700,13984300,70969100
round_k,0,1,5,24,111,553,2768,13838,69921,354845
round_shots,100,100,100,100,100,100,100,100,100,100
round_queries,100,300,700,2900,12900,62500,307500,1525500,7651700,38382900
round_k,0,1,3,14,64,312,1537,7627,38258,191914
round_shots,100,100,100,100,100,100,100,100,100,100
round_queries,100,300,1100,4100,19500,97100,481300,2415700,12195900,61773100
round_k,0,1,5,20,97,485,2406,12078,60979,308865
round_shots,100,100,100,100,100,100,100,100,100,100
round_queries,100,300,1100,4900,22300,107300,531900,2668300,13465100,68290700
round_k,0,1,5,24,111,536,2659,13341,67325,341453
round_shots,100,200,100,100,100,100,100,100,100
round_queries,100,600,1900,7700,37900,188100,944900,4733900,23917500
round_k,0,1,9,38,189,940,4724,23669,119587
round_shots,100,100,100,100,100,100,100,100,100,100
round_queries,100,300,1100,4900,22500,110900,551300,2792700,14087900,71437700
round_k,0,1,5,24,112,554,2756,13963,70439,357188
round_shots,100,100,100,100,100,100,100,100,100,100
round_queries,100,300,1100,5100,24300,121300,610900,3077300,15375700,77942500
round_k,0,1,5,25,121,606,3054,15386,76878,389712
round_shots,200,100,100,100,100,100,100,100,100,100
round_queries,200,300,1100,4500,20900,100300,495300,2483100,12557500,63569700
round_k,0,1,5,22,104,501,2476,12415,62787,317848
round_shots,100,100,100,100,100,100,100,100,100,100
round_queries,100,300,700,2700,11100,51900,251500,1251700,6317900,31955700
round_k,0,1,3,13,55,259,1257,6258,31589,159778
round_shots,100,100,100,100,100,100,100,100,100,100
round_queries,100,300,700,2500,11300,54500,264700,1323100,6697900,33683700
round_k,0,1,3,12,56,272,1323,6615,33489,168418
round_shots,200,100,100,100,100,100,100,100,100,100
round_queries,200,300,1100,4100,19700,94900,472100,2381500,11969900,60575500
round_k,0,1,5,20,98,474,2360,11907,59849,302877
round_shots,200,100,100,100,100,100,100,100,100,100
round_queries,200,300,1100,4900,22700,110700,554900,2810300,14234500,72237300
round_k,0,1,5,24,113,553,2774,14051,71172,361186
round_shots,100,100,100,100,100,100,100,100,100,100
round_queries,100,300,1100,3100,14500,67300,340300,1711100,8594100,43589100
round_k,0,1,5,15,72,336,1701,8555,42970,217945
round_shots,200,100,100,100,100,100,100,100,100,100
round_queries,200,300,1100,4100,19500,88700,415700,1984100,9914900,50087700
round_k,0,1,5,20,97,443,2078,9920,49574,250438
round_shots,100,100,100,100,100,100,100,100,100,100
round_queries,100,300,1100,5500,25300,119100,583700,2951500,14929100,75795100
round_k,0,1,5,27,126,595,2918,14757,74645,378975
round_shots,100,100,100,100,100,100,100,100,100,100
round_queries,100,300,1100,5500,25900,118900,602100,3025100,15229700,77212500
round_k,0,1,5,27,129,594,3010,15125,76148,386062
round_shots,200,100,100,100,100,100,100,100,100,100
round_queries,200,300,1100,5500,25300,121300,597500,3005500,15195900,77140700
round_k,0,1,5,27,126,606,2987,15027,75979,385703
round_shots,100,100,100,100,100,100,100,100,100,100
round_queries,100,300,700,2300,10100,50100,245900,1225900,6187500,31139500
round_k,0,1,3,11,50,250,1229,6129,30937,155697
round_shots,200,100,100,100,100,100,100,100,100,100
round_queries,200,300,1100,4500,21100,103100,499500,2500700,12641300,63906700
round_k,0,1,5,22,105,515,2497,12503,63206,319533
round_shots,100,100,100,100,100,100,100,100,100,100
round_queries,100,300,1100,4100,16900,84300,410300,2061700,10352700,54999500
round_k,0,1,5,20,84,421,2051,10308,51763,274997
round_shots,200,100,100,100,100,100,100,100,100,100
round_queries,200,300,1100,4500,20900,100300,500300,2510900,12731900,63918900
round_k,0,1,5,22,104,501,2501,12554,63659,319594
round_shots,100,100,100,100,100,100,100,100,100,100
round_queries,100,300,1100,4900,21700,102100,508100,2529900,12771700,63984900
round_k,0,1,5,24,108,510,2540,12649,63858,319924
round_shots,200,100,100,100,100,100,100,100,100
round_queries,200,500,1500,7100,33100,161100,799100,4022900,20405300
round_k,0,2,7,35,165,805,3995,20114,102026
round_shots,100,100,100,100,100,100,100,100,100,100
round_queries,100,300,1100,4100,19700,91100,448500,2233700,11287700,57178100
round_k,0,1,5,20,98,455,2242,11168,56438,285890
round_shots,200,100,100,100,100,100,100,100,100
round_queries,200,500,1500,5700,27100,130500,645700,3256500,16488700
round_k,0,2,7,28,135,652,3228,16282,82443
round_shots,200,100,100,100,100,100,100,100,100,100
round_queries,200,300,1100,3700,16100,74500,362900,1833300,9155900,45968100
round_k,0,1,5,18,80,372,1814,9166,45779,229840
round_shots,100,100,100,100,100,100,100,100,100,100
round_queries,100,300,700,2900,13900,69700,347100,1730500,8750700,44265100
round_k,0,1,3,14,69,348,1735,8652,43753,221325
round_shots,200,100,100,100,100,100,100,100,100,100
round_queries,200,300,1100,4100,19100,95900,476100,2389500,12077100,61186300
round_k,0,1,5,20,95,479,2380,11947,60385,305931
round_shots,100,100,100,100,100,100,100,100,100,100
round_queries,100,300,700,3300,14500,69500,339700,1676900,8469100,42945700
round_k,0,1,3,16,72,347,1698,8384,42345,214728
round_shots,100,100,100,100,100,100,100,100,100
round_queries,100,300,1500,7300,36500,179300,895500,4513300,22808900
round_k,0,1,7,36,182,896,4477,22566,114044
round_shots,200,100,100,100,100,100,100,100,100,100
round_queries,200,300,1100,5100,24300,118700,600300,3019700,15320900,77540100
round_k,0,1,5,25,121,593,3001,15098,76604,387700
round_shots,100,100,100,100,100,100,100,100,100,100
round_queries,100,300,700,1900,8500,38900,201500,1009700,5090900,25660700
round_k,0,1,3,9,42,194,1007,5048,25454,128303
round_shots,200,100,100,100,100,100,100,100,100,100
round_queries,200,300,700,2900,13300,64700,321500,1620700,9854100,49534100
round_k,0,1,3,14,66,323,1607,8103,49270,247670
round_shots,200,100,100,100,100,100,100,100,100,100
round_queries,200,300,700,2300,11500,53900,265500,1327300,6709300,33937900
round_k,0,1,3,11,57,269,1327,6636,33546,169689
round_shots,100,100,100,100,100,100,100,100,100,100
round_queries,100,300,700,1900,7900,35100,172500,855300,4292500,21664500
round_k,0,1,3,9,39,175,862,4276,21462,108322
round_shots,100,100,100,100,100,100,100,100,100,100
round_queries,100,300,900,2700,10900,52900,254900,1265100,6350300,32043300
round_k,0,1,4,13,54,264,1274,6325,31751,160216
round_shots,100,100,100,100,100,100,100,100,100,100
round_queries,100,300,1100,4100,19300,91900,453300,2284300,11565900,58682300
round_k,0,1,5,20,96,459,2266,11421,57829,293411
round_shots,100,100,100,100,100,100,100,100,100
round_queries,100,300,1500,6900,32500,155500,748500,3768900,18886700
round_k,0,1,7,34,162,777,3742,18844,94433
round_shots,100,100,100,100,100,100,100,100,100,100
round_queries,100,300,700,2300,9300,45700,214700,1076100,5454500,27459700
round_k,0,1,3,11,46,228,1073,5380,27272,137298
round_shots,100,100,100,100,100,100,100,100,100,100
round_queries,100,300,1100,4900,21700,104500,518700,2622700,13288700,67065900
round_k,0,1,5,24,108,522,2593,13113,66443,335329
round_shots,200,100,100,100,100,100,100,100,100,100
round_queries,200,300,1100,4700,21500,104700,524300,2628900,13260100,66777700
round_k,0,1,5,23,107,523,2621,13144,66300,333888
round_shots,200,100,100,100,100,100,100,100,100
round_queries,200,300,1100,5300,25100,118300,592500,3594900,18213100
round_k,0,1,5,26,125,591,2962,17974,91065
round_shots,200,100,100,100,100,100,100,100,100,100
round_queries,200,300,1100,3700,17700,84500,421500,2126500,10766100,54551100
round_k,0,1,5,18,88,422,2107,10632,53830,272755
round_shots,100,100,100,100,100,100,100,100,100,100
round_queries,100,300,1100,4100,17700,86300,432100,2165700,10956900,55500100
round_k,0,1,5,20,88,431,2160,10828,54784,277500
round_shots,200,100,100,100,100,100,100,100,100,100
round_queries,200,300,1100,4700,20900,103500,514900,2602500,13160900,66769500
round_k,0,1,5,23,104,517,2574,13012,65804,333847
round_shots,200,100,100,100,100,100,100,100,100,100
round_queries,200,300,1100,3700,15500,72500,361500,1804900,9111300,46185100
round_k,0,1,5,18,77,362,1807,9024,45556,230925
round_shots,200,100,100,100,100,100,100,100,100,100
round_queries,200,300,1100,4900,21900,106300,532900,2643900,13367700,67755300
round_k,0,1,5,24,109,531,2664,13219,66838,338776
round_shots,100,100,100,100,100,100,100,100,100,100
round_queries,100,300,1100,4100,18700,91500,448700,2249500,11360300,57532300
round_k,0,1,5,20,93,457,2243,11247,56801,287661
round_shots,100,100,100,100,100,100,100,100,100,100
round_queries,100,300,1100,4500,21900,104900,518100,2604900,13154300,66089500
round_k,0,1,5,22,109,524,2590,13024,65771,330447
round_shots,200,100,100,100,100,100,100,100,100,100
round_queries,200,300,1100,4500,20900,97300,484700,2428700,12254900,62146100
round_k,0,1,5,22,104,486,2423,12143,61274,310730
round_shots,100,100,100,100,100,100,100,100,100,100
round_queries,100,300,900,2700,11900,54300,269300,1340300,6795100,34474300
round_k,0,1,4,13,59,271,1346,6701,33975,172371
round_shots,100,100,100,100,100,100,100,100,100,100
round_queries,100,300,700,3300,14100,69700,343900,1718700,8655500,43734700
round_k,0,1,3,16,70,348,1719,8593,43277,218673
round_shots,200,100,100,100,100,100,100,100,100,100
round_queries,200,300,700,2900,12300,61300,287900,1360700,6836300,34375500
round_k,0,1,3,14,61,306,1439,6803,34181,171877
round_shots,200,100,100,100,100,100,100,100,100,100
round_queries,200,300,1100,5100,24100,119300,579500,2900900,14592300,73599900
round_k,0,1,5,25,120,596,2897,14504,72961,367999
round_shots,200,100,100,100,100,100,100,100,100
round_queries,200,500,1900,7500,35900,177700,879700,4402700,22277300
round_k,0,2,9,37,179,888,4398,22013,111386
round_shots,100,100,100,100,100,100,100,100,100,100
round_queries,100,300,1100,4100,17500,86500,425900,2133700,10771500,54621300
round_k,0,1,5,20,87,432,2129,10668,53857,273106
round_shots,200,100,100,100,100,100,100,100,100
round_queries,200,700,1900,7900,39500,196900,984500,4950100,24961500
round_k,0,3,9,39,197,984,4922,24750,124807
round_shots,100,100,100,100,100,100,100,100,100,100
round_queries,100,300,1100,3700,15500,76300,377500,1870500,9415300,47567300
round_k,0,1,5,18,77,381,1887,9352,47076,237836
round_shots,200,100,100,100,100,100,100,100,100,100
round_queries,200,300,1100,4900,22100,106100,512500,2568100,12987300,65728300
round_k,0,1,5,24,110,530,2562,12840,64936,328641
round_shots,100,100,100,100,100,100,100,100,100,100
round_queries,100,300,1100,4100,19100,90100,437100,2135900,10624700,53878100
round_k,0,1,5,20,95,450,2185,10679,53123,269390
round_shots,300,100,100,100,100,100,100,100,100
round_queries,300,500,1500,6300,29100,143900,707700,3545500,17877100
round_k,0,2,7,31,145,719,3538,17727,89385
round_shots,100,100,100,100,100,100,100,100,100,100
round_queries,100,300,1100,4100,19100,90300,449500,2243100,11341300,57598700
round_k,0,1,5,20,95,451,2247,11215,56706,287993
round_shots,100,100,100,100,100,100,100,100,100,100
round_queries,100,300,1100,4700,22100,105700,522700,2619700,13276300,67162700
round_k,0,1,5,23,110,528,2613,13098,66381,335813
round_shots,200,100,100,100,100,100,100,100,100,100
round_queries,200,300,1100,4700,22700,113500,556300,2818300,14170100,71959700
round_k,0,1,5,23,113,567,2781,14091,70850,359798
round_shots,200,100,100,100,100,100,100,100,100,100
round_queries,200,300,1100,3700,16100,75700,374100,1871300,9412900,47665900
round_k,0,1,5,18,80,378,1870,9356,47064,238329
round_shots,200,100,100,100,100,100,100,100,100,100
round_queries,200,300,1100,5100,23500,120100,584100,2933700,14858700,75292900
round_k,0,1,5,25,117,600,2920,14668,74293,376464
round_shots,300,100,100,100,100,100,100,100,100
round_queries,300,500,1900,7900,37500,177500,860900,4307500,21741300
round_k,0,2,9,39,187,887,4304,21537,108706
round_shots,200,100,100,100,100,100,100,100,100,100
round_queries,200,300,1100,4500,22300,109700,548500,2748300,13879500,70309700
round_k,0,1,5,22,111,548,2742,13741,69397,351548
round_shots,200,100,100,100,100,100,100,100,100
round_queries,200,300,1100,4900,24300,121900,614300,3096500,15553500
round_k,0,1,5,24,121,609,3071,15482,77767
round_shots,100,100,100,100,100,100,100,100,100,100
round_queries,100,300,1100,4700,20500,96900,484900,2446500,12369900,62519100
round_k,0,1,5,23,102,484,2424,12232,61849,312595
round_shots,100,100,100,100,100,100,100,100,100,100
round_queries,100,300,700,2300,9300,44900,221500,1106700,5557500,28161300
round_k,0,1,3,11,46,224,1107,5533,27787,140806
round_shots,200,100,100,100,100,100,100,100,100,100
round_queries,200,300,1100,4900,22100,106100,528100,2648700,13369700,67125700
round_k,0,1,5,24,110,530,2640,13243,66848,335628
round_shots,200,100,100,100,100,100,100,100,100,100
round_queries,200,300,1100,4500,20900,98100,481500,2417100,12196700,61707700
round_k,0,1,5,22,104,490,2407,12085,60983,308538
round_shots,300,100,100,100,100,100,100,100,100,100
round_queries,300,300,700,3300,14500,72500,362500,1818900,9204700,46638100
round_k,0,1,3,16,72,362,1812,9094,46023,233190
round_shots,100,100,100,100,100,100,100,100,100,100
round_queries,100,300,1100,5100,24700,120700,602500,2992100,15157100,76325500
round_k,0,1,5,25,123,603,3012,14960,75785,381627
round_shots,200,100,100,100,100,100,100,100,100,100
round_queries,200,300,1100,3700,15900,75900,377100,2283500,11460900,58060700
round_k,0,1,5,18,79,379,1885,11417,57304,290303
round_shots,100,100,100,100,100,100,100,100,100,100
round_queries,100,300,1100,4100,17500,81900,405500,2053300,10363100,52468500
round_k,0,1,5,20,87,409,2027,10266,51815,262342
round_shots,100,100,100,100,100,100,100,100,100,100
round_queries,100,300,1100,4900,22700,112300,565300,2820700,14260100,71943900
round_k,0,1,5,24,113,561,2826,14103,71300,359719
round_shots,100,100,100,100,100,100,100,100,100,100
round_queries,100,300,700,2300,11100,54100,264100,1323300,6694300,33830300
round_k,0,1,3,11,55,270,1320,6616,33471,169151
round_shots,100,100,100,100,100,100,100,100,100,100
round_queries,100,300,1100,4500,20700,99900,492700,2465300,12460300,62925100
round_k,0,1,5,22,103,499,2463,12326,62301,314625
round_shots,200,100,100,100,100,100,100,100,100,100
round_queries,200,300,1100,3700,18500,90300,451900,2272700,11408500,57711100
round_k,0,1,5,18,92,451,2259,11363,57042,288555
round_shots,200,100,100,100,100,100,100,100,100,100
round_queries,200,300,1100,4100,19100,94500,471300,2373500,11924500,59877100
round_k,0,1,5,20,95,472,2356,11867,59622,299385
round_shots,100,100,100,100,100,100,100,100,100,100
round_queries,100,300,1100,4500,21300,103100,521300,2641100,13354300,67531900
round_k,0,1,5,22,106,515,2606,13205,66771,337659
round_shots,100,100,100,100,100,100,100,100,100,100
round_queries,100,300,1100,5100,23100,111900,553500,2770500,13955900,70503100
round_k,0,1,5,25,115,559,2767,13852,69779,352515
round_shots,100,100,100,100,100,100,100,100,100
round_queries,100,300,1500,5700,27900,132300,642500,3248500,16404900
round_k,0,1,7,28,139,661,3212,16242,82024
round_shots,200,100,100,100,100,100,100,100,100,100
round_queries,200,300,1100,3100,12900,61700,292700,1421300,7175700,36375100
round_k,0,1,5,15,64,308,1463,7106,35878,181875
round_shots,200,100,100,100,100,100,100,100,100,100
round_queries,200,300,1100,4900,21500,106100,518300,2626700,13132500,66525700
round_k,0,1,5,24,107,530,2591,13133,65662,332628
round_shots,200,100,100,100,100,100,100,100,100,100
round_queries,200,300,1100,4900,22100,107900,540500,2724500,13769700,69576700
round_k,0,1,5,24,110,539,2702,13622,68848,347883
round_shots,200,100,100,100,100,100,100,100,100,100
round_queries,200,300,700,3300,14100,65900,332300,1664700,8383300,42518900
round_k,0,1,3,16,70,329,1661,8323,41916,212594
round_shots,200,100,100,100,100,100,100,100,100,100
round_queries,200,300,1100,3100,14300,71500,355500,1795300,9061500,45966900
round_k,0,1,5,15,71,357,1777,8976,45307,229834
round_shots,200,100,100,100,100,100,100,100,100
round_queries,200,300,1100,5500,26900,131100,650900,3278100,16545900
round_k,0,1,5,27,134,655,3254,16390,82729
round_shots,100,100,100,100,100,100,100,100,100
round_queries,100,500,1500,7500,35900,172300,846700,4227500,21154300
round_k,0,2,7,37,179,861,4233,21137,105771
round_shots,200,100,100,100,100,100,100,100,100,100
round_queries,200,300,1100,4500,19900,93100,469100,2372500,12039300,61020900
round_k,0,1,5,22,99,465,2345,11862,60196,305104
round_shots,200,100,100,100,100,100,100,100,100,100
round_queries,200,300,1100,4500,21300,105100,525500,2640700,13312300,67423300
round_k,0,1,5,22,106,525,2627,13203,66561,337116
round_shots,200,100,100,100,100,100,100,100,100,100
round_queries,200,300,1100,4900,22100,107900,536700,2708500,13584500,68082900
round_k,0,1,5,24,110,539,2683,13542,67922,340414
round_shots,100,100,100,100,100,100,100,100,100,100
round_queries,100,300,700,2900,14100,66900,334500,1669500,8452500,42639100
round_k,0,1,3,14,70,334,1672,8347,42262,213195
round_shots,300,100,100,100,100,100,100,100,100,100
round_queries,300,300,1100,4700,22300,102500,515900,2594900,13141900,66545500
round_k,0,1,5,23,111,512,2579,12974,65709,332727
round_shots,200,100,100,100,100,100,100,100,100
round_queries,200,500,2300,8900,40700,194300,968700,4882500,24646900
round_k,0,2,11,44,203,971,4843,24412,123234
round_shots,200,100,100,100,100,100,100,100,100,100
round_queries,200,300,700,1900,7900,37700,185700,922700,4648500,23456900
round_k,0,1,3,9,39,188,928,4613,23242,117284
round_shots,200,100,100,100,100,100,100,100,100,100
round_queries,200,300,1100,4100,19100,87900,434300,2170500,10932100,55253300
round_k,0,1,5,20,95,439,2171,10852,54660,276266
round_shots,100,100,100,100,100,100,100,100,100,100
round_queries,100,300,1100,4500,19700,97300,487700,2452100,12360500,62517100
round_k,0,1,5,22,98,486,2438,12260,61802,312585
round_shots,100,100,100,100,100,100,100,100,100,100
round_queries,100,300,700,2300,9100,45700,216700,1078900,5454900,27657700
round_k,0,1,3,11,45,228,1083,5394,27274,138288
round_shots,100,100,100,100,100,100,100,100,100,100
round_queries,100,300,1100,3700,18100,85700,424900,2130300,10793700,54741300
round_k,0,1,5,18,90,428,2124,10651,53968,273706
round_shots,100,100,100,100,100,100,100,100,100,100
round_queries,100,300,1100,4700,20300,96300,483500,2425900,12232500,61991900
round_k,0,1,5,23,101,481,2417,12129,61162,309959
round_shots,200,100,100,100,100,100,100,100,100
round_queries,200,300,1500,6900,33100,165700,833300,4188500,21247100
round_k,0,1,7,34,165,828,4166,20942,106235
round_shots,100,100,100,100,100,100,100,100,100,100
round_queries,100,300,700,2900,12900,61700,308900,1534700,7715300,39084700
round_k,0,1,3,14,64,308,1544,7673,38576,195423
round_shots,200,100,100,100,100,100,100,100,100,100
round_queries,200,300,1100,5500,25300,118500,590700,2936900,14886900,74989500
round_k,0,1,5,27,126,592,2953,14684,74434,374947
round_shots,100,100,100,100,100,100,100,100,100,100
round_queries,100,300,1100,4100,18300,89100,438100,2192900,11064100,56067300
round_k,0,1,5,20,91,445,2190,10964,55320,280336
round_shots,200,100,100,100,100,100,100,100,100,100
round_queries,200,300,1100,4700,20900,97100,479700,2408700,12173300,61473500
round_k,0,1,5,23,104,485,2398,12043,60866,307367
round_shots,100,100,100,100,100,100,100,100,100,100
round_queries,100,300,700,1900,8700,40700,193300,962500,4849100,24539100
round_k,0,1,3,9,43,203,966,4812,24245,122695
round_shots,200,100,100,100,100,100,100,100,100,100
round_queries,200,300,1100,3700,17100,84700,405900,2032100,10264100,52036300
round_k,0,1,5,18,85,423,2029,10160,51320,260181
round_shots,200,100,100,100,100,100,100,100,100,100
round_queries,200,300,1100,4100,18500,90100,444100,2215300,11172100,56648300
round_k,0,1,5,20,92,450,2220,11076,55860,283241
round_shots,200,100,100,100,100,100,100,100,100
round_queries,200,500,1900,8900,39900,196700,979500,4890300,24781700
round_k,0,2,9,44,199,983,4897,24451,123908
round_shots,200,100,100,100,100,100,100,100,100
round_queries,200,300,1100,5300,26500,125700,620700,3099900,15658900
round_k,0,1,5,26,132,628,3103,15499,78294
round_shots,100,100,100,100,100,100,100,100,100,100
round_queries,100,300,700,2900,13700,64300,317300,1586900,8034700,40750100
round_k,0,1,3,14,68,321,1586,7934,40173,203750
round_shots,200,100,100,100,100,100,100,100,100,100
round_queries,200,300,1100,4100,19100,92100,463100,2334300,11777900,59816300
round_k,0,1,5,20,95,460,2315,11671,58889,299081
round_shots,100,100,100,100,100,100,100,100,100,100
round_queries,100,300,1100,4100,18700,85700,431900,2163700,10873500,55129500
round_k,0,1,5,20,93,428,2159,10818,54367,275647
round_shots,100,100,100,100,100,100,100,100,100,100
round_queries,100,300,1100,4500,22500,109100,547500,2757300,13913300,70301500
round_k,0,1,5,22,112,545,2737,13786,69566,351507
round_shots,200,100,100,100,100,100,100,100,100,100
round_queries,200,300,700,2300,10900,51700,258500,1292500,6518700,32772700
round_k,0,1,3,11,54,258,1292,6462,32593,163863
round_shots,200,100,100,100,100,100,100,100,100
round_queries,200,500,1900,7500,36300,175700,872100,4381900,22176300
round_k,0,2,9,37,181,878,4360,21909,110881
round_shots,300,100,100,100,100,100,100,100,100
round_queries,300,500,1900,8300,39900,195100,979900,4977300,25229700
round_k,0,2,9,41,199,975,4899,24886,126148
round_shots,300,100,100,100,100,100,100,100,100
round_queries,300,500,1500,6900,31700,155100,765700,3871100,19529900
round_k,0,2,7,34,158,775,3828,19355,97649
round_shots,200,100,100,100,100,100,100,100,100,100
round_queries,200,300,700,2300,10300,47500,234300,1165100,5812900,29417500
round_k,0,1,3,11,51,237,1171,5825,29064,147087
round_shots,100,100,100,100,100,100,100,100,100,100
round_queries,100,300,700,2900,11900,55100,269100,1352100,6851500,34731700
round_k,0,1,3,14,59,275,1345,6760,34257,173658
round_shots,100,100,100,100,100,100,100,100,100,100
round_queries,100,300,1100,4900,22100,106500,512900,2561700,12909100,65279300
round_k,0,1,5,24,110,532,2564,12808,64545,326396
round_shots,100,100,100,100,100,100,100,100,100,100
round_queries,100,300,1100,3700,17100,83900,410300,2065700,10450100,53082100
round_k,0,1,5,18,85,419,2051,10328,52250,265410
round_shots,100,100,100,100,100,100,100,100,100,100
round_queries,100,300,700,1900,7100,32100,157100,791300,4000700,20158700
round_k,0,1,3,9,35,160,785,3956,20003,100793
round_shots,100,100,100,100,100,100,100,100,100
round_queries,100,300,1500,5900,27300,131500,646700,3249700,16392500
round_k,0,1,7,29,136,657,3233,16248,81962
round_shots,200,100,100,100,100,100,100,100,100,100
round_queries,200,300,1100,5100,23300,115900,578500,2913900,14548900,73684500
round_k,0,1,5,25,116,579,2892,14569,72744,368422
round_shots,200,100,100,100,100,100,100,100,100
round_queries,200,700,1900,8500,40500,198300,989900,4997700,25245100
round_k,0,3,9,42,202,991,4949,24988,126225
round_shots,100,100,100,100,100,100,100,100,100,100
round_queries,100,300,1100,4100,19100,93300,460500,2287100,11429900,57655300
round_k,0,1,5,20,95,466,2302,11435,57149,288276
round_shots,300,100,100,100,100,100,100,100,100,100
round_queries,300,300,1100,4500,22300,103100,510900,2570500,12991100,65853700
round_k,0,1,5,22,111,515,2554,12852,64955,329268
round_shots,300,100,100,100,100,100,100,100,100,100
round_queries,300,300,1100,4900,22700,109100,539700,2698500,13678300,69399700
round_k,0,1,5,24,113,545,2698,13492,68391,346998
round_shots,200,100,100,100,100,100,100,100,100,100
round_queries,200,300,1100,4700,21700,105100,523500,2634100,13198700,66342700
round_k,0,1,5,23,108,525,2617,13170,65993,331713
round_shots,100,100,100,100,100,100,100,100,100,100
round_queries,100,300,1100,4300,19300,91100,453700,2285100,11500500,58359300
round_k,0,1,5,21,96,455,2268,11425,57502,291796
round_shots,100,100,100,100,100,100,100,100,100,100
round_queries,100,300,700,2300,9100,44500,219300,1087300,5440100,27486900
round_k,0,1,3,11,45,222,1096,5436,27200,137434
round_shots,200,100,100,100,100,100,100,100,100,100
round_queries,200,300,1100,4500,20100,96300,485100,2425700,12260300,62093700
round_k,0,1,5,22,100,481,2425,12128,61301,310468
round_shots,100,100,100,100,100,100,100,100,100,100
round_queries,100,300,1100,3500,15100,73900,361500,1798900,9051100,45963700
round_k,0,1,5,17,75,369,1807,8994,45255,229818
round_shots,100,100,100,100,100,100,100,100,100,100
round_queries,100,300,1100,5300,24100,112900,548500,2724100,13811100,70008700
round_k,0,1,5,26,120,564,2742,13620,69055,350043
round_shots,100,100,100,100,100,100,100,100,100,100
round_queries,100,300,1100,3700,16100,80500,407100,2057900,10439700,52712700
round_k,0,1,5,18,80,402,2035,10289,52198,263563
round_shots,100,100,100,100,100,100,100,100,100,100
round_queries,100,300,1100,3700,17700,82500,417500,2068500,10452900,52853500
round_k,0,1,5,18,88,412,2087,10342,52264,264267
round_shots,100,100,100,100,100,100,100,100,100,100
round_queries,100,300,1100,4500,20700,101300,505700,2524900,12772900,64671300
round_k,0,1,5,22,103,506,2528,12624,63864,323356
round_shots,100,100,100,100,100,100,100,100,100
round_queries,100,300,1500,6700,31900,157500,791900,3996900,20226100
round_k,0,1,7,33,159,787,3959,19984,101130
round_shots,100,100,100,100,100,100,100,100,100,100
round_queries,100,300,1100,3500,16900,81900,408100,2062100,10440300,52730900
round_k,0,1,5,17,84,409,2040,10310,52201,263654
round_shots,100,100,100,100,100,100,100,100,100,100
round_queries,100,300,1100,5500,24900,119900,594500,2983700,15032900,76029700
round_k,0,1,5,27,124,599,2972,14918,75164,380148
round_shots,300,100,100,100,100,100,100,100,100,100
round_queries,300,300,700,2700,13500,63500,310300,1570500,7922100,40150700
round_k,0,1,3,13,67,317,1551,7852,39610,200753
round_shots,100,100,100,100,100,100,100,100,100,100
round_queries,100,300,1100,4700,20300,100100,502500,2515700,12750300,64457700
round_k,0,1,5,23,101,500,2512,12578,63751,322288
round_shots,100,100,100,100,100,100,100,100,100
round_queries,100,300,1100,5500,25900,126900,625100,3137700,15850300
round_k,0,1,5,27,129,634,3125,15688,79251
round_shots,200,100,100,100,100,100,100,100,100,100
round_queries,200,300,1100,4500,20100,95900,468100,2361700,11892100,60134700
round_k,0,1,5,22,100,479,2340,11808,59460,300673
round_shots,200,100,100,100,100,100,100,100,100,100
round_queries,200,300,1100,4900,23300,112500,542900,2669300,13437700,67494900
round_k,0,1,5,24,116,562,2714,13346,67188,337474
round_shots,100,100,100,100,100,100,100,100,100,100
round_queries,100,300,700,1900,8500,40700,202700,945100,4656700,28389500
round_k,0,1,3,9,42,203,1013,4725,23283,141947
round_shots,100,100,100,100,100,100,100,100,100
round_queries,100,300,1500,6300,27300,134100,663900,3326700,16841100
round_k,0,1,7,31,136,670,3319,16633,84205
round_shots,200,100,100,100,100,100,100,100,100,100
round_queries,200,300,1100,5100,23700,115300,572700,2860100,14448500,73273500
round_k,0,1,5,25,118,576,2863,14300,72242,366367
round_shots,100,100,100,100,100,100,100,100,100,100
round_queries,100,300,1100,4100,19100,92500,462100,2316900,11723900,59377300
round_k,0,1,5,20,95,462,2310,11584,58619,296886
round_shots,100,100,100,100,100,100,100,100,100,100
round_queries,100,300,1100,4700,20100,100900,502700,2532500,12815900,64938900
round_k,0,1,5,23,100,504,2513,12662,64079,324694
round_shots,100,100,100,100,100,100,100,100,100,100
round_queries,100,300,700,2900,12300,57500,286500,1421700,7194100,36436500
round_k,0,1,3,14,61,287,1432,7108,35970,182182
round_shots,100,100,100,100,100,100,100,100,100,100
round_queries,100,300,1100,4100,17700,85500,422300,2128100,10779500,54599700
round_k,0,1,5,20,88,427,2111,10640,53897,272998
round_shots,100,100,100,100,100,100,100,100,100,100
round_queries,100,300,1100,4100,19900,100500,496700,2494500,12628500,63966500
round_k,0,1,5,20,99,502,2483,12472,63142,319832
round_shots,200,100,100,100,100,100,100,100,100,100
round_queries,200,300,700,1900,7500,34100,169900,856900,4300700,21644700
round_k,0,1,3,9,37,170,849,4284,21503,108223
round_shots,200,100,100,100,100,100,100,100,100,100
round_queries,200,300,1100,4100,18900,93900,467700,2344900,11867900,60133900
round_k,0,1,5,20,94,469,2338,11724,59339,300669
round_shots,200,100,100,100,100,100,100,100,100,100
round_queries,200,300,1100,4700,20500,98500,490500,2457300,12360700,62537500
round_k,0,1,5,23,102,492,2452,12286,61803,312687
round_shots,100,100,100,100,100,100,100,100,100,100
round_queries,100,300,1100,4500,21300,103900,514900,2589900,13125500,66573100
round_k,0,1,5,22,106,519,2574,12949,65627,332865
round_shots,100,100,100,100,100,100,100,100,100,100
round_queries,100,300,1100,4100,18100,89300,450500,2255900,11372900,57642300
round_k,0,1,5,20,90,446,2252,11279,56864,288211
round_shots,200,100,100,100,100,100,100,100,100
round_queries,200,300,1500,6900,31100,151900,762300,3836700,19334300
round_k,0,1,7,34,155,759,3811,19183,96671
round_shots,100,100,100,100,100,100,100,100,100,100
round_queries,100,300,1100,4300,20100,93100,455700,2299700,11648300,58812900
round_k,0,1,5,21,100,465,2278,11498,58241,294064
round_shots,100,100,100,100,100,100,100,100,100,100
round_queries,100,300,1100,3100,13300,64900,317500,1569700,7916900,40168300
round_k,0,1,5,15,66,324,1587,7848,39584,200841
round_shots,200,100,100,100,100,100,100,100,100,100
round_queries,200,300,700,2500,12100,60900,286100,1411100,7123500,35921900
round_k,0,1,3,12,60,304,1430,7055,35617,179609
round_shots,200,100,100,100,100,100,100,100,100,100
round_queries,200,300,1100,4500,20900,101500,506300,2679300,13552900,68690300
round_k,0,1,5,22,104,507,2531,13396,67764,343451
round_shots,100,100,100,100,100,100,100,100,100
round_queries,100,300,1500,6700,31900,159900,806500,4053700,20485700
round_k,0,1,7,33,159,799,4032,20268,102428
round_shots,200,100,100,100,100,100,100,100,100,100
round_queries,200,300,1100,4100,18900,90100,447700,2234300,11289300,57158300
round_k,0,1,5,20,94,450,2238,11171,56446,285791
round_shots,100,100,100,100,100,100,100,100,100
round_queries,100,300,1500,5900,27300,130700,650500,3274900,16695700
round_k,0,1,7,29,136,653,3252,16374,83478
round_shots,100,100,100,100,100,100,100,100,100,100
round_queries,100,300,1100,4700,21300,106100,510500,2552900,12916300,65459500
round_k,0,1,5,23,106,530,2552,12764,64581,327297
round_shots,100,100,100,100,100,100,100,100,100,100
round_queries,100,300,1100,3700,16500,82300,412100,2063700,10421900,52526500
round_k,0,1,5,18,82,411,2060,10318,52109,262632
round_shots,200,100,100,100,100,100,100,100,100,100
round_queries,200,300,1100,4100,19500,95100,480900,2423700,12242300,61451900
round_k,0,1,5,20,97,475,2404,12118,61211,307259
round_shots,100,100,100,100,100,100,100,100,100
round_queries,100,300,1100,5500,25700,124700,601300,3008700,15145500
round_k,0,1,5,27,128,623,3006,15043,75727
round_shots,200,100,100,100,100,100,100,100,100,100
round_queries,200,300,1100,4500,20700,101300,495900,2498300,12625300,63973700
round_k,0,1,5,22,103,506,2479,12491,63126,319868
round_shots,200,100,100,100,100,100,100,100,100,100
round_queries,200,300,700,3300,14300,69100,341700,1685300,8319100,41495500
round_k,0,1,3,16,71,345,1708,8426,41595,207477
round_shots,200,100,100,100,100,100,100,100,100,100
round_queries,200,300,1100,5100,23500,108500,533100,2632700,13332300,67654900
round_k,0,1,5,25,117,542,2665,13163,66661,338274
round_shots,100,100,100,100,100,100,100,100,100,100
round_queries,100,300,1100,4100,18300,91500,459500,2314100,11713500,59319500
round_k,0,1,5,20,91,457,2297,11570,58567,296597
round_shots,200,100,100,100,100,100,100,100,100,100
round_queries,200,300,1100,3700,16100,77300,383100,1937100,9783700,49552500
round_k,0,1,5,18,80,386,1915,9685,48918,247762
round_shots,200,100,100,100,100,100,100,100,100
round_queries,200,500,1900,8500,38500,192300,963300,4856900,24583100
round_k,0,2,9,42,192,961,4816,24284,122915
round_shots,200,100,100,100,100,100,100,100,100,100
round_queries,200,300,700,2900,12500,57700,280900,1399300,7054500,35743900
round_k,0,1,3,14,62,288,1404,6996,35272,178719
round_shots,200,200,100,100,100,100,100,100,100
round_queries,200,600,1500,7100,34900,169900,855100,4291700,21773700
round_k,0,1,7,35,174,849,4275,21458,108868
round_shots,100,100,100,100,100,100,100,100,100,100
round_queries,100,300,700,3100,13300,63500,311300,1571300,7937500,40141700
round_k,0,1,3,15,66,317,1556,7856,39687,200708
round_shots,100,100,100,100,100,100,100,100,100,100
round_queries,100,300,700,2300,10100,50100,240100,1194900,6059900,30537700
round_k,0,1,3,11,50,250,1200,5974,30299,152688
round_shots,200,100,100,100,100,100,100,100,100,100
round_queries,200,300,1100,4300,20300,97900,467900,2365500,11910100,60351100
round_k,0,1,5,21,101,489,2339,11827,59550,301755
round_shots,100,100,100,100,100,100,100,100,100,100
round_queries,100,300,1100,4100,18100,87100,424500,2119100,10643100,53875100
round_k,0,1,5,20,90,435,2122,10595,53215,269375
round_shots,100,100,100,100,100,100,100,100,100,100
round_queries,100,300,1100,5100,22300,106100,530500,2674100,13416700,67648700
round_k,0,1,5,25,111,530,2652,13370,67083,338243
round_shots,200,100,100,100,100,100,100,100,100,100
round_queries,200,300,1100,3700,16100,80300,401100,2019700,10231700,51891100
round_k,0,1,5,18,80,401,2005,10098,51158,259455
round_shots,200,100,100,100,100,100,100,100,100
round_queries,200,300,1500,5900,26500,124700,622100,3132100,15882900
round_k,0,1,7,29,132,623,3110,15660,79414
round_shots,200,100,100,100,100,100,100,100,100
round_queries,200,300,1500,5900,28700,140900,704500,3547700,17936500
round_k,0,1,7,29,143,704,3522,17738,89682
round_shots,200,100,100,100,100,100,100,100,100,100
round_queries,200,300,1100,4300,19700,92900,460500,2328700,11782100,59580300
round_k,0,1,5,21,98,464,2302,11643,58910,297901
round_shots,200,100,100,100,100,100,100,100,100,100
round_queries,200,300,1100,5500,23900,112900,569900,2852300,14447300,73287500
round_k,0,1,5,27,119,564,2849,14261,72236,366437
round_shots,100,100,100,100,100,100,100,100,100,100
round_queries,100,300,1100,3700,16500,78500,392500,1978700,10007500,50766500
round_k,0,1,5,18,82,392,1962,9893,50037,253832
round_shots,100,100,100,100,100,100,100,100,100,100
round_queries,100,300,1100,4300,18500,91700,451500,2282500,11534500,57822900
round_k,0,1,5,21,92,458,2257,11412,57672,289114
round_shots,100,100,100,100,100,100,100,100,100,100
round_queries,100,300,1100,3500,15900,75100,375100,1874300,9382300,47551700
round_k,0,1,5,17,79,375,1875,9371,46911,237758
round_shots,200,100,100,100,100,100,100,100,100,100
round_queries,200,300,1100,4100,18100,86300,432700,2185900,11044300,55889500
round_k,0,1,5,20,90,431,2163,10929,55221,279447
round_shots,100,100,100,100,100,100,100,100,100,100
round_queries,100,300,700,2700,13300,61100,301500,1503900,7574700,38236100
round_k,0,1,3,13,66,305,1507,7519,37873,191180
round_shots,100,100,100,100,100,100,100,100,100
round_queries,100,300,1500,6700,32900,160100,804900,4072500,20638300
round_k,0,1,7,33,164,800,4024,20362,103191
round_shots,200,100,100,100,100,100,100,100,100,100
round_queries,200,300,1100,3700,15900,73300,360300,1810900,9173100,46297300
round_k,0,1,5,18,79,366,1801,9054,45865,231486
round_shots,100,100,100,100,100,100,100,100,100,100
round_queries,100,300,1100,4900,23700,114500,568700,2872900,14505300,74040300
round_k,0,1,5,24,118,572,2843,14364,72526,370201
round_shots,200,100,100,100,100,100,100,100,100,100
round_queries,200,300,1100,4500,20300,96300,472300,2366300,11837300,59605900
round_k,0,1,5,22,101,481,2361,11831,59186,298029
round_shots,100,100,100,100,100,100,100,100,100,100
round_queries,100,300,1100,4900,21300,101300,482300,2425900,12255500,62187700
round_k,0,1,5,24,106,506,2411,12129,61277,310938
round_shots,200,100,100,100,100,100,100,100,100,100
round_queries,200,300,1100,5100,24700,119700,606900,3047700,15364100,77909100
round_k,0,1,5,25,123,598,3034,15238,76820,389545
round_shots,200,100,100,100,100,100,100,100,100
round_queries,200,500,1900,7900,36900,180900,887900,4478900,27323700
round_k,0,2,9,39,184,904,4439,22394,136618
round_shots,200,100,100,100,100,100,100,100,100
round_queries,200,500,1900,8300,38500,189900,940300,4727300,23978700
round_k,0,2,9,41,192,949,4701,23636,119893
round_shots,100,100,100,100,100,100,100,100,100,100
round_queries,100,300,1100,3700,17500,84900,420100,2097500,10552900,52881900
round_k,0,1,5,18,87,424,2100,10487,52764,264409
round_shots,100,100,100,100,100,100,100,100,100,100
round_queries,100,300,700,2300,10300,49900,243500,1209500,6115700,30992100
round_k,0,1,3,11,51,249,1217,6047,30578,154960
round_shots,100,100,100,100,100,100,100,100,100,100
round_queries,100,300,700,1900,7900,36900,183100,915500,4617300,23395100
round_k,0,1,3,9,39,184,915,4577,23086,116975
round_shots,100,100,100,100,100,100,100,100,100,100
round_queries,100,300,700,2500,10500,49900,247300,1229100,6177100,31294700
round_k,0,1,3,12,52,249,1236,6145,30885,156473
round_shots,100,100,100,100,100,100,100,100,100
round_queries,100,300,1500,6500,29900,142500,717700,3620700,18377100
round_k,0,1,7,32,149,712,3588,18103,91885
round_shots,200,100,100,100,100,100,100,100,100,100
round_queries,200,300,1100,4500,19500,93700,467900,2351900,11929900,60469100
round_k,0,1,5,22,97,468,2339,11759,59649,302345
round_shots,200,100,100,100,100,100,100,100,100,100
round_queries,200,300,1100,4100,18500,92100,450700,2252900,11407500,57813500
round_k,0,1,5,20,92,460,2253,11264,57037,289067
round_shots,100,100,100,100,100,100,100,100,100,100
round_queries,100,300,700,1900,7500,37500,187100,930100,4692700,23738300
round_k,0,1,3,9,37,187,935,4650,23463,118691
round_shots,100,100,100,100,100,100,100,100,100
round_queries,100,300,1500,5500,25500,125500,630700,3159500,16028300
round_k,0,1,7,27,127,627,3153,15797,80141
round_shots,100,100,100,100,100,100,100,100,100,100
round_queries,100,300,1100,4100,17700,84100,412500,2084300,10505500,53003300
round_k,0,1,5,20,88,420,2062,10421,52527,265016
round_shots,100,100,100,100,100,100,100,100,100,100
round_queries,100,300,1100,5100,23500,111300,552300,2786900,14070700,71280300
round_k,0,1,5,25,117,556,2761,13934,70353,356401
round_shots,100,100,100,100,100,100,100,100,100,100
round_queries,100,300,1100,3700,17300,81100,398300,2005300,10084300,50905900
round_k,0,1,5,18,86,405,1991,10026,50421,254529
round_shots,100,100,100,100,100,100,100,100,100,100
round_queries,100,300,1100,4700,23300,116500,573700,2875500,14578300,73888500
round_k,0,1,5,23,116,582,2868,14377,72891,369442
round_shots,200,100,100,100,100,100,100,100,100,100
round_queries,200,300,700,1900,8700,40100,196700,979500,4945300,24901900
round_k,0,1,3,9,43,200,983,4897,24726,124509
round_shots,200,100,100,100,100,100,100,100,100
round_queries,200,700,1900,8500,41500,203300,1012500,5107900,25862100
round_k,0,3,9,42,207,1016,5062,25539,129310
round_shots,200,100,100,100,100,100,100,100,100,100
round_queries,200,300,700,2300,10100,50300,247500,1216900,6071700,30754900
round_k,0,1,3,11,50,251,1237,6084,30358,153774
round_shots,100,100,100,100,100,100,100,100,100,100
round_queries,100,300,700,3300,13500,67500,326500,1635700,8293300,42007500
round_k,0,1,3,16,67,337,1632,8178,41466,210037
round_shots,200,100,100,100,100,100,100,100,100,100
round_queries,200,300,700,2700,12100,59300,295500,1435300,7227900,36448500
round_k,0,1,3,13,60,296,1477,7176,36139,182242
round_shots,100,100,100,100,100,100,100,100,100,100
round_queries,100,300,700,2700,12500,59500,295300,1483900,7533100,38153500
round_k,0,1,3,13,62,297,1476,7419,37665,190767
round_shots,200,100,100,100,100,100,100,100,100,100
round_queries,200,300,700,3300,14100,71100,351900,1756100,8876900,44921700
round_k,0,1,3,16,70,355,1759,8780,44384,224608
round_shots,100,100,100,100,100,100,100,100,100,100
round_queries,100,300,700,2300,10500,50500,248100,1244500,6233500,31501100
round_k,0,1,3,11,52,252,1240,6222,31167,157505
round_shots,100,100,100,100,100,100,100,100,100,100
round_queries,100,300,1100,4100,17900,87500,433900,2185100,11014500,55791900
round_k,0,1,5,20,89,437,2169,10925,55072,278959
round_shots,100,100,100,100,100,100,100,100,100
round_queries,100,300,1100,5100,25100,121900,607100,3074300,15542500
round_k,0,1,5,25,125,609,3035,15371,77712
round_shots,300,100,100,100,100,100,100,100,100,100
round_queries,300,300,1100,4500,20900,101700,508900,2554900,12896700,65466700
round_k,0,1,5,22,104,508,2544,12774,64483,327333
round_shots,100,100,100,100,100,100,100,100,100,100
round_queries,100,300,1100,3700,17300,82900,410500,2073900,10461300,53012300
round_k,0,1,5,18,86,414,2052,10369,52306,265061
round_shots,200,200,100,100,100,100,100,100,100
round_queries,200,600,1900,8500,39700,189500,945500,4742100,23972700
round_k,0,1,9,42,198,947,4727,23710,119863
round_shots,200,100,100,100,100,100,100,100,100,100
round_queries,200,300,700,2300,10100,46900,227100,1120700,5647500,28589100
round_k,0,1,3,11,50,234,1135,5603,28237,142945
round_shots,200,100,100,100,100,100,100,100,100,100
round_queries,200,300,1100,3100,12100,59700,296500,1490500,7534300,38255500
round_k,0,1,5,15,60,298,1482,7452,37671,191277
round_shots,100,100,100,100,100,100,100,100,100,100
round_queries,100,300,700,1900,8300,40900,199900,996300,4920700,24125900
round_k,0,1,3,9,41,204,999,4981,24603,120629
round_shots,100,100,100,100,100,100,100,100,100,100
round_queries,100,300,1100,4500,20500,101700,501700,2532900,12772100,64696100
round_k,0,1,5,22,102,508,2508,12664,63860,323480
round_shots,200,100,100,100,100,100,100,100,100,100
round_queries,200,300,1100,3700,17100,82500,407100,2048300,10336700,52366700
round_k,0,1,5,18,85,412,2035,10241,51683,261833
round_shots,200,100,100,100,100,100,100,100,100,100
round_queries,200,300,1100,4500,20700,99500,492100,2472500,12490300,63259700
round_k,0,1,5,22,103,497,2460,12362,62451,316298
round_shots,200,100,100,100,100,100,100,100,100,100
round_queries,200,300,1100,3700,16500,82700,409300,2056700,10329100,52334700
round_k,0,1,5,18,82,413,2046,10283,51645,261673
round_shots,100,100,100,100,100,100,100,100,100,100
round_queries,100,300,1100,3700,16500,77900,387900,1919700,9563300,48379500
round_k,0,1,5,18,82,389,1939,9598,47816,241897
round_shots,300,100,100,100,100,100,100,100,100,100
round_queries,300,300,1100,4100,19500,95300,469300,2364900,11867300,59828100
round_k,0,1,5,20,97,476,2346,11824,59336,299140
round_shots,100,100,100,100,100,100,100,100,100,100
round_queries,100,300,1100,4300,19500,92700,449700,2255700,11397700,57387500
round_k,0,1,5,21,97,463,2248,11278,56988,286937
round_shots,200,100,100,100,100,100,100,100,100,100
round_queries,200,300,1100,4100,20500,101700,506500,2499300,12632100,64133100
round_k,0,1,5,20,102,508,2532,12496,63160,320665
round_shots,200,100,100,100,100,100,100,100,100,100
round_queries,200,300,1100,4900,23100,107900,542300,2719300,13695900,69533700
round_k,0,1,5,24,115,539,2711,13596,68479,347668
round_shots,100,100,100,100,100,100,100,100,100,100
round_queries,100,300,1100,4100,19100,94300,463700,2322900,11694500,59111700
round_k,0,1,5,20,95,471,2318,11614,58472,295558
round_shots,200,100,100,100,100,100,100,100,100,100
round_queries,200,300,1100,4900,23700,117300,591300,2996100,15127100,76531700
round_k,0,1,5,24,118,586,2956,14980,75635,382658
round_shots,100,100,100,100,100,100,100,100,100,100
round_queries,100,300,1100,3700,16300,78500,382500,1922300,9722900,49325100
round_k,0,1,5,18,81,392,1912,9611,48614,246625
round_shots,100,100,100,100,100,100,100,100,100,100
round_queries,100,300,700,2500,11100,50100,244900,1220700,6165300,31218900
round_k,0,1,3,12,55,250,1224,6103,30826,156094
round_shots,100,100,100,100,100,100,100,100,100,100
round_queries,100,300,1100,4700,20300,93300,469900,2367300,11987700,60654300
round_k,0,1,5,23,101,466,2349,11836,59938,303271
round_shots,200,100,100,100,100,100,100,100,100,100
round_queries,200,300,1100,3700,15700,78700,390500,1972700,9900500,50193900
round_k,0,1,5,18,78,393,1952,9863,49502,250969
round_shots,100,100,100,100,100,100,100,100,100,100
round_queries,100,300,700,2900,12500,57500,287100,1434700,7255900,36598100
round_k,0,1,3,14,62,287,1435,7173,36279,182990
round_shots,200,100,100,100,100,100,100,100,100
round_queries,200,700,1900,9100,43700,219700,1097100,5505900,27896100
round_k,0,3,9,45,218,1098,5485,27529,139480
round_shots,200,100,100,100,100,100,100,100,100,100
round_queries,200,300,1100,4900,21100,100700,503900,2537700,12875500,65206900
round_k,0,1,5,24,105,503,2519,12688,64377,326034
round_shots,100,100,100,100,100,100,100,100,100,100
round_queries,100,300,1100,4900,22500,106500,508500,2463500,12390900,62587500
round_k,0,1,5,24,112,532,2542,12317,61954,312937
round_shots,100,100,100,100,100,100,100,100,100,100
round_queries,100,300,1100,4500,19900,96100,481100,2433500,12244700,61920700
round_k,0,1,5,22,99,480,2405,12167,61223,309603
round_shots,100,100,100,100,100,100,100,100,100,100
round_queries,100,300,1100,3700,17500,81900,400500,2012300,10163900,51515700
round_k,0,1,5,18,87,409,2002,10061,50819,257578
round_shots,100,100,100,100,100,100,100,100,100,100
round_queries,100,300,1100,4100,18300,85300,430300,2151700,10840500,54915500
round_k,0,1,5,20,91,426,2151,10758,54202,274577
round_shots,200,100,100,100,100,100,100,100,100
round_queries,200,500,1900,9300,43300,211300,1045300,5208500,26223700
round_k,0,2,9,46,216,1056,5226,26042,131118
round_shots,100,100,100,100,100,100,100,100,100,100
round_queries,100,300,700,1900,7700,37500,182700,899300,4528700,22786700
round_k,0,1,3,9,38,187,913,4496,22643,113933
round_shots,100,100,100,100,100,100,100,100,100,100
round_queries,100,300,1100,3700,15900,76500,387100,1934100,9803500,49641100
round_k,0,1,5,18,79,382,1935,9670,49017,248205
round_shots,200,100,100,100,100,100,100,100,100,100
round_queries,200,300,1100,4500,20500,98500,483900,2435700,12224500,61756300
round_k,0,1,5,22,102,492,2419,12178,61122,308781
round_shots,200,100,100,100,100,100,100,100,100,100
round_queries,200,300,1100,3700,17900,86900,438500,2145500,10800500,54706500
round_k,0,1,5,18,89,434,2192,10727,54002,273532
round_shots,200,100,100,100,100,100,100,100,100
round_queries,200,500,1900,8100,40500,202500,1000900,5019300,25188100
round_k,0,2,9,40,202,1012,5004,25096,125940
round_shots,100,100,100,100,100,100,100,100,100,100
round_queries,100,300,1100,4900,23100,111300,550100,2770500,14009100,70821500
round_k,0,1,5,24,115,556,2750,13852,70045,354107
round_shots,200,100,100,100,100,100,100,100,100,100
round_queries,200,300,900,4500,20900,103700,512100,2578100,13028700,65877300
round_k,0,1,4,22,104,518,2560,12890,65143,329386
round_shots,200,100,100,100,100,100,100,100,100,100
round_queries,200,300,1100,4500,20300,95700,468900,2336500,11863500,60134300
round_k,0,1,5,22,101,478,2344,11682,59317,300671
round_shots,100,100,100,100,100,100,100,100,100
round_queries,100,300,1500,6300,29700,148500,712100,3593700,18053700
round_k,0,1,7,31,148,742,3560,17968,90268
round_shots,100,100,100,100,100,100,100,100,100,100
round_queries,100,300,1100,3700,16100,78900,391900,1962500,9928900,50317300
round_k,0,1,5,18,80,394,1959,9812,49644,251586
round_shots,100,100,100,100,100,100,100,100,100,100
round_queries,100,300,1100,4500,20500,101700,495900,2512700,12708900,64193900
round_k,0,1,5,22,102,508,2479,12563,63544,320969
round_shots,100,100,100,100,100,100,100,100,100,100
round_queries,100,300,1100,4500,21700,104500,516700,2612100,13158100,66751300
round_k,0,1,5,22,108,522,2583,13060,65790,333756
round_shots,200,100,100,100,100,100,100,100,100,100
round_queries,200,300,700,2900,13300,63500,294900,1486300,7529700,38102900
round_k,0,1,3,14,66,317,1474,7431,37648,190514
round_shots,200,100,100,100,100,100,100,100,100,100
round_queries,200,300,1100,4300,19300,94700,470700,2365100,11735300,59438900
round_k,0,1,5,21,96,473,2353,11825,58676,297194
round_shots,100,100,100,100,100,100,100,100,100
round_queries,100,300,1500,5900,29100,144900,716700,3592500,18165900
round_k,0,1,7,29,145,724,3583,17962,90829
round_shots,200,100,100,100,100,100,100,100,100,100
round_queries,200,300,1100,5100,24500,114500,572500,2881900,14615700,74203100
round_k,0,1,5,25,122,572,2862,14409,73078,371015
round_shots,100,100,100,100,100,100,100,100,100,100
round_queries,100,300,1100,4100,18100,88300,439100,2196700,11061900,55792300
round_k,0,1,5,20,90,441,2195,10983,55309,278961
round_shots,100,100,100,100,100,100,100,100,100,100
round_queries,100,300,1100,4100,18300,89700,441300,2199100,11059100,56428300
round_k,0,1,5,20,91,448,2206,10995,55295,282141
round_shots,200,100,100,100,100,100,100,100,100
round_queries,200,300,1500,5700,27700,131100,614100,3099500,15722100
round_k,0,1,7,28,138,655,3070,15497,78610
round_shots,200,100,100,100,100,100,100,100,100
round_queries,200,500,1500,6900,33700,165900,836100,4213100,21359700
round_k,0,2,7,34,168,829,4180,21065,106798
round_shots,100,100,100,100,100,100,100,100,100,100
round_queries,100,300,700,2300,8100,36500,178500,887900,4451100,22503300
round_k,0,1,3,11,40,182,892,4439,22255,112516
round_shots,200,100,100,100,100,100,100,100,100
round_queries,200,300,1100,5500,25700,127100,620300,3103700,15747900
round_k,0,1,5,27,128,635,3101,15518,78739
round_shots,100,100,100,100,100,100,100,100,100,100
round_queries,100,300,1100,4100,19100,95700,472700,2387500,12115700,60767900
round_k,0,1,5,20,95,478,2363,11937,60578,303839
round_shots,200,100,100,100,100,100,100,100,100,100
round_queries,200,300,1100,4100,18500,87900,432300,2166700,10801100,54624700
round_k,0,1,5,20,92,439,2161,10833,54005,273123
round_shots,200,100,100,100,100,100,100,100,100,100
round_queries,200,300,1100,4100,20100,97700,488500,2446700,12338900,62443500
round_k,0,1,5,20,100,488,2442,12233,61694,312217
round_shots,200,100,100,100,100,100,100,100,100,100
round_queries,200,300,1100,4500,22300,108500,530500,2543100,12866100,65287100
round_k,0,1,5,22,111,542,2652,12715,64330,326435
round_shots,200,100,100,100,100,100,100,100,100,100
round_queries,200,300,700,2300,8900,40500,201700,1009900,5095900,25839100
round_k,0,1,3,11,44,202,1008,5049,25479,129195
round_shots,200,100,100,100,100,100,100,100,100,100
round_queries,200,300,1100,4500,20100,94700,455500,2272500,11482900,57634100
round_k,0,1,5,22,100,473,2277,11362,57414,288170
round_shots,100,100,100,100,100,100,100,100,100,100
round_queries,100,300,1500,5300,24900,121700,612500,3066300,15535700,78363100
round_k,0,1,7,26,124,608,3062,15331,77678,391815
round_shots,200,100,100,100,100,100,100,100,100,100
round_queries,200,300,1100,4900,24100,117100,582700,2941500,14868900,74959500
round_k,0,1,5,24,120,585,2913,14707,74344,374797
round_shots,100,100,100,100,100,100,100,100,100,100
round_queries,100,300,700,1900,7500,37300,188300,943100,4744500,23904700
round_k,0,1,3,9,37,186,941,4715,23722,119523
round_shots,100,100,100,100,100,100,100,100,100,100
round_queries,100,300,1100,4300,19300,95700,474900,2368100,11989300,60584900
round_k,0,1,5,21,96,478,2374,11840,59946,302924
round_shots,100,100,100,100,100,100,100,100,100,100
round_queries,100,300,1100,4700,19900,94300,474700,2381100,12037500,61014900
round_k,0,1,5,23,99,471,2373,11905,60187,305074
round_shots,100,100,100,100,100,100,100,100,100,100
round_queries,100,300,1100,4700,21900,108700,545900,2750700,13960300,70647900
round_k,0,1,5,23,109,543,2729,13753,69801,353239
round_shots,100,100,100,100,100,100,100,100,100,100
round_queries,100,300,1100,4100,17700,82700,405300,2016700,10145700,50855500
round_k,0,1,5,20,88,413,2026,10083,50728,254277
round_shots,100,100,100,100,100,100,100,100,100
round_queries,100,300,1100,5500,24900,122900,622700,3154900,15952300
round_k,0,1,5,27,124,614,3113,15774,79761
round_shots,300,100,100,100,100,100,100,100,100,100
round_queries,300,300,1100,4500,20500,99500,489900,2462700,12365500,62620700
round_k,0,1,5,22,102,497,2449,12313,61827,313103
round_shots,200,100,100,100,100,100,100,100,100,100
round_queries,200,300,1100,3100,13900,67100,325300,1634100,8255300,41867900
round_k,0,1,5,15,69,335,1626,8170,41276,209339
round_shots,200,100,100,100,100,100,100,100,100,100
round_queries,200,300,1100,3700,17900,86900,431700,2177500,11021900,55978100
round_k,0,1,5,18,89,434,2158,10887,55109,279890
round_shots,200,100,100,100,100,100,100,100,100,100
round_queries,200,300,1100,4100,19100,91300,451500,2272900,11509900,58316900
round_k,0,1,5,20,95,456,2257,11364,57549,291584
round_shots,100,100,100,100,100,100,100,100,100,100
round_queries,100,300,700,2500,11100,52700,259300,1310900,6604300,33400300
round_k,0,1,3,12,55,263,1296,6554,33021,167001
round_shots,200,100,100,100,100,100,100,100,100,100
round_queries,200,300,1100,3100,14900,67900,316900,1517900,7588900,38245300
round_k,0,1,5,15,74,339,1584,7589,37944,191226
round_shots,200,100,100,100,100,100,100,100,100,100
round_queries,200,300,1100,4100,20100,93700,470300,2347300,11877900,60262900
round_k,0,1,5,20,100,468,2351,11736,59389,301314
round_shots,200,100,100,100,100,100,100,100,100
round_queries,200,300,1500,5900,29500,144300,719900,3610100,18273700
round_k,0,1,7,29,147,721,3599,18050,91368
round_shots,200,100,100,100,100,100,100,100,100
round_queries,200,300,1500,6100,33100,166500,834100,4194300,21025700
round_k,0,1,7,30,165,832,4170,20971,105128
round_shots,100,100,100,100,100,100,100,100,100,100
round_queries,100,300,1100,3700,17100,80100,388300,1959900,9914700,50348300
round_k,0,1,5,18,85,400,1941,9799,49573,251741
round_shots,100,100,100,100,100,100,100,100,100,100
round_queries,100,300,1100,3700,16900,83700,407500,2061500,10335900,52306900
round_k,0,1,5,18,84,418,2037,10307,51679,261534
round_shots,200,100,100,100,100,100,100,100,100,100
round_queries,200,300,700,2700,12700,58700,291300,1476100,7448300,37491500
round_k,0,1,3,13,63,293,1456,7380,37241,187457
round_shots,100,100,100,100,100,100,100,100,100,100
round_queries,100,300,1100,3100,13500,67500,335500,1682700,8491900,43082300
round_k,0,1,5,15,67,337,1677,8413,42459,215411
round_shots,200,100,100,100,100,100,100,100,100,100
round_queries,200,300,700,2300,9900,48300,242500,1202700,6048900,30468700
round_k,0,1,3,11,49,241,1212,6013,30244,152343
round_shots,200,100,100,100,100,100,100,100,100,100
round_queries,200,300,700,1900,8500,39700,195100,969500,4888900,24734900
round_k,0,1,3,9,42,198,975,4847,24444,123674
round_shots,200,100,100,100,100,100,100,100,100,100
round_queries,200,300,1100,4900,21700,107500,537300,2692100,13492500,68194700
round_k,0,1,5,24,108,537,2686,13460,67462,340973
round_shots,100,100,100,100,100,100,100,100,100,100
round_queries,100,300,700,1900,8700,43100,213300,1068500,5409100,27447500
round_k,0,1,3,9,43,215,1066,5342,27045,137237
round_shots,100,100,100,100,100,100,100,100,100
round_queries,100,300,1100,5500,24700,120900,607700,3085700,15518500
round_k,0,1,5,27,123,604,3038,15428,77592
round_shots,200,100,100,100,100,100,100,100,100,100
round_queries,200,300,1100,4700,21900,105900,530100,2678300,13526900,68555100
round_k,0,1,5,23,109,529,2650,13391,67634,342775
round_shots,200,100,100,100,100,100,100,100,100
round_queries,200,700,2900,13900,66100,324500,1623300,8215900,41351500
round_k,0,3,14,69,330,1622,8116,41079,206757
round_shots,200,100,100,100,100,100,100,100,100,100
round_queries,200,300,700,2900,12700,63500,318100,1599500,8062100,40705700
round_k,0,1,3,14,63,317,1590,7997,40310,203528
round_shots,100,100,100,100,100,100,100,100,100,100
round_queries,100,300,1100,4100,19100,94300,469700,2354500,11912100,60470700
round_k,0,1,5,20,95,471,2348,11772,59560,302353
round_shots,200,100,100,100,100,100,100,100,100,100
round_queries,200,300,1100,5100,23500,116100,583900,2952100,14894300,75640300
round_k,0,1,5,25,117,580,2919,14760,74471,378201
round_shots,200,100,100,100,100,100,100,100,100
round_queries,200,500,2300,9900,46300,228500,1151700,5787500,29292100
round_k,0,2,11,49,231,1142,5758,28937,146460
round_shots,300,100,100,100,100,100,100,100,100,100
round_queries,300,300,1100,3700,16900,81500,401100,2025900,10196700,51689300
round_k,0,1,5,18,84,407,2005,10129,50983,258446
round_shots,100,100,100,100,100,100,100,100,100
round_queries,100,300,1100,5500,25500,124700,651900,3293700,16632100
round_k,0,1,5,27,127,623,3259,16468,83160
round_shots,100,100,100,100,100,100,100,100,100,100
round_queries,100,300,700,2700,12300,59500,291700,1456300,7384500,37323300
round_k,0,1,3,13,61,297,1458,7281,36922,186616
round_shots,100,100,100,100,100,100,100,100,100,100
round_queries,100,300,700,2900,13300,64300,319700,1602300,8110500,41124500
round_k,0,1,3,14,66,321,1598,8011,40552,205622
round_shots,300,100,100,100,100,100,100,100,100
round_queries,300,300,1500,6300,31300,153300,761500,3841700,19436900
round_k,0,1,7,31,156,766,3807,19208,97184
round_shots,200,100,100,100,100,100,100,100,100
round_queries,200,700,2700,13100,64700,321100,1608900,8073100,40888900
round_k,0,3,13,65,323,1605,8044,40365,204444
round_shots,200,100,100,100,100,100,100,100,100
round_queries,200,700,1900,9300,46300,231300,1138300,5739300,28992500
round_k,0,3,9,46,231,1156,5691,28696,144962
round_shots,100,100,100,100,100,100,100,100,100,100
round_queries,100,300,1100,5100,23100,114100,548500,2743100,13853700,69813100
round_k,0,1,5,25,115,570,2742,13715,69268,349065
round_shots,100,100,100,100,100,100,100,100,100,100
round_queries,100,300,1100,4500,21500,107300,518700,2600500,12845900,65008500
round_k,0,1,5,22,107,536,2593,13002,64229,325042
round_shots,100,100,100,100,100,100,100,100,100,100
round_queries,100,300,700,2300,10500,49700,246700,1240100,6278900,31785100
round_k,0,1,3,11,52,248,1233,6200,31394,158925
round_shots,200,100,100,100,100,100,100,100,100,100
round_queries,200,300,1100,3700,18300,87500,433500,2172500,10975500,55367700
round_k,0,1,5,18,91,437,2167,10862,54877,276838
round_shots,200,100,100,100,100,100,100,100,100,100
round_queries,200,300,1100,4500,20100,94700,471700,2361700,11883900,60265700
round_k,0,1,5,22,100,473,2358,11808,59419,301328
round_shots,200,100,100,100,100,100,100,100,100,100
round_queries,200,300,1100,4100,18300,86100,433500,2156300,10864900,55057900
round_k,0,1,5,20,91,430,2167,10781,54324,275289
round_shots,100,100,100,100,100,100,100,100,100,100
round_queries,100,300,700,2900,13700,66900,326100,1630500,8195300,41440700
round_k,0,1,3,14,68,334,1630,8152,40976,207203
round_shots,100,100,100,100,100,100,100,100,100,100
round_queries,100,300,700,2300,9300,44500,224100,1123300,5655300,28467900
round_k,0,1,3,11,46,222,1120,5616,28276,142339
round_shots,200,100,100,100,100,100,100,100,100,100
round_queries,200,300,1100,4100,18500,89100,430900,2167300,10899700,55158100
round_k,0,1,5,20,92,445,2154,10836,54498,275790
round_shots,200,100,100,100,100,100,100,100,100,100
round_queries,200,300,700,2700,11900,59500,296900,1486100,7533900,37927100
round_k,0,1,3,13,59,297,1484,7430,37669,189635
round_shots,100,100,100,100,100,100,100,100,100
round_queries,100,300,1500,5900,29100,143900,708900,3577100,17902500
round_k,0,1,7,29,145,719,3544,17885,89512
round_shots,100,100,100,100,100,100,100,100,100,100
round_queries,100,300,1100,3700,17500,87100,440700,2221100,11136900,56323900
round_k,0,1,5,18,87,435,2203,11105,55684,281619
round_shots,200,100,100,100,100,100,100,100,100,100
round_queries,200,300,700,3300,13700,65900,327300,1640300,8191900,41579500
round_k,0,1,3,16,68,329,1636,8201,40959,207897
round_shots,200,100,100,100,100,100,100,100,100,100
round_queries,200,300,1100,4500,20500,107300,528700,2644700,13363100,67739900
round_k,0,1,5,22,102,536,2643,13223,66815,338699
round_shots,100,100,100,100,100,100,100,100,100,100
round_queries,100,300,700,2300,9900,48700,237300,1191700,5954900,30170700
round_k,0,1,3,11,49,243,1186,5958,29774,150853
round_shots,200,100,100,100,100,100,100,100,100,100
round_queries,200,300,1100,3100,14500,70700,353700,1782300,8987100,45568700
round_k,0,1,5,15,72,353,1768,8911,44935,227843
round_shots,200,100,100,100,100,100,100,100,100,100
round_queries,200,300,1100,4900,21500,103100,520100,2621700,13160100,66639700
round_k,0,1,5,24,107,515,2600,13108,65800,333198
round_shots,300,100,100,100,100,100,100,100,100
round_queries,300,500,1500,6700,29900,143900,718300,3616900,18322300
round_k,0,2,7,33,149,719,3591,18084,91611
round_shots,200,100,100,100,100,100,100,100,100
round_queries,200,500,1900,8100,36700,181300,905900,4586700,23223700
round_k,0,2,9,40,183,906,4529,22933,116118
round_shots,100,100,100,100,100,100,100,100,100,100
round_queries,100,300,1100,4900,22500,106900,530300,2672700,13544900,68408100
round_k,0,1,5,24,112,534,2651,13363,67724,342040
round_shots,200,100,100,100,100,100,100,100,100,100
round_queries,200,300,1100,4500,19500,95700,479900,2384300,12087300,61286500
round_k,0,1,5,22,97,478,2399,11921,60436,306432
round_shots,100,100,100,100,100,100,100,100,100,100
round_queries,100,300,700,1900,7100,34500,164300,813300,4105700,20736700
round_k,0,1,3,9,35,172,821,4066,20528,103683
round_shots,200,100,100,100,100,100,100,100,100
round_queries,200,300,1500,6900,32500,157700,790500,3993900,20183300
round_k,0,1,7,34,162,788,3952,19969,100916
round_shots,100,100,100,100,100,100,100,100,100,100
round_queries,100,300,1100,3700,16300,77700,383700,1927700,9716100,49277100
round_k,0,1,5,18,81,388,1918,9638,48580,246385
round_shots,100,100,100,100,100,100,100,100,100,100
round_queries,100,300,1100,3700,18300,85100,429500,2161500,10876500,55163700
round_k,0,1,5,18,91,425,2147,10807,54382,275818
round_shots,100,100,100,100,100,100,100,100,100,100
round_queries,100,300,1100,4700,22300,108100,535700,2685300,13573100,68593300
round_k,0,1,5,23,111,540,2678,13426,67865,342966
round_shots,100,100,100,100,100,100,100,100,100,100
round_queries,100,300,700,3300,15100,71100,351300,1759500,8931100,44996700
round_k,0,1,3,16,75,355,1756,8797,44655,224983
round_shots,100,100,100,100,100,100,100,100,100,100
round_queries,100,300,1100,4700,21700,99900,488500,2426100,12166900,61596900
round_k,0,1,5,23,108,499,2442,12130,60834,307984
round_shots,100,100,100,100,100,100,100,100,100,100
round_queries,100,300,1100,5100,22100,110100,545500,2755900,13940700,70679700
round_k,0,1,5,25,110,550,2727,13779,69703,353398
round_shots,200,100,100,100,100,100,100,100,100,100
round_queries,200,300,700,1900,9100,42300,208100,1043700,5235300,26471100
round_k,0,1,3,9,45,211,1040,5218,26176,132355
round_shots,100,100,100,100,100,100,100,100,100,100
round_queries,100,300,1100,4500,20100,92500,454100,2312500,11656700,62080100
round_k,0,1,5,22,100,462,2270,11562,58283,310400
round_shots,200,100,100,100,100,100,100,100,100,100
round_queries,200,300,1100,4100,16900,83900,419500,2125500,10647500,54005100
round_k,0,1,5,20,84,419,2097,10627,53237,270025
round_shots,100,100,100,100,100,100,100,100,100,100
round_queries,100,300,700,2700,11900,57100,287100,1448100,7274900,36925300
round_k,0,1,3,13,59,285,1435,7240,36374,184626
round_shots,100,100,100,100,100,100,100,100,100,100
round_queries,100,300,1100,3700,17700,86500,426700,2144700,10789300,54105300
round_k,0,1,5,18,88,432,2133,10723,53946,270526
round_shots,100,100,100,100,100,100,100,100,100,100
round_queries,100,300,1100,5100,23700,112900,564100,2837500,14120500,71416300
round_k,0,1,5,25,118,564,2820,14187,70602,357081
round_shots,100,100,100,100,100,100,100,100,100,100
round_queries,100,300,1100,3700,16500,81300,403900,2028100,10296100,52157100
round_k,0,1,5,18,82,406,2019,10140,51480,260785
round_shots,200,100,100,100,100,100,100,100,100,100
round_queries,200,300,1100,4500,20100,96900,460300,2282700,11588300,58640300
round_k,0,1,5,22,100,484,2301,11413,57941,293201
round_shots,200,100,100,100,100,100,100,100,100,100
round_queries,200,300,1100,4700,20900,103100,519500,2576300,13004300,66019900
round_k,0,1,5,23,104,515,2597,12881,65021,330099
round_shots,100,100,100,100,100,100,100,100,100,100
round_queries,100,300,1100,4100,19300,92300,453300,2281100,11484900,58183300
round_k,0,1,5,20,96,461,2266,11405,57424,290916
round_shots,200,100,100,100,100,100,100,100,100,100
round_queries,200,300,1100,4100,19500,93100,465500,2317300,11606500,59218700
round_k,0,1,5,20,97,465,2327,11586,58032,296093
round_shots,100,100,100,100,100,100,100,100,100,100
round_queries,100,300,1100,4300,19100,91700,460700,2286300,11529100,58235900
round_k,0,1,5,21,95,458,2303,11431,57645,291179
round_shots,300,100,100,100,100,100,100,100,100
round_queries,300,500,2300,9300,45100,225100,1124500,5636900,28379700
round_k,0,2,11,46,225,1125,5622,28184,141898
round_shots,100,100,100,100,100,100,100,100,100,100
round_queries,100,300,1100,4700,23300,111700,551100,2768100,13977700,70789100
round_k,0,1,5,23,116,558,2755,13840,69888,353945
round_shots,200,100,100,100,100,100,100,100,100
round_queries,200,300,1100,5500,27500,136100,680500,3434100,17353100
round_k,0,1,5,27,137,680,3402,17170,86765
round_shots,100,100,100,100,100,100,100,100,100,100
round_queries,100,300,700,1900,8100,36900,177500,887900,4481700,22739700
round_k,0,1,3,9,40,184,887,4439,22408,113698
round_shots,100,100,100,100,100,100,100,100,100,100
round_queries,100,300,1100,4700,20900,103300,515700,2558900,12848300,65215300
round_k,0,1,5,23,104,516,2578,12794,64241,326076
round_shots,200,100,100,100,100,100,100,100,100,100
round_queries,200,300,700,2300,9100,42700,210300,1003900,4886500,24558500
round_k,0,1,3,11,45,213,1051,5019,24432,122792
round_shots,100,100,100,100,100,100,100,100,100,100
round_queries,100,300,1100,3700,16500,77100,381500,1905100,9621300,48799500
round_k,0,1,5,18,82,385,1907,9525,48106,243997
round_shots,200,100,100,100,100,100,100,100,100
round_queries,200,700,2300,8900,42500,210500,1053500,5275500,26751700
round_k,0,3,11,44,212,1052,5267,26377,133758
round_shots,100,100,100,100,100,100,100,100,100
round_queries,100,300,1500,5900,26700,122700,609300,3082100,15630700
round_k,0,1,7,29,133,613,3046,15410,78153
round_shots,200,100,100,100,100,100,100,100,100
round_queries,200,300,1500,5900,28100,137100,673500,3400700,17217900
round_k,0,1,7,29,140,685,3367,17003,86089
round_shots,200,100,100,100,100,100,100,100,100
round_queries,200,300,1100,4500,21300,102700,520900,2612500,13257500
round_k,0,1,5,22,106,513,2604,13062,66287
round_shots,200,100,100,100,100,100,100,100,100
round_queries,200,300,1500,6700,29500,145300,731100,3680700,18539100
round_k,0,1,7,33,147,726,3655,18403,92695
round_shots,100,100,100,100,100,100,100,100,100,100
round_queries,100,300,700,2700,12100,55700,277700,1391900,7032500,35510100
round_k,0,1,3,13,60,278,1388,6959,35162,177550
round_shots,100,100,100,100,100,100,100,100,100,100
round_queries,100,300,700,1900,8100,39500,193500,965700,4843300,24493100
round_k,0,1,3,9,40,197,967,4828,24216,122465
round_shots,300,100,100,100,100,100,100,100,100
round_queries,300,300,1100,5500,26900,132900,668100,3366100,17036900
round_k,0,1,5,27,134,664,3340,16830,85184
round_shots,200,100,100,100,100,100,100,100,100,100
round_queries,200,300,700,2900,12500,60900,304900,1532100,7710500,39149100
round_k,0,1,3,14,62,304,1524,7660,38552,195745
round_shots,200,100,100,100,100,100,100,100,100,100
round_queries,200,300,1100,4500,21900,107100,535900,2685900,13621500,69161500
round_k,0,1,5,22,109,535,2679,13429,68107,345807
round_shots,100,100,100,100,100,100,100,100,100
round_queries,100,300,1100,5500,27100,134500,649900,3286100,16545500
round_k,0,1,5,27,135,672,3249,16430,82727
round_shots,100,100,100,100,100,100,100,100,100,100
round_queries,100,300,1100,3700,15900,77900,385900,1926300,9815900,49722700
round_k,0,1,5,18,79,389,1929,9631,49079,248613
round_shots,100,100,100,100,100,100,100,100,100,100
round_queries,100,300,1100,4500,21500,103500,512500,2577900,13043100,66083900
round_k,0,1,5,22,107,517,2562,12889,65215,330419
round_shots,200,100,100,100,100,100,100,100,100,100
round_queries,200,300,1100,4500,21700,105100,523900,2650900,13447300,68188700
round_k,0,1,5,22,108,525,2619,13254,67236,340943
round_shots,200,100,100,100,100,100,100,100,100,100
round_queries,200,300,1100,4100,19500,91900,462300,2316100,11671300,58635300
round_k,0,1,5,20,97,459,2311,11580,58356,293176
round_shots,100,100,100,100,100,100,100,100,100,100
round_queries,100,300,1100,4500,20900,97300,480500,2416500,12145500,61481700
round_k,0,1,5,22,104,486,2402,12082,60727,307408
round_shots,200,100,100,100,100,100,100,100,100,100
round_queries,200,300,1100,3500,16300,78100,390900,1968100,9956100,50517100
round_k,0,1,5,17,81,390,1954,9840,49780,252585
round_shots,100,100,100,100,100,100,100,100,100,100
round_queries,100,300,1100,4500,21300,101500,502300,2496500,12644900,63878500
round_k,0,1,5,22,106,507,2511,12482,63224,319392
round_shots,100,100,100,100,100,100,100,100,100,100
round_queries,100,300,1100,4500,21300,100700,499100,2520300,12730700,64612100
round_k,0,1,5,22,106,503,2495,12601,63653,323060
round_shots,100,100,100,100,100,100,100,100,100
round_queries,100,300,1500,6300,27900,136500,677100,3413900,17194300
round_k,0,1,7,31,139,682,3385,17069,85971
round_shots,100,100,100,100,100,100,100,100,100,100
round_queries,100,300,700,3500,16900,80300,392500,1963100,9901300,50233900
round_k,0,1,3,17,84,401,1962,9815,49506,251169
round_shots,100,100,100,100,100,100,100,100,100,100
round_queries,100,300,700,2700,10300,48900,241700,1215100,6127500,31058700
round_k,0,1,3,13,51,244,1208,6075,30637,155293
round_shots,200,100,100,100,100,100,100,100,100,100
round_queries,200,300,700,1900,8700,40300,202900,1024300,5151300,25942100
round_k,0,1,3,9,43,201,1014,5121,25756,129710
round_shots,100,100,100,100,100,100,100,100,100,100
round_queries,100,300,1100,4100,19700,92700,462100,2329900,11667900,59176100
round_k,0,1,5,20,98,463,2310,11649,58339,295880
round_shots,100,100,100,100,100,100,100,100,100,100
round_queries,100,300,700,2300,10700,49900,250100,1255300,6326500,32054100
round_k,0,1,3,11,53,249,1250,6276,31632,160270
round_shots,300,100,100,100,100,100,100,100,100
round_queries,300,500,1500,5900,28500,137300,677100,3415900,17296300
round_k,0,2,7,29,142,686,3385,17079,86481
round_shots,100,100,100,100,100,100,100,100,100,100
round_queries,100,300,700,2300,8700,40500,201900,998500,5061100,25442900
round_k,0,1,3,11,43,202,1009,4992,25305,127214
round_shots,100,100,100,100,100,100,100,100,100
round_queries,100,500,1500,5300,26300,129500,639500,3240900,16392300
round_k,0,2,7,26,131,647,3197,16204,81961
round_shots,200,100,100,100,100,100,100,100,100
round_queries,200,300,1500,7100,33500,168100,840500,4240500,21439900
round_k,0,1,7,35,167,840,4202,21202,107199
round_shots,100,100,100,100,100,100,100,100,100,100
round_queries,100,300,1100,4100,19500,90900,439700,2205300,11084700,55820500
round_k,0,1,5,20,97,454,2198,11026,55423,279102
round_shots,100,100,100,100,100,100,100,100,100,100
round_queries,100,300,700,3300,13900,67900,332500,1668700,8392900,42388500
round_k,0,1,3,16,69,339,1662,8343,41964,211942
round_shots,200,100,100,100,100,100,100,100,100,100
round_queries,200,300,1100,4900,24500,115500,578100,2884100,14527100,73629900
round_k,0,1,5,24,122,577,2890,14420,72635,368149
round_shots,200,100,100,100,100,100,100,100,100,100
round_queries,200,300,1100,3700,17900,90500,448900,2255700,11336300,57179300
round_k,0,1,5,18,89,452,2244,11278,56681,285896
round_shots,200,100,100,100,100,100,100,100,100,100
round_queries,200,300,700,1900,7500,35300,168700,837300,4226300,21321300
round_k,0,1,3,9,37,176,843,4186,21131,106606
round_shots,100,100,100,100,100,100,100,100,100,100
round_queries,100,300,1100,5100,24100,115100,563500,2758500,13993100,70945900
round_k,0,1,5,25,120,575,2817,13792,69965,354729
round_shots,200,100,100,100,100,100,100,100,100,100
round_queries,200,300,1100,4100,17100,83300,405100,2046700,10364700,52488500
round_k,0,1,5,20,85,416,2025,10233,51823,262442
round_shots,200,100,100,100,100,100,100,100,100,100
round_queries,200,300,700,2300,9700,45300,223100,1109500,5607300,28376700
round_k,0,1,3,11,48,226,1115,5547,28036,141883
round_shots,300,100,100,100,100,100,100,100,100,100
round_queries,300,300,1100,4100,19100,93700,467900,2357700,11900700,60247900
round_k,0,1,5,20,95,468,2339,11788,59503,301239
round_shots,100,100,100,100,100,100,100,100,100,100
round_queries,100,300,1100,5100,24900,115900,565900,2856900,14300100,72394500
round_k,0,1,5,25,124,579,2829,14284,71500,361972
round_shots,200,100,100,100,100,100,100,100,100,100
round_queries,200,300,1100,3700,16900,81900,403300,2039700,10283900,52081500
round_k,0,1,5,18,84,409,2016,10198,51419,260407
round_shots,200,100,100,100,100,100,100,100,100,100
round_queries,200,300,700,2900,13100,65900,325100,1620100,8113100,40872500
round_k,0,1,3,14,65,329,1625,8100,40565,204362
round_shots,100,100,100,100,100,100,100,100,100,100
round_queries,100,300,1100,4900,20700,102100,501900,2495900,12558500,63750300
round_k,0,1,5,24,103,510,2509,12479,62792,318751
round_shots,100,100,100,100,100,100,100,100,100,100
round_queries,100,300,700,1900,9100,41700,207700,1028700,5179300,26123500
round_k,0,1,3,9,45,208,1038,5143,25896,130617
round_shots,200,100,100,100,100,100,100,100,100
round_queries,200,300,1100,5500,26500,126700,622500,3127900,15857100
round_k,0,1,5,27,132,633,3112,15639,79285
round_shots,100,100,100,100,100,100,100,100,100,100
round_queries,100,300,1100,4900,21900,108900,543300,2703500,13695700,69430900
round_k,0,1,5,24,109,544,2716,13517,68478,347154
round_shots,100,100,100,100,100,100,100,100,100,100
round_queries,100,300,1100,3700,17900,89900,434700,2196500,11137500,56446700
round_k,0,1,5,18,89,449,2173,10982,55687,282233
round_shots,100,100,100,100,100,100,100,100,100,100
round_queries,100,300,1100,4100,18500,89900,451700,2259100,11197100,56781900
round_k,0,1,5,20,92,449,2258,11295,55985,283909
round_shots,200,100,100,100,100,100,100,100,100,100
round_queries,200,300,1100,4100,20500,97500,486500,2444300,12393700,62841900
round_k,0,1,5,20,102,487,2432,12221,61968,314209
round_shots,100,100,100,100,100,100,100,100,100,100
round_queries,100,300,1100,4500,21100,101500,486500,2447100,12413300,62992500
round_k,0,1,5,22,105,507,2432,12235,62066,314962
round_shots,100,100,100,100,100,100,100,100,100,100
round_queries,100,300,700,3300,15500,74500,367500,1840100,9233300,46898300
round_k,0,1,3,16,77,372,1837,9200,46166,234491
round_shots,100,100,100,100,100,100,100,100,100,100
round_queries,100,300,1100,4100,18500,89100,444900,2233700,11267900,56913100
round_k,0,1,5,20,92,445,2224,11168,56339,284565
round_shots,100,100,100,100,100,100,100,100,100,100
round_queries,100,300,1100,4100,19500,92100,463300,2336500,11766100,59276700
round_k,0,1,5,20,97,460,2316,11682,58830,296383
round_shots,100,100,100,100,100,100,100,100,100,100
round_queries,100,300,1100,4100,18100,86500,424500,2132500,10780300,54674900
round_k,0,1,5,20,90,432,2122,10662,53901,273374
round_shots,100,100,100,100,100,100,100,100,100,100
round_queries,100,300,1100,4100,18900,94700,455500,2223100,11166700,56682500
round_k,0,1,5,20,94,473,2277,11115,55833,283412
round_shots,100,100,100,100,100,100,100,100,100,100
round_queries,100,300,700,1900,8500,40500,202300,1014100,5124900,25974500
round_k,0,1,3,9,42,202,1011,5070,25624,129872
round_shots,100,100,100,100,100,100,100,100,100,100
round_queries,100,300,1100,4100,19700,92500,452500,2267900,11422700,57538900
round_k,0,1,5,20,98,462,2262,11339,57113,287694
round_shots,100,100,100,100,100,100,100,100,100,100
round_queries,100,300,700,2500,11900,57300,282700,1423700,7115900,36122100
round_k,0,1,3,12,59,286,1413,7118,35579,180610
round_shots,100,100,100,100,100,100,100,100,100,100
round_queries,100,300,1100,4500,20300,97700,478300,2417900,12186300,61642700
round_k,0,1,5,22,101,488,2391,12089,60931,308213
round_shots,200,100,100,100,100,100,100,100,100,100
round_queries,200,300,700,3300,14500,69900,338500,1682900,8469100,42433900
round_k,0,1,3,16,72,349,1692,8414,42345,212169
round_shots,100,100,100,100,100,100,100,100,100,100
round_queries,100,300,1100,5100,25300,125100,601500,2977500,15091900,76574500
round_k,0,1,5,25,126,625,3007,14887,75459,382872
round_shots,200,100,100,100,100,100,100,100,100,100
round_queries,200,300,700,2900,12100,60500,301300,1513700,7612900,38411500
round_k,0,1,3,14,60,302,1506,7568,38064,192057
round_shots,100,100,100,100,100,100,100,100,100
round_queries,100,300,1100,5500,25900,126100,631100,3179300,16087700
round_k,0,1,5,27,129,630,3155,15896,80438
round_shots,100,100,100,100,100,100,100,100,100,100
round_queries,100,300,1100,4500,20900,99300,487500,2407700,12118900,61127900
round_k,0,1,5,22,104,496,2437,12038,60594,305639
round_shots,200,100,100,100,100,100,100,100,100,100
round_queries,200,300,1100,4500,21500,104700,511500,2589500,13073500,65862700
round_k,0,1,5,22,107,523,2557,12947,65367,329313
round_shots,100,100,100,100,100,100,100,100,100,100
round_queries,100,300,900,2700,11900,59500,287500,1453300,7322500,37095900
round_k,0,1,4,13,59,297,1437,7266,36612,185479
round_shots,200,100,100,100,100,100,100,100,100,100
round_queries,200,300,700,1900,7900,35900,168900,844500,4271100,21521900
round_k,0,1,3,9,39,179,844,4222,21355,107609
round_shots,100,100,100,100,100,100,100,100,100,100
round_queries,100,300,1100,4100,17900,88300,440100,2207700,11123100,56395300
round_k,0,1,5,20,89,441,2200,11038,55615,281976
round_shots,200,100,100,100,100,100,100,100,100,100
round_queries,200,300,700,2900,13500,63900,314900,1567100,7860500,39774300
round_k,0,1,3,14,67,319,1574,7835,39302,198871
round_shots,100,100,100,100,100,100,100,100,100
round_queries,100,300,1500,6700,31500,151700,761500,3837500,19432700
round_k,0,1,7,33,157,758,3807,19187,97163
round_shots,200,100,100,100,100,100,100,100,100,100
round_queries,200,300,700,2900,12500,57500,287500,1448500,7253700,36760500
round_k,0,1,3,14,62,287,1437,7242,36268,183802
round_shots,200,100,100,100,100,100,100,100,100
round_queries,200,500,1500,6700,29500,147100,733900,3692900,18638100
round_k,0,2,7,33,147,735,3669,18464,93190
round_shots,100,100,100,100,100,100,100,100,100,100
round_queries,100,300,1100,4500,20700,102300,504500,2511300,12698500,64316100
round_k,0,1,5,22,103,511,2522,12556,63492,321580
round_shots,100,100,100,100,100,100,100,100,100,100
round_queries,100,300,1100,4100,18500,90300,450500,2250500,11270300,56967300
round_k,0,1,5,20,92,451,2252,11252,56351,284836
round_shots,100,100,100,100,100,100,100,100,100,100
round_queries,100,300,1100,4900,22300,110900,548500,2743700,13895500,70361900
round_k,0,1,5,24,111,554,2742,13718,69477,351809
round_shots,200,100,100,100,100,100,100,100,100,100
round_queries,200,300,700,2300,11100,51100,252300,1261500,6370500,32263900
round_k,0,1,3,11,55,255,1261,6307,31852,161319
round_shots,200,100,100,100,100,100,100,100,100,100
round_queries,200,300,700,2900,13300,60100,299900,1495300,7584700,38370500
round_k,0,1,3,14,66,300,1499,7476,37923,191852
round_shots,100,100,100,100,100,100,100,100,100,100
round_queries,100,300,700,1900,8500,40100,191900,965300,4856500,24612900
round_k,0,1,3,9,42,200,959,4826,24282,123064
round_shots,100,100,100,100,100,100,100,100,100,100
round_queries,100,300,1100,4700,21700,106700,527100,2648900,13395900,67963500
round_k,0,1,5,23,108,533,2635,13244,66979,339817
round_shots,200,100,100,100,100,100,100,100,100
round_queries,200,300,1100,5500,26300,128900,638700,3201500,16179500
round_k,0,1,5,27,131,644,3193,16007,80897
round_shots,200,100,100,100,100,100,100,100,100,100
round_queries,200,300,1100,4100,19700,97900,485700,2440100,12224100,61610700
round_k,0,1,5,20,98,489,2428,12200,61120,308053
round_shots,100,100,100,100,100,100,100,100,100,100
round_queries,100,300,1100,4900,21300,102700,508700,2572900,12891500,65182100
round_k,0,1,5,24,106,513,2543,12864,64457,325910
round_shots,100,100,100,100,100,100,100,100,100,100
round_queries,100,300,1100,4100,19100,89300,437500,2176700,10961500,55010300
round_k,0,1,5,20,95,446,2187,10883,54807,275051
round_shots,200,200,100,100,100,100,100,100,100
round_queries,200,600,1900,7500,35100,172300,862300,4361300,21965700
round_k,0,1,9,37,175,861,4311,21806,109828
round_shots,100,100,100,100,100,100,100,100,100,100
round_queries,100,300,1100,4500,20500,99500,487500,2461700,12393300,62821700
round_k,0,1,5,22,102,497,2437,12308,61966,314108
round_shots,200,100,100,100,100,100,100,100,100,100
round_queries,200,300,1100,3100,13700,64500,318100,1592500,8040500,40736500
round_k,0,1,5,15,68,322,1590,7962,40202,203682
round_shots,100,100,100,100,100,100,100,100,100,100
round_queries,100,300,1100,4100,18900,93300,458100,2299300,11641500,58878500
round_k,0,1,5,20,94,466,2290,11496,58207,294392
round_shots,200,100,100,100,100,100,100,100,100,100
round_queries,200,300,1100,4100,19100,94100,473500,2321900,11761300,59225300
round_k,0,1,5,20,95,470,2367,11609,58806,296126
round_shots,200,100,100,100,100,100,100,100,100,100
round_queries,200,300,1100,5100,23100,111500,554100,2787300,14103100,71563700
round_k,0,1,5,25,115,557,2770,13936,70515,357818
round_shots,100,100,100,100,100,100,100,100,100,100
round_queries,100,300,1100,4100,19500,92300,457300,2268300,11465100,58068100
round_k,0,1,5,20,97,461,2286,11341,57325,290340
round_shots,100,100,100,100,100,100,100,100,100,100
round_queries,100,300,1100,3500,14900,72500,359100,1811500,9066100,46310900
round_k,0,1,5,17,74,362,1795,9057,45330,231554
round_shots,300,100,100,100,100,100,100,100,100
round_queries,300,500,1900,8500,41300,205300,1026500,5164100,26078700
round_k,0,2,9,42,206,1026,5132,25820,130393
round_shots,100,100,100,100,100,100,100,100,100,100
round_queries,100,300,1100,4700,22100,103700,516500,2745300,13858500,70106100
round_k,0,1,5,23,110,518,2582,13726,69292,350530
round_shots,100,100,100,100,100,100,100,100,100,100
round_queries,100,300,1100,3700,17300,85500,419100,2098300,10610100,53302700
round_k,0,1,5,18,86,427,2095,10491,53050,266513
round_shots,200,100,100,100,100,100,100,100,100
round_queries,200,300,1100,5500,25500,125300,622300,3783300,19087100
round_k,0,1,5,27,127,626,3111,18916,95435
round_shots,100,100,100,100,100,100,100,100,100,100
round_queries,100,300,1100,3100,14300,67700,331100,1646700,8174300,41163900
round_k,0,1,5,15,71,338,1655,8233,40871,205819
round_shots,100,100,100,100,100,100,100,100,100
round_queries,100,300,1100,5500,26700,130500,645900,3260300,16435900
round_k,0,1,5,27,133,652,3229,16301,82179
round_shots,100,100,100,100,100,100,100,100,100,100
round_queries,100,300,1100,5100,22300,111700,548100,2769900,13938100,70643100
round_k,0,1,5,25,111,558,2740,13849,69690,353215
round_shots,100,100,100,100,100,100,100,100,100,100
round_queries,100,300,700,2900,13100,62300,310300,1537700,7781300,39025500
round_k,0,1,3,14,65,311,1551,7688,38906,195127
round_shots,100,100,100,100,100,100,100,100,100,100
round_queries,100,300,1100,3700,16300,75500,376900,1902100,9714900,49137500
round_k,0,1,5,18,81,377,1884,9510,48574,245687
round_shots,200,100,100,100,100,100,100,100,100,100
round_queries,200,300,1100,4700,21100,100700,501500,2515500,12743500,64401900
round_k,0,1,5,23,105,503,2507,12577,63717,322009
round_shots,100,100,100,100,100,100,100,100,100,100
round_queries,100,300,1100,3700,16500,82500,393700,1924700,9670100,48584900
round_k,0,1,5,18,82,412,1968,9623,48350,242924
round_shots,200,100,100,100,100,100,100,100,100,100
round_queries,200,300,1100,4900,21500,103500,518700,2602100,13142900,66533700
round_k,0,1,5,24,107,517,2593,13010,65714,332668
round_shots,200,100,100,100,100,100,100,100,100,100
round_queries,200,300,1100,4500,21100,103900,524500,2633300,13243900,67191100
round_k,0,1,5,22,105,519,2622,13166,66219,335955
round_shots,200,100,100,100,100,100,100,100,100,100
round_queries,200,300,1100,3100,14500,68500,346100,1729100,8703500,43908900
round_k,0,1,5,15,72,342,1730,8645,43517,219544
round_shots,100,100,100,100,100,100,100,100,100,100
round_queries,100,300,1100,4500,20300,97500,486500,2566500,12922700,65509100
round_k,0,1,5,22,101,487,2432,12832,64613,327545
round_shots,200,100,100,100,100,100,100,100,100,100
round_queries,200,300,1100,4500,19700,95700,470700,2355100,11906900,60241100
round_k,0,1,5,22,98,478,2353,11775,59534,301205
round_shots,200,100,100,100,100,100,100,100,100,100
round_queries,200,300,1100,4500,21700,107100,535300,2686700,13577900,68679900
round_k,0,1,5,22,108,535,2676,13433,67889,343399
round_shots,200,100,100,100,100,100,100,100,100,100
round_queries,200,300,1100,4100,18300,89100,438300,2199300,11057900,56060300
round_k,0,1,5,20,91,445,2191,10996,55289,280301
round_shots,100,100,100,100,100,100,100,100,100,100
round_queries,100,300,1100,3700,17300,85100,417300,2080100,10402500,52696700
round_k,0,1,5,18,86,425,2086,10400,52012,263483
round_shots,200,100,100,100,100,100,100,100,100
round_queries,200,700,1900,9100,43900,213700,1061500,5359700,27014300
round_k,0,3,9,45,219,1068,5307,26798,135071
round_shots,100,100,100,100,100,100,100,100,100,100
round_queries,100,300,1100,5100,23300,114900,571700,2868500,14491700,73554300
round_k,0,1,5,25,116,574,2858,14342,72458,367771
round_shots,200,100,100,100,100,100,100,100,100
round_queries,200,500,1900,7100,35100,175100,873900,4426100,22360500
round_k,0,2,9,35,175,875,4369,22130,111802
round_shots,200,100,100,100,100,100,100,100,100,100
round_queries,200,300,1100,4100,18500,91700,461900,2320700,11764300,59624700
round_k,0,1,5,20,92,458,2309,11603,58821,298123
round_shots,200,100,100,100,100,100,100,100,100,100
round_queries,200,300,1500,5500,24300,120900,601700,3007900,15274900,77009500
round_k,0,1,7,27,121,604,3008,15039,76374,385047
round_shots,200,100,100,100,100,100,100,100,100,100
round_queries,200,300,1100,4100,19900,96300,481500,2432900,12340100,62547100
round_k,0,1,5,20,99,481,2407,12164,61700,312735
round_shots,200,100,100,100,100,100,100,100,100,100
round_queries,200,300,1100,4900,23500,115100,571900,2880700,14458900,73171900
round_k,0,1,5,24,117,575,2859,14403,72294,365859
round_shots,100,100,100,100,100,100,100,100,100,100
round_queries,100,300,1100,4100,18700,90900,451500,2271700,11517500,58419300
round_k,0,1,5,20,93,454,2257,11358,57587,292096
round_shots,100,100,100,100,100,100,100,100,100,100
round_queries,100,300,1100,5100,24500,116500,582500,2935100,14883700,75160700
round_k,0,1,5,25,122,582,2912,14675,74418,375803
round_shots,100,100,100,100,100,100,100,100,100
round_queries,100,300,1500,7100,34500,164100,812700,4092500,20686300
round_k,0,1,7,35,172,820,4063,20462,103431
round_shots,200,100,100,100,100,100,100,100,100,100
round_queries,200,300,1100,4500,19900,98300,483900,2419500,12187300,61648700
round_k,0,1,5,22,99,491,2419,12097,60936,308243
round_shots,200,100,100,100,100,100,100,100,100,100
round_queries,200,300,1100,3700,15900,74900,364900,1822700,9213700,46702300
round_k,0,1,5,18,79,374,1824,9113,46068,233511
round_shots,100,100,100,100,100,100,100,100,100,100
round_queries,100,300,900,3100,14900,74500,369100,1846300,9290900,46673700
round_k,0,1,4,15,74,372,1845,9231,46454,233368
round_shots,200,100,100,100,100,100,100,100,100,100
round_queries,200,300,1100,4100,19700,96300,481700,2410300,12166700,61684500
round_k,0,1,5,20,98,481,2408,12051,60833,308422
round_shots,200,100,100,100,100,100,100,100,100,100
round_queries,200,300,1100,4100,19100,91500,454900,2293100,11623300,58965500
round_k,0,1,5,20,95,457,2274,11465,58116,294827
round_shots,100,100,100,100,100,100,100,100,100,100
round_queries,100,300,700,2300,10500,48900,242100,1200300,6040900,30622900
round_k,0,1,3,11,52,244,1210,6001,30204,153114
round_shots,100,100,100,100,100,100,100,100,100
round_queries,100,300,1500,6700,32300,156900,771900,3856100,19532100
round_k,0,1,7,33,161,784,3859,19280,97660
round_shots,100,100,100,100,100,100,100,100,100,100
round_queries,100,300,1100,4700,22500,108700,531100,2662500,13470500,68332100
round_k,0,1,5,23,112,543,2655,13312,67352,341660
round_shots,200,100,100,100,100,100,100,100,100
round_queries,200,300,1100,5300,26500,132100,662300,3345700,16955700
round_k,0,1,5,26,132,660,3311,16728,84778
round_shots,100,100,100,100,100,100,100,100,100,100
round_queries,100,300,1100,3700,18500,92500,462500,2311900,11710500,59341100
round_k,0,1,5,18,92,462,2312,11559,58552,296705
round_shots,100,100,100,100,100,100,100,100,100,100
round_queries,100,300,1100,5500,25500,123300,615300,3062900,15349700,77703100
round_k,0,1,5,27,127,616,3076,15314,76748,388515
round_shots,100,100,100,100,100,100,100,100,100,100
round_queries,100,300,1100,3700,16500,77100,385900,1942100,9807100,49730100
round_k,0,1,5,18,82,385,1929,9710,49035,248650
round_shots,200,100,100,100,100,100,100,100,100,100
round_queries,200,300,1100,4100,19700,94900,478300,2393100,12136700,61005900
round_k,0,1,5,20,98,474,2391,11965,60683,305029
round_shots,200,100,100,100,100,100,100,100,100,100
round_queries,200,300,1100,4100,18900,91100,454100,2290700,11533700,58466500
round_k,0,1,5,20,94,455,2270,11453,57668,292332
round_shots,100,100,100,100,100,100,100,100,100,100
round_queries,100,300,1100,3700,17900,85500,420700,2103700,10612700,53711500
round_k,0,1,5,18,89,427,2103,10518,53063,268557
round_shots,200,100,100,100,100,100,100,100,100
round_queries,200,300,1500,6500,32700,149100,721900,3617900,18320100
round_k,0,1,7,32,163,745,3609,18089,91600
round_shots,100,100,100,100,100,100,100,100,100,100
round_queries,100,300,1100,5100,22300,105500,526900,2599900,13128700,66410300
round_k,0,1,5,25,111,527,2634,12999,65643,332051
round_shots,100,100,100,100,100,100,100,100,100,100
round_queries,100,300,1100,4500,20500,94700,457100,2298300,11570700,58486100
round_k,0,1,5,22,102,473,2285,11491,57853,292430
round_shots,200,100,100,100,100,100,100,100,100,100
round_queries,200,300,1100,4100,19500,92100,458700,2312700,11729700,59318500
round_k,0,1,5,20,97,460,2293,11563,58648,296592
round_shots,100,100,100,100,100,100,100,100,100,100
round_queries,100,300,1100,4900,23700,115700,569500,2871300,14516700,73231700
round_k,0,1,5,24,118,578,2847,14356,72583,366158
round_shots,200,100,100,100,100,100,100,100,100,100
round_queries,200,300,1100,4900,20700,97300,476300,2390900,12086900,61352700
round_k,0,1,5,24,103,486,2381,11954,60434,306763
round_shots,100,100,100,100,100,100,100,100,100,100
round_queries,100,300,700,2500,10300,51300,240300,1211500,6102500,30887100
round_k,0,1,3,12,51,256,1201,6057,30512,154435
round_shots,100,100,100,100,100,100,100,100,100,100
round_queries,100,300,1100,4100,17700,87900,434300,2175700,11000900,55706100
round_k,0,1,5,20,88,439,2171,10878,55004,278530
round_shots,200,100,100,100,100,100,100,100,100
round_queries,200,700,1900,8100,40100,197300,989300,4977300,24943300
round_k,0,3,9,40,200,986,4946,24886,124716
round_shots,200,100,100,100,100,100,100,100,100,100
round_queries,200,300,700,2700,10900,54500,265700,1330300,6702700,33734900
round_k,0,1,3,13,54,272,1328,6651,33513,168674
round_shots,200,100,100,100,100,100,100,100,100,100
round_queries,200,300,1100,4100,16700,98500,484500,2423300,12182900,61532700
round_k,0,1,5,20,83,492,2422,12116,60914,307663
round_shots,200,100,100,100,100,100,100,100,100,100
round_queries,200,300,1100,4500,21700,99700,466700,2346300,11765300,59633300
round_k,0,1,5,22,108,498,2333,11731,58826,298166
round_shots,100,100,100,100,100,100,100,100,100,100
round_queries,100,300,1100,4500,21100,99500,498900,2497900,12626500,63869100
round_k,0,1,5,22,105,497,2494,12489,63132,319345
round_shots,100,100,100,100,100,100,100,100,100,100
round_queries,100,300,700,1900,6900,31300,153700,763100,3828500,19350900
round_k,0,1,3,9,34,156,768,3815,19142,96754
round_shots,200,100,100,100,100,100,100,100,100,100
round_queries,200,300,700,2300,9300,43700,216900,1072500,5406500,27370100
round_k,0,1,3,11,46,218,1084,5362,27032,136850
round_shots,200,100,100,100,100,100,100,100,100
round_queries,200,300,1500,5900,28500,139900,689100,3446300,17392100
round_k,0,1,7,29,142,699,3445,17231,86960
round_shots,100,100,100,100,100,100,100,100,100,100
round_queries,100,300,1100,4900,22500,108300,534700,2695100,13539300,68618700
round_k,0,1,5,24,112,541,2673,13475,67696,343093
round_shots,200,100,100,100,100,100,100,100,100,100
round_queries,200,300,1100,4100,17700,87500,431100,2170300,10935500,55342500
round_k,0,1,5,20,88,437,2155,10851,54677,276712
round_shots,200,100,100,100,100,100,100,100,100,100
round_queries,200,300,1100,4500,19500,92500,455900,2284300,12134500,61280100
round_k,0,1,5,22,97,462,2279,11421,60672,306400
round_shots,200,100,100,100,100,100,100,100,100,100
round_queries,200,300,1100,4500,19900,98100,486900,2460500,12472900,63321700
round_k,0,1,5,22,99,490,2434,12302,62364,316608
round_shots,100,100,100,100,100,100,100,100,100,100
round_queries,100,300,1100,4100,17100,84500,413700,2090100,10517900,52923300
round_k,0,1,5,20,85,422,2068,10450,52589,264616
round_shots,200,100,100,100,100,100,100,100,100,100
round_queries,200,300,700,2300,9100,44300,215100,1073500,5420900,27472900
round_k,0,1,3,11,45,221,1075,5367,27104,137364
round_shots,100,100,100,100,100,100,100,100,100
round_queries,100,300,1500,6300,29900,147500,743300,3720900,18851500
round_k,0,1,7,31,149,737,3716,18604,94257
round_shots,100,100,100,100,100,100,100,100,100,100
round_queries,100,300,700,2700,12700,59700,288300,1443300,7260500,36745500
round_k,0,1,3,13,63,298,1441,7216,36302,183727
round_shots,100,100,100,100,100,100,100,100,100,100
round_queries,100,300,1100,4900,23100,109300,544500,2720300,13655300,69063700
round_k,0,1,5,24,115,546,2722,13601,68276,345318
round_shots,200,100,100,100,100,100,100,100,100
round_queries,200,700,2900,12900,61700,302700,1528700,7705700,38968100
round_k,0,3,14,64,308,1513,7643,38528,194840
round_shots,100,100,100,100,100,100,100,100,100,100
round_queries,100,300,1100,4500,20500,98500,488700,2440500,12368900,62703700
round_k,0,1,5,22,102,492,2443,12202,61844,313518
round_shots,100,100,100,100,100,100,100,100,100,100
round_queries,100,300,1100,5500,23900,116700,589900,2991300,15137300,76427300
round_k,0,1,5,27,119,583,2949,14956,75686,382136
round_shots,100,100,100,100,100,100,100,100,100,100
round_queries,100,300,1100,3100,13500,64900,316100,1592300,8029500,40537100
round_k,0,1,5,15,67,324,1580,7961,40147,202685
round_shots,200,100,100,100,100,100,100,100,100,100
round_queries,200,300,1500,5500,23700,112500,562500,2844300,14329900,72403500
round_k,0,1,7,27,118,562,2812,14221,71649,362017
round_shots,200,100,100,100,100,100,100,100,100
round_queries,200,500,1900,8500,41500,200300,1003300,5065500,25451300
round_k,0,2,9,42,207,1001,5016,25327,127256
round_shots,100,100,100,100,100,100,100,100,100,100
round_queries,100,300,1100,4100,17700,83100,407100,2056500,10319900,52204900
round_k,0,1,5,20,88,415,2035,10282,51599,261024
round_shots,100,100,100,100,100,100,100,100,100,100
round_queries,100,300,1100,5500,24900,117100,577100,2909100,14696900,74450700
round_k,0,1,5,27,124,585,2885,14545,73484,372253
round_shots,100,100,100,100,100,100,100,100,100,100
round_queries,100,300,1500,5500,24900,120100,595900,2990300,15030300,75929100
round_k,0,1,7,27,124,600,2979,14951,75151,379645
round_shots,300,100,100,100,100,100,100,100,100,100
round_queries,300,300,1100,4700,22300,107900,537300,2712500,13617700,68960100
round_k,0,1,5,23,111,539,2686,13562,68088,344800
round_shots,200,100,100,100,100,100,100,100,100
round_queries,200,500,1900,7100,32700,154100,762500,3848500,19434900
round_k,0,2,9,35,163,770,3812,19242,97174
round_shots,100,100,100,100,100,100,100,100,100,100
round_queries,100,300,700,2900,14100,66900,335300,1658300,8361500,42279100
round_k,0,1,3,14,70,334,1676,8291,41807,211395
round_shots,200,100,100,100,100,100,100,100,100
round_queries,200,300,1500,7300,35500,175100,881100,4426500,22450900
round_k,0,1,7,36,177,875,4405,22132,112254
round_shots,100,100,100,100,100,100,100,100,100
round_queries,100,300,1100,5100,25100,125300,625500,3142700,15895900
round_k,0,1,5,25,125,626,3127,15713,79479
round_shots,100,100,100,100,100,100,100,100,100,100
round_queries,100,300,1100,5500,24900,123500,574700,2875700,14586900,73897100
round_k,0,1,5,27,124,617,2873,14378,72934,369485
round_shots,100,100,100,100,100,100,100,100,100,100
round_queries,100,300,1100,4100,19900,97900,492500,2486900,12573900,63576100
round_k,0,1,5,20,99,489,2462,12434,62869,317880
round_shots,100,100,100,100,100,100,100,100,100,100
round_queries,100,300,1100,4700,21900,105100,519900,2623900,13206100,66799700
round_k,0,1,5,23,109,525,2599,13119,66030,333998
round_shots,100,100,100,100,100,100,100,100,100,100
round_queries,100,300,1100,4700,19900,99500,490700,2444100,12378700,62201500
round_k,0,1,5,23,99,497,2453,12220,61893,311007
round_shots,100,100,100,100,100,100,100,100,100,100
round_queries,100,300,700,2900,12700,63500,314100,1579100,7966900,40374500
round_k,0,1,3,14,63,317,1570,7895,39834,201872
round_shots,100,100,100,100,100,100,100,100,100,100
round_queries,100,300,700,2300,11100,52700,262900,1318700,6623100,33527700
round_k,0,1,3,11,55,263,1314,6593,33115,167638
round_shots,100,100,100,100,100,100,100,100,100,100
round_queries,100,300,700,2700,12100,57100,277900,1384900,6952900,34915500
round_k,0,1,3,13,60,285,1389,6924,34764,174577
round_shots,200,100,100,100,100,100,100,100,100,100
round_queries,200,300,1100,3700,15900,78700,397500,1998500,10056500,50922100
round_k,0,1,5,18,79,393,1987,9992,50282,254610
round_shots,100,100,100,100,100,100,100,100,100,100
round_queries,100,300,1100,4100,17100,80500,386900,1901100,9621900,48624100
round_k,0,1,5,20,85,402,1934,9505,48109,243120
round_shots,100,100,100,100,100,100,100,100,100,100
round_queries,100,300,1100,5100,23300,114500,575500,2888500,14593100,73169500
round_k,0,1,5,25,116,572,2877,14442,72965,365847
round_shots,100,100,100,100,100,100,100,100,100,100
round_queries,100,300,1100,4500,20700,100300,505100,2523700,12785100,64641500
round_k,0,1,5,22,103,501,2525,12618,63925,323207
round_shots,100,100,100,100,100,100,100,100,100,100
round_queries,100,300,700,3300,14700,72900,350300,1766500,8923500,45169900
round_k,0,1,3,16,73,364,1751,8832,44617,225849
round_shots,200,100,100,100,100,100,100,100,100,100
round_queries,200,300,1100,4700,22300,106500,530700,2663700,13356100,67649300
round_k,0,1,5,23,111,532,2653,13318,66780,338246
round_shots,200,100,100,100,100,100,100,100,100,100
round_queries,200,300,700,1900,8100,39700,195300,973700,4926700,24885900
round_k,0,1,3,9,40,198,976,4868,24633,124429
round_shots,100,100,100,100,100,100,100,100,100,100
round_queries,100,300,1100,4900,23300,111700,539300,2727100,13843900,69959100
round_k,0,1,5,24,116,558,2696,13635,69219,349795
round_shots,200,100,100,100,100,100,100,100,100,100
round_queries,200,300,1100,4500,19900,94700,469900,2364300,11934100,60499700
round_k,0,1,5,22,99,473,2349,11821,59670,302498
round_shots,100,100,100,100,100,100,100,100,100,100
round_queries,100,300,700,2700,12300,57900,288900,1431500,7230500,36603100
round_k,0,1,3,13,61,289,1444,7157,36152,183015
round_shots,100,100,100,100,100,100,100,100,100,100
round_queries,100,300,1100,5100,24700,118700,589100,2974100,15046300,76199900
round_k,0,1,5,25,123,593,2945,14870,75231,380999
round_shots,100,100,100,100,100,100,100,100,100,100
round_queries,100,300,700,2500,12100,58300,294300,1468100,7411300,37562300
round_k,0,1,3,12,60,291,1471,7340,37056,187811
round_shots,100,100,100,100,100,100,100,100,100,100
round_queries,100,300,1100,5100,25500,121500,607700,3010100,15179300,76925300
round_k,0,1,5,25,127,607,3038,15050,75896,384626
round_shots,100,100,100,100,100,100,100,100,100,100
round_queries,100,300,1100,4500,19700,98300,492900,2485100,12508700,63448100
round_k,0,1,5,22,98,491,2464,12425,62543,317240
round_shots,200,100,100,100,100,100,100,100,100,100
round_queries,200,300,700,2300,9100,45500,218900,1109300,5613500,28340900
round_k,0,1,3,11,45,227,1094,5546,28067,141704
round_shots,200,100,100,100,100,100,100,100,100
round_queries,200,500,1500,6300,31300,153900,771300,3857500,19422700
round_k,0,2,7,31,156,769,3856,19287,97113
round_shots,100,100,100,100,100,100,100,100,100,100
round_queries,100,300,700,2300,10100,48100,234300,1175900,5934300,30014500
round_k,0,1,3,11,50,240,1171,5879,29671,150072
round_shots,200,100,100,100,100,100,100,100,100,100
round_queries,200,300,1100,4500,20100,98500,482900,2425100,12252100,61140100
round_k,0,1,5,22,100,492,2414,12125,61260,305700
round_shots,200,100,100,100,100,100,100,100,100,100
round_queries,200,300,1100,5500,24500,112900,527700,2537900,12292300,62312500
round_k,0,1,5,27,122,564,2638,12689,61461,311562
round_shots,100,100,100,100,100,100,100,100,100,100
round_queries,100,300,1100,4900,22700,106900,530900,2658500,13422700,67534500
round_k,0,1,5,24,113,534,2654,13292,67113,337672
round_shots,100,100,100,100,100,100,100,100,100,100
round_queries,100,300,1100,4900,22900,108500,535500,2693100,13509700,68573900
round_k,0,1,5,24,114,542,2677,13465,67548,342869
round_shots,100,100,100,100,100,100,100,100,100,100
round_queries,100,300,1100,4900,23100,107500,527100,2653100,13402500,67716700
round_k,0,1,5,24,115,537,2635,13265,67012,338583
round_shots,200,100,100,100,100,100,100,100,100,100
round_queries,200,300,700,1900,9300,42300,211500,1060100,5341500,27120900
round_k,0,1,3,9,46,211,1057,5300,26707,135604
round_shots,200,100,100,100,100,100,100,100,100
round_queries,200,300,1500,6900,31500,154700,758300,3769700,18952500
round_k,0,1,7,34,157,773,3791,18848,94762
round_shots,200,100,100,100,100,100,100,100,100,100
round_queries,200,300,1100,4100,19300,93700,474500,2399300,12059700,61161700
round_k,0,1,5,20,96,468,2372,11996,60298,305808
round_shots,100,100,100,100,100,100,100,100,100,100
round_queries,100,300,1100,4100,19900,97300,475100,2388900,12072700,61261700
round_k,0,1,5,20,99,486,2375,11944,60363,306308
round_shots,100,100,100,100,100,100,100,100,100,100
round_queries,100,300,1100,4500,20300,100900,506700,2518300,12740100,64608500
round_k,0,1,5,22,101,504,2533,12591,63700,323042
round_shots,100,100,100,100,100,100,100,100,100,100
round_queries,100,300,1100,5100,22700,113900,568900,2874500,14583700,73831500
round_k,0,1,5,25,113,569,2844,14372,72918,369157
round_shots,100,100,100,100,100,100,100,100,100,100
round_queries,100,300,1100,5100,24700,118500,594900,3004900,15226100,77117900
round_k,0,1,5,25,123,592,2974,15024,76130,385589
round_shots,100,100,100,100,100,100,100,100,100,100
round_queries,100,300,700,1900,7100,33100,162300,811500,4094700,20756300
round_k,0,1,3,9,35,165,811,4057,20473,103781
round_shots,200,100,100,100,100,100,100,100,100,100
round_queries,200,300,1100,4500,20300,101500,505300,2543300,12892300,65333900
round_k,0,1,5,22,101,507,2526,12716,64461,326669
round_shots,200,100,100,100,100,100,100,100,100,100
round_queries,200,300,700,2900,13500,61500,303900,1520300,7655500,38812700
round_k,0,1,3,14,67,307,1519,7601,38277,194063
round_shots,100,100,100,100,100,100,100,100,100,100
round_queries,100,300,1100,4900,23500,112700,547900,2755900,13948500,70733700
round_k,0,1,5,24,117,563,2739,13779,69742,353668
round_shots,100,100,100,100,100,100,100,100,100,100
round_queries,100,300,1100,3700,18100,87300,436500,2183900,11056900,56014900
round_k,0,1,5,18,90,436,2182,10919,55284,280074
round_shots,100,100,100,100,100,100,100,100,100,100
round_queries,100,300,1100,4700,23300,116900,586500,2946500,14892500,75573100
round_k,0,1,5,23,116,584,2932,14732,74462,377865
round_shots,200,100,100,100,100,100,100,100,100
round_queries,200,300,1500,7100,34300,172500,853700,4291100,21581700
round_k,0,1,7,35,171,862,4268,21455,107908
round_shots,200,100,100,100,100,100,100,100,100
round_queries,200,300,1500,6300,29300,134700,681300,3426700,17383100
round_k,0,1,7,31,146,673,3406,17133,86915
round_shots,200,100,100,100,100,100,100,100,100
round_queries,200,300,1100,5500,25100,124100,624100,3120500,15706700
round_k,0,1,5,27,125,620,3120,15602,78533
round_shots,200,100,100,100,100,100,100,100,100,100
round_queries,200,300,1100,5100,22700,111300,511700,2553700,12923100,65181100
round_k,0,1,5,25,113,556,2558,12768,64615,325905
round_shots,100,100,100,100,100,100,100,100,100,100
round_queries,100,300,1100,4700,20300,95300,475300,2388500,12082700,61313700
round_k,0,1,5,23,101,476,2376,11942,60413,306568
round_shots,100,100,100,100,100,100,100,100,100,100
round_queries,100,300,700,2700,11100,51100,255700,1288100,6470900,32839900
round_k,0,1,3,13,55,255,1278,6440,32354,164199
round_shots,100,100,100,100,100,100,100,100,100
round_queries,100,300,1500,6700,29500,150100,719100,3484500,17514300
round_k,0,1,7,33,147,750,3595,17422,87571
round_shots,300,100,100,100,100,100,100,100,100,100
round_queries,300,300,1100,3700,16300,79900,397700,1962300,9917700,50312900
round_k,0,1,5,18,81,399,1988,9811,49588,251564
round_shots,200,100,100,100,100,100,100,100,100,100
round_queries,200,300,700,2300,10100,49300,242700,1222500,6163700,31274500
round_k,0,1,3,11,50,246,1213,6112,30818,156372
round_shots,100,100,100,100,100,100,100,100,100,100
round_queries,100,300,1100,4100,19300,93100,461700,2340300,11726100,59370900
round_k,0,1,5,20,96,465,2308,11701,58630,296854
round_shots,200,100,100,100,100,100,100,100,100,100
round_queries,200,300,700,2300,8900,40900,204700,1027700,5153100,26121700
round_k,0,1,3,11,44,204,1023,5138,25765,130608
round_shots,300,100,100,100,100,100,100,100,100
round_queries,300,500,2300,9900,47900,233100,1164300,5900900,29881500
round_k,0,2,11,49,239,1165,5821,29504,149407
round_shots,200,100,100,100,100,100,100,100,100,100
round_queries,200,300,1100,3700,15900,76100,378500,1847900,9287700,46957300
round_k,0,1,5,18,79,380,1892,9239,46438,234786
round_shots,100,100,100,100,100,100,100,100,100,100
round_queries,100,300,1100,4100,19900,96300,479500,2411900,12160100,61453900
round_k,0,1,5,20,99,481,2397,12059,60800,307269
round_shots,100,100,100,100,100,100,100,100,100,100
round_queries,100,300,1100,3900,16900,79100,381500,1936500,9799300,49198300
round_k,0,1,5,19,84,395,1907,9682,48996,245991
round_shots,100,100,100,100,100,100,100,100,100,100
round_queries,100,300,1100,4500,21100,101900,510900,2588700,12975900,65608700
round_k,0,1,5,22,105,509,2554,12943,64879,328043
round_shots,200,100,100,100,100,100,100,100,100,100
round_queries,200,300,1100,4100,18500,92500,455300,2275300,11501500,58278900
round_k,0,1,5,20,92,462,2276,11376,57507,291394
round_shots,100,100,100,100,100,100,100,100,100,100
round_queries,100,300,1100,5100,24700,119100,600900,3022900,15216900,76985700
round_k,0,1,5,25,123,595,3004,15114,76084,384928
round_shots,100,100,100,100,100,100,100,100,100,100
round_queries,100,300,1100,5100,24100,115500,573700,2890700,14639100,74227700
round_k,0,1,5,25,120,577,2868,14453,73195,371138
round_shots,100,100,100,100,100,100,100,100,100,100
round_queries,100,300,1100,3700,16300,80100,398900,2016900,10194300,51357900
round_k,0,1,5,18,81,400,1994,10084,50971,256789
round_shots,100,100,100,100,100,100,100,100,100,100
round_queries,100,300,900,4500,20100,100700,494700,2473900,12514500,63401100
round_k,0,1,4,22,100,503,2473,12369,62572,317005
round_shots,100,100,100,100,100,100,100,100,100,100
round_queries,100,300,1100,4500,19900,96500,464700,2283700,11389100,57756500
round_k,0,1,5,22,99,482,2323,11418,56945,288782
round_shots,200,100,100,100,100,100,100,100,100,100
round_queries,200,300,1100,3100,13100,62500,313500,1578300,8000100,40548900
round_k,0,1,5,15,65,312,1567,7891,40000,202744
round_shots,100,100,100,100,100,100,100,100,100,100
round_queries,100,300,1100,5100,22100,106900,534900,2680300,13554300,68608500
round_k,0,1,5,25,110,534,2674,13401,67771,343042
round_shots,100,100,100,100,100,100,100,100,100
round_queries,100,300,1500,6300,29500,145700,722100,3644500,18399300
round_k,0,1,7,31,147,728,3610,18222,91996
round_shots,200,100,100,100,100,100,100,100,100,100
round_queries,200,300,1100,5100,24700,119900,596500,2981500,15072100,75890300
round_k,0,1,5,25,123,599,2982,14907,75360,379451
round_shots,100,100,100,100,100,100,100,100,100,100
round_queries,100,300,1100,3700,18100,87700,426300,2149500,10885900,55242700
round_k,0,1,5,18,90,438,2131,10747,54429,276213
round_shots,300,100,100,100,100,100,100,100,100
round_queries,300,500,1900,8700,39300,190700,944700,4783700,23953500
round_k,0,2,9,43,196,953,4723,23918,119767
round_shots,200,100,100,100,100,100,100,100,100,100
round_queries,200,300,1100,4500,21300,105500,526500,2607100,13088100,66198100
round_k,0,1,5,22,106,527,2632,13035,65440,330990
round_shots,100,100,100,100,100,100,100,100,100,100
round_queries,100,300,1100,4900,24300,117100,572100,2881500,14593900,74013900
round_k,0,1,5,24,121,585,2860,14407,72969,370069
round_shots,100,100,100,100,100,100,100,100,100
round_queries,100,300,1500,7100,33100,159300,792300,3965900,20113900
round_k,0,1,7,35,165,796,3961,19829,100569
round_shots,100,100,100,100,100,100,100,100,100,100
round_queries,100,300,1100,4500,21500,104700,501300,2523700,12689300,64387900
round_k,0,1,5,22,107,523,2506,12618,63446,321939
round_shots,100,100,100,100,100,100,100,100,100,100
round_queries,100,300,700,2900,12500,58500,289900,1465900,7426100,37680100
round_k,0,1,3,14,62,292,1449,7329,37130,188400
round_shots,100,100,100,100,100,100,100,100,100,100
round_queries,100,300,700,1900,8500,39500,196700,984100,4945300,25074100
round_k,0,1,3,9,42,197,983,4920,24726,125370
round_shots,100,100,100,100,100,100,100,100,100,100
round_queries,100,300,1100,4500,19300,97100,485500,2448500,12405900,62838900
round_k,0,1,5,22,96,485,2427,12242,62029,314194
round_shots,100,100,100,100,100,100,100,100,100,100
round_queries,100,300,1100,5100,24700,120300,602900,3033100,15287100,77076700
round_k,0,1,5,25,123,601,3014,15165,76435,385383
round_shots,100,200,100,100,100,100,100,100,100
round_queries,100,600,1900,8500,40300,192500,949700,4793900,24193300
round_k,0,1,9,42,201,962,4748,23969,120966
round_shots,200,200,100,100,100,100,100,100,100
round_queries,200,600,1900,9300,43500,214300,1075500,5445100,27356100
round_k,0,1,9,46,217,1071,5377,27225,136780
round_shots,100,100,100,100,100,100,100,100,100,100
round_queries,100,300,700,2900,12900,62100,305500,1544300,7792900,39439900
round_k,0,1,3,14,64,310,1527,7721,38964,197199
round_shots,200,100,100,100,100,100,100,100,100
round_queries,200,300,1500,6700,31900,153900,769900,3862100,19549300
round_k,0,1,7,33,159,769,3849,19310,97746
round_shots,100,100,100,100,100,100,100,100,100,100
round_queries,100,300,700,2300,10300,47300,235900,1187300,5988700,30331500
round_k,0,1,3,11,51,236,1179,5936,29943,151657
round_shots,100,100,100,100,100,100,100,100,100
round_queries,100,300,1500,6300,31100,154300,776300,3865100,19498100
round_k,0,1,7,31,155,771,3881,19325,97490
round_shots,200,200,100,100,100,100,100,100,100,100
round_queries,200,600,1100,4500,21300,101900,503300,2506300,12686100,63615500
round_k,0,1,5,22,106,509,2516,12531,63430,318077
round_shots,200,100,100,100,100,100,100,100,100,100
round_queries,200,300,1100,4100,19100,92500,459300,2305700,11552100,58640100
round_k,0,1,5,20,95,462,2296,11528,57760,293200
round_shots,100,100,100,100,100,100,100,100,100,100
round_queries,100,300,700,2900,13100,60900,305100,1542100,7759900,39231100
round_k,0,1,3,14,65,304,1525,7710,38799,196155
round_shots,200,100,100,100,100,100,100,100,100,100
round_queries,200,300,1100,4700,20700,100700,501700,2497300,12619500,63833300
round_k,0,1,5,23,103,503,2508,12486,63097,319166
round_shots,100,100,100,100,100,100,100,100,100,100
round_queries,100,300,1100,4500,20900,104900,523700,2619300,13279700,67345500
round_k,0,1,5,22,104,524,2618,13096,66398,336727
round_shots,100,100,100,100,100,100,100,100,100,100
round_queries,100,300,1100,4100,19100,94100,461300,2338500,11719900,59519500
round_k,0,1,5,20,95,470,2306,11692,58599,297597
round_shots,100,100,100,100,100,100,100,100,100,100
round_queries,100,300,1100,4100,17900,87900,435300,2172900,10975300,55667500
round_k,0,1,5,20,89,439,2176,10864,54876,278337
round_shots,200,100,100,100,100,100,100,100,100,100
round_queries,200,300,700,1900,7100,32900,159100,800900,4024300,20348700
round_k,0,1,3,9,35,164,795,4004,20121,101743
round_shots,100,100,100,100,100,100,100,100,100,100
round_queries,100,300,700,2700,13500,67500,318100,1573100,7908500,40063700
round_k,0,1,3,13,67,337,1590,7865,39542,200318
round_shots,200,100,100,100,100,100,100,100,100,100
round_queries,200,300,1100,5100,24100,116300,585300,2933500,14835700,75282100
round_k,0,1,5,25,120,581,2926,14667,74178,376410
round_shots,100,100,100,100,100,100,100,100,100,100
round_queries,100,300,1100,4500,20700,103700,514700,2586900,13055900,65992700
round_k,0,1,5,22,103,518,2573,12934,65279,329963
round_shots,100,100,100,100,100,100,100,100,100,100
round_queries,100,300,1100,4900,22500,108500,539900,2700700,13629500,68824900
round_k,0,1,5,24,112,542,2699,13503,68147,344124
round_shots,100,100,100,100,100,100,100,100,100,100
round_queries,100,300,1100,3500,16900,82900,413300,2088500,10497700,53249100
round_k,0,1,5,17,84,414,2066,10442,52488,266245
round_shots,100,100,100,100,100,100,100,100,100,100
round_queries,100,300,1100,4100,20500,99500,483300,2430100,12214900,61734500
round_k,0,1,5,20,102,497,2416,12150,61074,308672
round_shots,300,100,100,100,100,100,100,100,100,100
round_queries,300,300,700,1900,7700,34700,167100,838300,4235900,21176700
round_k,0,1,3,9,38,173,835,4191,21179,105883
round_shots,200,100,100,100,100,100,100,100,100,100
round_queries,200,300,1100,4100,18500,91300,447500,2237300,11277300,57177500
round_k,0,1,5,20,92,456,2237,11186,56386,285887
round_shots,100,100,100,100,100,100,100,100,100,100
round_queries,100,300,1100,4500,20500,94500,466500,2332900,11762300,59586700
round_k,0,1,5,22,102,472,2332,11664,58811,297933
round_shots,200,100,100,100,100,100,100,100,100,100
round_queries,200,300,1100,3700,16500,77100,389300,1958100,9892900,50163300
round_k,0,1,5,18,82,385,1946,9790,49464,250816
round_shots,200,100,100,100,100,100,100,100,100
round_queries,200,500,1900,8500,39700,189500,949300,4731500,23982500
round_k,0,2,9,42,198,947,4746,23657,119912
round_shots,100,100,100,100,100,100,100,100,100
round_queries,100,300,1500,6700,32700,160900,800500,3968100,20113100
round_k,0,1,7,33,163,804,4002,19840,100565
round_shots,100,100,100,100,100,100,100,100,100,100
round_queries,100,300,700,2900,12700,57300,277300,1384100,6986100,35613900
round_k,0,1,3,14,63,286,1386,6920,34930,178069
round_shots,100,100,100,100,100,100,100,100,100,100
round_queries,100,300,700,2300,9300,42500,207300,1042100,5225100,26366900
round_k,0,1,3,11,46,212,1036,5210,26125,131834
round_shots,200,100,100,100,100,100,100,100,100,100
round_queries,200,300,700,2900,13500,64700,313700,1562700,7908900,39961500
round_k,0,1,3,14,67,323,1568,7813,39544,199807
round_shots,100,100,100,100,100,100,100,100,100,100
round_queries,100,300,1100,4500,20100,98100,489100,2601500,13022300,65945100
round_k,0,1,5,22,100,490,2445,13007,65111,329725
round_shots,200,100,100,100,100,100,100,100,100,100
round_queries,200,300,1100,4300,20900,101700,509100,2551500,12898500,65219500
round_k,0,1,5,21,104,508,2545,12757,64492,326097
round_shots,200,100,100,100,100,100,100,100,100
round_queries,200,300,1500,7100,31700,152700,765300,3869500,19526900
round_k,0,1,7,35,158,763,3826,19347,97634
round_shots,200,100,100,100,100,100,100,100,100,100
round_queries,200,300,1100,4100,16900,81500,410900,2035300,10322900,52343300
round_k,0,1,5,20,84,407,2054,10176,51614,261716
round_shots,200,100,100,100,100,100,100,100,100,100
round_queries,200,300,700,1900,7900,39300,194300,967700,4893300,24802700
round_k,0,1,3,9,39,196,971,4838,24466,124013
round_shots,100,100,100,100,100,100,100,100,100,100
round_queries,100,300,1100,4100,19100,95500,480900,2409100,12054500,60640900
round_k,0,1,5,20,95,477,2404,12045,60272,303204
round_shots,300,100,100,100,100,100,100,100,100
round_queries,300,500,1900,8700,43300,214100,1072900,5409100,27348300
round_k,0,2,9,43,216,1070,5364,27045,136741
round_shots,100,100,100,100,100,100,100,100,100
round_queries,100,500,1500,6300,29300,140500,706100,3556500,17821500
round_k,0,2,7,31,146,702,3530,17782,89107
round_shots,200,100,100,100,100,100,100,100,100,100
round_queries,200,300,700,2700,12700,62100,312500,1566500,7872500,39859100
round_k,0,1,3,13,63,310,1562,7832,39362,199295
round_shots,100,100,100,100,100,100,100,100,100,100
round_queries,100,300,700,2900,13700,67300,336900,1645100,8077700,40767900
round_k,0,1,3,14,68,336,1684,8225,40388,203839
round_shots,200,100,100,100,100,100,100,100,100,100
round_queries,200,300,1100,4500,20100,96900,483900,2400300,12060900,61182900
round_k,0,1,5,22,100,484,2419,12001,60304,305914
round_shots,100,100,100,100,100,100,100,100,100,100
round_queries,100,300,1100,4100,18100,88900,433100,2143300,10854500,54480300
round_k,0,1,5,20,90,444,2165,10716,54272,272401
round_shots,100,100,100,100,100,100,100,100,100,100
round_queries,100,300,1100,4900,23900,120300,595500,2984500,15093100,76523500
round_k,0,1,5,24,119,601,2977,14922,75465,382617
round_shots,100,100,100,100,100,100,100,100,100,100
round_queries,100,300,1100,3700,18500,90700,449700,2253900,11407300,57849500
round_k,0,1,5,18,92,453,2248,11269,57036,289247
round_shots,200,100,100,100,100,100,100,100,100,100
round_queries,200,300,1100,3100,14700,69100,345500,1731300,8724500,44176700
round_k,0,1,5,15,73,345,1727,8656,43622,220883
round_shots,100,100,100,100,100,100,100,100,100,100
round_queries,100,300,700,1900,8700,40300,199300,993300,5023300,25469300
round_k,0,1,3,9,43,201,996,4966,25116,127346
round_shots,100,100,100,100,100,100,100,100,100,100
round_queries,100,300,700,3300,14700,71900,354300,1766300,8821700,44628300
round_k,0,1,3,16,73,359,1771,8831,44108,223141
round_shots,300,100,100,100,100,100,100,100,100,100
round_queries,300,500,1500,5500,23900,118700,595300,2951700,14883500,75470700
round_k,0,2,7,27,119,593,2976,14758,74417,377353
round_shots,200,100,100,100,100,100,100,100,100,100
round_queries,200,300,1100,4100,17700,84700,419300,2092500,10585500,53414900
round_k,0,1,5,20,88,423,2096,10462,52927,267074
round_shots,200,100,100,100,100,100,100,100,100,100
round_queries,200,300,1100,4500,19500,94700,473900,2375500,14452900,73266900
round_k,0,1,5,22,97,473,2369,11877,72264,366334
round_shots,100,100,100,100,100,100,100,100,100,100
round_queries,100,300,1100,4500,20100,94900,467100,2335500,11798300,59880100
round_k,0,1,5,22,100,474,2335,11677,58991,299400
round_shots,200,100,100,100,100,100,100,100,100,100
round_queries,200,300,1100,5100,23700,115500,572500,2888700,14606500,73759900
round_k,0,1,5,25,118,577,2862,14443,73032,368799
round_shots,100,100,100,100,100,100,100,100,100,100
round_queries,100,300,1100,3700,16900,77900,379700,1913900,9632900,48834100
round_k,0,1,5,18,84,389,1898,9569,48164,244170
round_shots,200,100,100,100,100,100,100,100,100,100
round_queries,200,300,1100,5100,23100,107900,539300,2711700,13734100,69724700
round_k,0,1,5,25,115,539,2696,13558,68670,348623
round_shots,200,100,100,100,100,100,100,100,100
round_queries,200,700,2300,11100,55100,267900,1344300,6780300,34276100
round_k,0,3,11,55,275,1339,6721,33901,171380
round_shots,100,100,100,100,100,100,100,100,100
round_queries,100,300,1100,5100,24700,123500,616900,3110100,15685500
round_k,0,1,5,25,123,617,3084,15550,78427
round_shots,100,100,100,100,100,100,100,100,100,100
round_queries,100,300,1100,3500,15900,75300,377100,1886900,9496300,48077900
round_k,0,1,5,17,79,376,1885,9434,47481,240389
round_shots,200,100,100,100,100,100,100,100,100
round_queries,200,300,1100,5500,26300,128900,637300,3207700,16221500
round_k,0,1,5,27,131,644,3186,16038,81107
round_shots,100,100,100,100,100,100,100,100,100,100
round_queries,100,300,1500,5300,23100,107500,534500,2690100,13592700,68459100
round_k,0,1,7,26,115,537,2672,13450,67963,342295
round_shots,100,100,100,100,100,100,100,100,100,100
round_queries,100,300,1100,3700,18500,89300,444300,2234900,11254700,56797100
round_k,0,1,5,18,92,446,2221,11174,56273,283985
round_shots,100,200,100,100,100,100,100,100,100
round_queries,100,600,1900,7300,33300,153900,768700,3876900,19507900
round_k,0,1,9,36,166,769,3843,19384,97539
round_shots,200,100,100,100,100,100,100,100,100,100
round_queries,200,300,1100,3700,15900,76300,382100,1920900,9689100,49022300
round_k,0,1,5,18,79,381,1910,9604,48445,245111
round_shots,200,100,100,100,100,100,100,100,100,100
round_queries,200,300,700,2900,12500,59300,298900,1509100,7582300,38429900
round_k,0,1,3,14,62,296,1494,7545,37911,192149
round_shots,100,100,100,100,100,100,100,100,100,100
round_queries,100,300,700,3300,14700,71700,357100,1799300,9068300,45945100
round_k,0,1,3,16,73,358,1785,8996,45341,229725
round_shots,100,100,100,100,100,100,100,100,100,100
round_queries,100,300,1500,4700,23500,114900,576300,2906500,14642500,74323700
round_k,0,1,7,23,117,574,2881,14532,73212,371618
round_shots,100,100,100,100,100,100,100,100,100,100
round_queries,100,300,1100,4500,20100,100500,501500,2538100,12855100,65094500
round_k,0,1,5,22,100,502,2507,12690,64275,325472
round_shots,100,100,100,100,100,100,100,100,100,100
round_queries,100,300,1100,4500,20500,99700,499500,2530300,12758700,64430700
round_k,0,1,5,22,102,498,2497,12651,63793,322153
round_shots,200,100,100,100,100,100,100,100,100,100
round_queries,200,300,700,2900,14100,67500,336100,1698100,8598900,43597500
round_k,0,1,3,14,70,337,1680,8490,42994,217987
round_shots,100,100,100,100,100,100,100,100,100,100
round_queries,100,300,1100,4900,21300,102500,502700,2526700,12779500,64821500
round_k,0,1,5,24,106,512,2513,12633,63897,324107
round_shots,100,100,100,100,100,100,100,100,100
round_queries,100,300,1100,4900,24500,121900,609300,3075300,15576300
round_k,0,1,5,24,122,609,3046,15376,77881
round_shots,100,100,100,100,100,100,100,100,100,100
round_queries,100,300,1100,3900,17500,83700,418100,2097500,10571700,52864700
round_k,0,1,5,19,87,418,2090,10487,52858,264323
round_shots,100,100,100,100,100,100,100,100,100
round_queries,100,300,1500,5900,28300,137500,634100,3193500,16067300
round_k,0,1,7,29,141,687,3170,15967,80336
round_shots,100,100,100,100,100,100,100,100,100,100
round_queries,100,300,700,1900,7900,35100,172500,860100,4327300,21791100
round_k,0,1,3,9,39,175,862,4300,21636,108955
round_shots,200,100,100,100,100,100,100,100,100,100
round_queries,200,300,1100,4900,21700,105500,520500,2606500,13126900,66587300
round_k,0,1,5,24,108,527,2602,13032,65634,332936
round_shots,200,100,100,100,100,100,100,100,100
round_queries,200,300,1500,5300,25700,123100,620300,3097500,15685300
round_k,0,1,7,26,128,615,3101,15487,78426
round_shots,100,100,100,100,100,100,100,100,100,100
round_queries,100,300,1100,4300,19100,90100,441900,2212500,11211500,56625100
round_k,0,1,5,21,95,450,2209,11062,56057,283125
round_shots,200,100,100,100,100,100,100,100,100,100
round_queries,200,300,700,2900,13100,62900,309100,1556700,7852300,39782100
round_k,0,1,3,14,65,314,1545,7783,39261,198910
round_shots,200,100,100,100,100,100,100,100,100,100
round_queries,200,300,1100,4300,19900,97100,487300,2447300,12342500,62653700
round_k,0,1,5,21,99,485,2436,12236,61712,313268
round_shots,300,100,100,100,100,100,100,100,100
round_queries,300,500,1900,7700,34900,174700,872300,4438900,22488500
round_k,0,2,9,38,174,873,4361,22194,112442
round_shots,100,100,100,100,100,100,100,100,100,100
round_queries,100,300,700,3300,14500,68700,341500,1697300,8555500,43200300
round_k,0,1,3,16,72,343,1707,8486,42777,216001
round_shots,100,100,100,100,100,100,100,100,100,100
round_queries,100,300,1100,3700,16900,79700,400100,2002900,10085700,51103100
round_k,0,1,5,18,84,398,2000,10014,50428,255515
round_shots,100,100,100,100,100,100,100,100,100
round_queries,100,300,1500,6300,30700,149100,735100,3710300,18756500
round_k,0,1,7,31,153,745,3675,18551,93782
round_shots,100,100,100,100,100,100,100,100,100,100
round_queries,100,300,1100,3700,16100,77700,376700,1879700,9434300,47794500
round_k,0,1,5,18,80,388,1883,9398,47171,238972
round_shots,100,100,100,100,100,100,100,100,100,100
round_queries,100,300,1100,4500,21700,104500,526700,2648100,13362900,67791900
round_k,0,1,5,22,108,522,2633,13240,66814,338959
round_shots,200,100,100,100,100,100,100,100,100,100
round_queries,200,300,1100,4100,19300,92100,452900,2272500,11311300,57300100
round_k,0,1,5,20,96,460,2264,11362,56556,286500
round_shots,100,100,100,100,100,100,100,100,100,100
round_queries,100,300,700,2900,12100,57500,289900,1449500,7307100,36974700
round_k,0,1,3,14,60,287,1449,7247,36535,184873
round_shots,100,100,100,100,100,100,100,100,100,100
round_queries,100,300,700,1900,7500,35700,174100,834900,4211900,21328500
round_k,0,1,3,9,37,178,870,4174,21059,106642
round_shots,100,100,100,100,100,100,100,100,100,100
round_queries,100,300,1100,5500,24700,119900,604900,3032700,15319300,77324700
round_k,0,1,5,27,123,599,3024,15163,76596,386623
round_shots,300,100,100,100,100,100,100,100,100
round_queries,300,500,1900,8100,40700,194300,978700,4950500,25084900
round_k,0,2,9,40,203,971,4893,24752,125424
round_shots,200,100,100,100,100,100,100,100,100,100
round_queries,200,300,1100,4900,23500,113300,566100,2847700,14390900,73076900
round_k,0,1,5,24,117,566,2830,14238,71954,365384
round_shots,100,100,100,100,100,100,100,100,100,100
round_queries,100,300,1100,4500,22500,107500,531500,2667900,13484100,68243300
round_k,0,1,5,22,112,537,2657,13339,67420,341216
round_shots,100,100,100,100,100,100,100,100,100,100
round_queries,100,300,1100,4900,22900,111900,565900,2835500,14258700,72116700
round_k,0,1,5,24,114,559,2829,14177,71293,360583
round_shots,200,100,100,100,100,100,100,100,100
round_queries,200,300,1100,4900,24500,121900,610300,3075900,15544700
round_k,0,1,5,24,122,609,3051,15379,77723
round_shots,200,100,100,100,100,100,100,100,100,100
round_queries,200,300,1100,4500,22100,108900,544700,2722300,13756100,69635500
round_k,0,1,5,22,110,544,2723,13611,68780,348177
round_shots,200,100,100,100,100,100,100,100,100
round_queries,200,700,2300,11500,54100,270100,1350500,6795500,34497900
round_k,0,3,11,57,270,1350,6752,33977,172489
round_shots,100,100,100,100,100,100,100,100,100,100
round_queries,100,300,1100,4500,19500,92500,460500,2330100,11777700,59688900
round_k,0,1,5,22,97,462,2302,11650,58888,298444
round_shots,100,100,100,100,100,100,100,100,100,100
round_queries,100,300,1100,4100,18500,87900,438100,2190100,11083100,56074300
round_k,0,1,5,20,92,439,2190,10950,55415,280371
round_shots,100,100,100,100,100,100,100,100,100,100
round_queries,100,300,1100,3700,16700,78900,390300,1932700,9801100,49234100
round_k,0,1,5,18,83,394,1951,9663,49005,246170
round_shots,200,100,100,100,100,100,100,100,100,100
round_queries,200,300,1100,4500,21100,101500,506500,2487700,12532700,63562300
round_k,0,1,5,22,105,507,2532,12438,62663,317811
round_shots,100,200,100,100,100,100,100,100,100,100
round_queries,100,600,1100,4500,21700,102500,509900,2558700,12939300,65634900
round_k,0,1,5,22,108,512,2549,12793,64696,328174
round_shots,100,100,100,100,100,100,100,100,100,100
round_queries,100,300,1100,4500,20900,106100,519500,2598100,13122300,66486500
round_k,0,1,5,22,104,530,2597,12990,65611,332432
round_shots,200,100,100,100,100,100,100,100,100
round_queries,200,700,2300,10100,49100,237700,1127500,5661900,28589900
round_k,0,3,11,50,245,1188,5637,28309,142949
round_shots,300,100,100,100,100,100,100,100,100
round_queries,300,500,2300,9500,44100,221300,1078300,5413300,27383700
round_k,0,2,11,47,220,1106,5391,27066,136918
round_shots,200,100,100,100,100,100,100,100,100,100
round_queries,200,300,700,2300,9900,48900,246300,1248100,6308300,31752300
round_k,0,1,3,11,49,244,1231,6240,31541,158761
round_shots,100,100,100,100,100,100,100,100,100
round_queries,100,300,1100,5500,26300,126100,635700,3157900,15933900
round_k,0,1,5,27,131,630,3178,15789,79669
round_shots,100,100,100,100,100,100,100,100,100,100
round_queries,100,300,1100,4500,20100,100100,502100,2532100,12772500,64629300
round_k,0,1,5,22,100,500,2510,12660,63862,323146
round_shots,100,100,100,100,100,100,100,100,100,100
round_queries,100,300,1100,5100,24900,125300,622300,3136500,14751100,73684100
round_k,0,1,5,25,124,626,3111,15682,73755,368420
round_shots,100,100,100,100,100,100,100,100,100,100
round_queries,100,300,1500,5300,24300,119300,601700,3020500,15283100,77532900
round_k,0,1,7,26,121,596,3008,15102,76415,387664
round_shots,200,100,100,100,100,100,100,100,100,100
round_queries,200,300,1100,4500,20300,96500,477300,2407700,12164100,61697300
round_k,0,1,5,22,101,482,2386,12038,60820,308486
round_shots,100,100,100,100,100,100,100,100,100,100
round_queries,100,300,700,3300,14100,65100,326300,1621500,8193500,41535500
round_k,0,1,3,16,70,325,1631,8107,40967,207677
round_shots,200,100,100,100,100,100,100,100,100,100
round_queries,200,300,1100,5300,24100,113100,555300,2802300,14174100,71945500
round_k,0,1,5,26,120,565,2776,14011,70870,359727
round_shots,200,100,100,100,100,100,100,100,100,100
round_queries,200,300,1100,5100,23700,116900,571900,2886300,14616900,74201700
round_k,0,1,5,25,118,584,2859,14431,73084,371008
round_shots,200,100,100,100,100,100,100,100,100,100
round_queries,200,300,1100,4100,18500,87900,437300,2207500,11114900,56328500
round_k,0,1,5,20,92,439,2186,11037,55574,281642
round_shots,100,100,100,100,100,100,100,100,100,100
round_queries,100,300,1100,5300,24500,116300,581500,2943500,14848900,75095500
round_k,0,1,5,26,122,581,2907,14717,74244,375477
round_shots,200,100,100,100,100,100,100,100,100,100
round_queries,200,300,1100,3700,17500,81300,395900,1975500,9962700,50463100
round_k,0,1,5,18,87,406,1979,9877,49813,252315
round_shots,100,100,100,100,100,100,100,100,100,100
round_queries,100,300,1100,4700,21100,100500,494300,2490500,12577300,63744500
round_k,0,1,5,23,105,502,2471,12452,62886,318722
round_shots,200,100,100,100,100,100,100,100,100,100
round_queries,200,300,1100,5300,24100,121300,606500,3044300,15308300,77613500
round_k,0,1,5,26,120,606,3032,15221,76541,388067
round_shots,100,100,100,100,100,100,100,100,100,100
round_queries,100,300,1100,4700,19900,97100,476700,2382700,12068900,61298500
round_k,0,1,5,23,99,485,2383,11913,60344,306492
round_shots,100,100,100,100,100,100,100,100,100,100
round_queries,100,300,700,2300,8900,41500,198700,991900,5014300,25317300
round_k,0,1,3,11,44,207,993,4959,25071,126586
round_shots,200,100,100,100,100,100,100,100,100,100
round_queries,200,300,1100,4500,19100,95900,468300,2339100,11826500,59908500
round_k,0,1,5,22,95,479,2341,11695,59132,299542
round_shots,100,100,100,100,100,100,100,100,100,100
round_queries,100,300,700,2300,9300,43900,216500,1101300,5559100,28128900
round_k,0,1,3,11,46,219,1082,5506,27795,140644
round_shots,100,100,100,100,100,100,100,100,100,100
round_queries,100,300,1100,4100,19900,97300,483700,2423700,12238100,61892700
round_k,0,1,5,20,99,486,2418,12118,61190,309463
round_shots,100,100,100,100,100,100,100,100,100,100
round_queries,100,300,700,2300,9300,41700,203900,1023300,5141900,25997700
round_k,0,1,3,11,46,208,1019,5116,25709,129988
round_shots,200,100,100,100,100,100,100,100,100,100
round_queries,200,500,1100,3500,14300,83700,423100,2124100,10743100,54194700
round_k,0,2,5,17,71,418,2115,10620,53715,270973
round_shots,200,100,100,100,100,100,100,100,100,100
round_queries,200,300,1100,4300,19500,92700,462700,2314900,11722100,59201900
round_k,0,1,5,21,97,463,2313,11574,58610,296009
round_shots,100,100,100,100,100,100,100,100,100,100
round_queries,100,300,1100,3700,17300,85900,432700,2171700,10992700,55773100
round_k,0,1,5,18,86,429,2163,10858,54963,278865
round_shots,200,100,100,100,100,100,100,100,100,100
round_queries,200,300,1100,4300,20700,102300,512300,2580100,13011100,65887700
round_k,0,1,5,21,103,511,2561,12900,65055,329438
round_shots,200,100,100,100,100,100,100,100,100,100
round_queries,200,300,1100,4100,20300,101100,503300,2552100,12882300,65179700
round_k,0,1,5,20,101,505,2516,12760,64411,325898
round_shots,100,100,100,100,100,100,100,100,100,100
round_queries,100,300,1100,4700,22900,110700,552500,2767700,13936500,70646500
round_k,0,1,5,23,114,553,2762,13838,69682,353232
round_shots,100,100,100,100,100,100,100,100,100,100
round_queries,100,300,1100,4900,22500,106300,530500,2673100,13547500,68760900
round_k,0,1,5,24,112,531,2652,13365,67737,343804
round_shots,100,100,100,100,100,100,100,100,100,100
round_queries,100,300,1100,4500,20700,100300,499900,2510100,12568100,63498900
round_k,0,1,5,22,103,501,2499,12550,62840,317494
round_shots,200,100,100,100,100,100,100,100,100
round_queries,200,300,1500,5700,27500,137100,683300,3442700,17376300
round_k,0,1,7,28,137,685,3416,17213,86881
round_shots,100,100,100,100,100,100,100,100,100,100
round_queries,100,300,1100,4900,23100,109300,536900,2713700,13670500,69247300
round_k,0,1,5,24,115,546,2684,13568,68352,346236
round_shots,100,100,100,100,100,100,100,100,100,100
round_queries,100,300,1100,4700,21900,106100,523100,2627500,13308500,67190300
round_k,0,1,5,23,109,530,2615,13137,66542,335951
round_shots,100,100,100,100,100,100,100,100,100
round_queries,100,300,1500,6300,28700,137900,683100,3446500,17417700
round_k,0,1,7,31,143,689,3415,17232,87088
round_shots,100,100,100,100,100,100,100,100,100,100
round_queries,100,300,1100,4500,20100,97100,484500,2442700,12313500,62135100
round_k,0,1,5,22,100,485,2422,12213,61567,310675
round_shots,100,100,100,100,100,100,100,100,100,100
round_queries,100,300,1100,4100,17700,84100,412500,2075700,10477100,53179300
round_k,0,1,5,20,88,420,2062,10378,52385,265896
round_shots,200,100,100,100,100,100,100,100,100,100
round_queries,200,300,1500,5500,25700,120100,605100,3048300,15438900,78320100
round_k,0,1,7,27,128,600,3025,15241,77194,391600
round_shots,100,100,100,100,100,100,100,100,100
round_queries,100,300,1500,5900,29100,145100,722500,3633500,18373100
round_k,0,1,7,29,145,725,3612,18167,91865
round_shots,100,100,100,100,100,100,100,100,100,100
round_queries,100,300,1100,4500,22300,110700,552300,2743900,13837900,70171500
round_k,0,1,5,22,111,553,2761,13719,69189,350857
round_shots,200,100,100,100,100,100,100,100,100,100
round_queries,200,300,1100,3100,14700,70100,349300,1758300,8849700,44903700
round_k,0,1,5,15,73,350,1746,8791,44248,224518
round_shots,200,100,100,100,100,100,100,100,100,100
round_queries,200,300,1100,4100,18700,88300,435700,2179900,11008700,55417300
round_k,0,1,5,20,93,441,2178,10899,55043,277086
round_shots,200,100,100,100,100,100,100,100,100,100
round_queries,200,300,1100,4500,20900,103300,520900,2613700,13144900,66719100
round_k,0,1,5,22,104,516,2604,13068,65724,333595
round_shots,100,100,100,100,100,100,100,100,100,100
round_queries,100,300,1100,4500,21100,101700,506300,2548500,12922500,65514700
round_k,0,1,5,22,105,508,2531,12742,64612,327573
round_shots,100,100,100,100,100,100,100,100,100,100
round_queries,100,300,1100,4100,18700,94300,472700,2352100,11886300,60268700
round_k,0,1,5,20,93,471,2363,11760,59431,301343
round_shots,100,100,100,100,100,100,100,100,100,100
round_queries,100,300,1100,4100,18500,85900,426900,2152700,10852700,54929100
round_k,0,1,5,20,92,429,2134,10763,54263,274645
round_shots,200,100,100,100,100,100,100,100,100
round_queries,200,300,1100,4700,26900,131500,662500,3327900,16831100
round_k,0,1,5,23,134,657,3312,16639,84155
round_shots,200,100,100,100,100,100,100,100,100,100
round_queries,200,300,1100,3700,15700,74700,365700,1847900,9381100,47101500
round_k,0,1,5,18,78,373,1828,9239,46905,235507
round_shots,200,100,100,100,100,100,100,100,100
round_queries,200,300,1500,6900,33700,160700,810300,4103100,20815900
round_k,0,1,7,34,168,803,4051,20515,104079
round_shots,200,100,100,100,100,100,100,100,100,100
round_queries,200,300,1100,5500,25300,122300,591700,2969100,15018700,76085300
round_k,0,1,5,27,126,611,2958,14845,75093,380426
round_shots,100,100,100,100,100,100,100,100,100,100
round_queries,100,300,1100,5100,22900,112700,561500,2807500,14183700,71807300
round_k,0,1,5,25,114,563,2807,14037,70918,359036
round_shots,100,100,100,100,100,100,100,100,100,100
round_queries,100,300,700,2900,13100,64300,313900,1571300,7919700,40140300
round_k,0,1,3,14,65,321,1569,7856,39598,200701
round_shots,200,100,100,100,100,100,100,100,100,100
round_queries,200,300,1100,4100,19300,94300,474900,2401500,12180700,61732100
round_k,0,1,5,20,96,471,2374,12007,60903,308660
round_shots,200,100,100,100,100,100,100,100,100,100
round_queries,200,300,1100,4700,22100,106100,537500,2649900,13408100,67712500
round_k,0,1,5,23,110,530,2687,13249,67040,338562
round_shots,100,100,100,100,100,100,100,100,100,100
round_queries,100,300,1100,4900,24500,121900,610100,3008300,15095300,76342500
round_k,0,1,5,24,122,609,3050,15041,75476,381712
round_shots,200,100,100,100,100,100,100,100,100,100
round_queries,200,300,1100,4500,21100,101700,505900,2508700,12673500,64201500
round_k,0,1,5,22,105,508,2529,12543,63367,321007
round_shots,200,100,100,100,100,100,100,100,100
round_queries,200,700,1900,7100,34500,163300,786700,3980100,20190500
round_k,0,3,9,35,172,816,3933,19900,100952
round_shots,200,100,100,100,100,100,100,100,100
round_queries,200,300,1500,6300,28700,140500,699100,3524900,17767700
round_k,0,1,7,31,143,702,3495,17624,88838
round_shots,200,100,100,100,100,100,100,100,100,100
round_queries,200,300,1100,5100,23100,108900,512500,2548700,12881900,65274700
round_k,0,1,5,25,115,544,2562,12743,64409,326373
round_shots,100,100,100,100,100,100,100,100,100
round_queries,100,300,1500,7100,33900,169100,841300,4237300,21410100
round_k,0,1,7,35,169,845,4206,21186,107050
round_shots,200,100,100,100,100,100,100,100,100,100
round_queries,200,300,1100,4900,23700,116100,572300,2886300,14593100,73958700
round_k,0,1,5,24,118,580,2861,14431,72965,369793
round_shots,100,100,100,100,100,100,100,100,100,100
round_queries,100,300,1100,5100,24700,120500,601300,3041700,15383900,77886700
round_k,0,1,5,25,123,602,3006,15208,76919,389433
round_shots,100,100,100,100,100,100,100,100,100,100
round_queries,100,300,1100,4500,19300,93700,470700,2348500,11821500,59809900
round_k,0,1,5,22,96,468,2353,11742,59107,299049
round_shots,100,100,100,100,100,100,100,100,100
round_queries,100,300,1500,5900,28500,140500,702500,3546900,17896700
round_k,0,1,7,29,142,702,3512,17734,89483
round_shots,100,100,100,100,100,100,100,100,100,100
round_queries,100,300,1100,4500,20500,102100,505700,2515300,12742300,64186100
round_k,0,1,5,22,102,510,2528,12576,63711,320930
round_shots,200,100,100,100,100,100,100,100,100,100
round_queries,200,300,1100,3100,14100,67700,330500,1650700,8335100,42207100
round_k,0,1,5,15,70,338,1652,8253,41675,211035
round_shots,200,100,100,100,100,100,100,100,100,100
round_queries,200,300,700,2500,10900,53700,264700,1331500,6708100,33952900
round_k,0,1,3,12,54,268,1323,6657,33540,169764
round_shots,300,100,100,100,100,100,100,100,100
round_queries,300,500,1500,6900,30100,144700,722500,3630900,18316300
round_k,0,2,7,34,150,723,3612,18154,91581
round_shots,200,100,100,100,100,100,100,100,100,100
round_queries,200,300,700,2300,10500,47500,227500,1124500,5615500,28447300
round_k,0,1,3,11,52,237,1137,5622,28077,142236
round_shots,100,100,100,100,100,100,100,100,100,100
round_queries,100,300,700,2900,12900,61300,302700,1514500,7634700,38504900
round_k,0,1,3,14,64,306,1513,7572,38173,192524
round_shots,100,100,100,100,100,100,100,100,100,100
round_queries,100,300,700,2300,10700,49300,241300,1205500,6030300,30211700
round_k,0,1,3,11,53,246,1206,6027,30151,151058
round_shots,200,100,100,100,100,100,100,100,100,100
round_queries,200,300,1100,4700,22700,107700,538700,2715900,13659300,69270700
round_k,0,1,5,23,113,538,2693,13579,68296,346353
round_shots,100,100,100,100,100,100,100,100,100,100
round_queries,100,300,1100,4700,21900,105500,498300,2502500,12639100,64190900
round_k,0,1,5,23,109,527,2491,12512,63195,320954
round_shots,100,100,100,100,100,100,100,100,100,100
round_queries,100,300,700,2900,12300,61300,299100,1515300,7689900,38790300
round_k,0,1,3,14,61,306,1495,7576,38449,193951
round_shots,200,100,100,100,100,100,100,100,100,100
round_queries,200,300,1100,4500,20700,103900,507700,2554500,12888500,65377900
round_k,0,1,5,22,103,519,2538,12772,64442,326889
round_shots,100,100,100,100,100,100,100,100,100,100
round_queries,100,300,1100,4100,18100,90500,447500,2243700,11321300,57307500
round_k,0,1,5,20,90,452,2237,11218,56606,286537
round_shots,200,100,100,100,100,100,100,100,100,100
round_queries,200,300,700,3300,15300,72100,359700,1785100,8974700,45129500
round_k,0,1,3,16,76,360,1798,8925,44873,225647
round_shots,200,100,100,100,100,100,100,100,100,100
round_queries,200,300,1100,4700,22100,107700,535900,2695700,13598700,68986500
round_k,0,1,5,23,110,538,2679,13478,67993,344932
round_shots,100,100,100,100,100,100,100,100,100
round_queries,100,300,1500,6100,29300,142900,707300,3589300,17981300
round_k,0,1,7,30,146,714,3536,17946,89906
round_shots,200,100,100,100,100,100,100,100,100,100
round_queries,200,300,1100,4900,22100,110500,547700,2727900,13822100,69783100
round_k,0,1,5,24,110,552,2738,13639,69110,348915
round_shots,200,100,100,100,100,100,100,100,100,100
round_queries,200,300,1100,4700,23500,111900,551300,2751700,13828300,70124700
round_k,0,1,5,23,117,559,2756,13758,69141,350623
round_shots,200,100,100,100,100,100,100,100,100
round_queries,200,300,1500,5900,27700,132900,644100,3254300,16411100
round_k,0,1,7,29,138,664,3220,16271,82055
round_shots,100,100,100,100,100,100,100,100,100,100
round_queries,100,300,1100,4100,19500,94500,466700,2343700,11847100,59995100
round_k,0,1,5,20,97,472,2333,11718,59235,299975
round_shots,100,100,100,100,100,100,100,100,100
round_queries,100,300,1100,5500,26300,128100,624900,3161100,15977900
round_k,0,1,5,27,131,640,3124,15805,79889
round_shots,100,100,100,100,100,100,100,100,100,100
round_queries,100,300,1100,5100,22300,106300,524100,2647500,13393900,67623300
round_k,0,1,5,25,111,531,2620,13237,66969,338116
round_shots,100,100,100,100,100,100,100,100,100,100
round_queries,100,300,700,2300,10500,50300,252300,1261900,6325300,31974100
round_k,0,1,3,11,52,251,1261,6309,31626,159870
round_shots,200,100,100,100,100,100,100,100,100,100
round_queries,200,300,1100,3700,16300,80700,401500,2031500,10201100,51706300
round_k,0,1,5,18,81,403,2007,10157,51005,258531
round_shots,100,100,100,100,100,100,100,100,100,100
round_queries,100,300,1100,3900,16900,81300,401700,2036700,10301300,52281700
round_k,0,1,5,19,84,406,2008,10183,51506,261408
round_shots,100,100,100,100,100,100,100,100,100,100
round_queries,100,300,1100,3700,15900,76700,377100,1890700,9537500,48195300
round_k,0,1,5,18,79,383,1885,9453,47687,240976
round_shots,200,100,100,100,100,100,100,100,100,100
round_queries,200,300,700,2300,10900,52900,259900,1364900,6906300,34967300
round_k,0,1,3,11,54,264,1299,6824,34531,174836
round_shots,200,100,100,100,100,100,100,100,100,100
round_queries,200,300,1100,4100,19300,90300,453900,2164100,10949300,55521900
round_k,0,1,5,20,96,451,2269,10820,54746,277609
round_shots,200,100,100,100,100,100,100,100,100
round_queries,200,300,1500,5900,26700,130100,649700,3267900,16504700
round_k,0,1,7,29,133,650,3248,16339,82523
round_shots,200,100,100,100,100,100,100,100,100,100
round_queries,200,300,1100,5100,23500,117500,559900,2806900,14191500,71949900
round_k,0,1,5,25,117,587,2799,14034,70957,359749
round_shots,200,100,100,100,100,100,100,100,100,100
round_queries,200,300,1100,4900,21100,100300,495900,2474700,12464700,62718900
round_k,0,1,5,24,105,501,2479,12373,62323,313594
round_shots,100,100,100,100,100,100,100,100,100,100
round_queries,100,300,1100,4100,18900,89700,443300,2226900,11255300,57116300
round_k,0,1,5,20,94,448,2216,11134,56276,285581
round_shots,200,100,100,100,100,100,100,100,100
round_queries,200,500,1500,5900,28700,139700,699700,3487300,17625500
round_k,0,2,7,29,143,698,3498,17436,88127
round_shots,200,100,100,100,100,100,100,100,100,100
round_queries,200,300,700,1900,8500,38700,185700,922100,4538900,22966700
round_k,0,1,3,9,42,193,928,4610,22694,114833
round_shots,200,100,100,100,100,100,100,100,100,100
round_queries,200,300,700,2700,12900,58900,298300,1491100,7477700,37810500
round_k,0,1,3,13,64,294,1491,7455,37388,189052
round_shots,200,100,100,100,100,100,100,100,100,100
round_queries,200,300,1100,4500,19500,90700,442900,2197500,11133100,56060700
round_k,0,1,5,22,97,453,2214,10987,55665,280303
round_shots,200,100,100,100,100,100,100,100,100,100
round_queries,200,300,1100,4700,21100,100700,489100,2460300,12322100,62368300
round_k,0,1,5,23,105,503,2445,12301,61610,311841
round_shots,200,100,100,100,100,100,100,100,100,100
round_queries,200,300,1100,5500,25300,117900,579500,2926500,14819100,74682900
round_k,0,1,5,27,126,589,2897,14632,74095,373414
round_shots,100,100,100,100,100,100,100,100,100,100
round_queries,100,300,1100,4900,24100,118300,587300,2954300,14902700,75383500
round_k,0,1,5,24,120,591,2936,14771,74513,376917
round_shots,100,100,100,100,100,100,100,100,100,100
round_queries,100,300,1100,4900,21500,102300,512100,2589300,13146300,66616500
round_k,0,1,5,24,107,511,2560,12946,65731,333082
round_shots,200,100,100,100,100,100,100,100,100,100
round_queries,200,300,1100,4100,19500,94500,472900,2370100,11991100,60284500
round_k,0,1,5,20,97,472,2364,11850,59955,301422
round_shots,200,100,100,100,100,100,100,100,100,100
round_queries,200,300,700,2900,13500,64500,318900,1593300,8064500,40747900
round_k,0,1,3,14,67,322,1594,7966,40322,203739
round_shots,200,100,100,100,100,100,100,100,100,100
round_queries,200,300,1100,4100,19100,92500,462500,2328500,11708100,59300900
round_k,0,1,5,20,95,462,2312,11642,58540,296504
round_shots,200,100,100,100,100,100,100,100,100
round_queries,200,300,1500,6300,28100,135300,679500,3427300,17327700
round_k,0,1,7,31,140,676,3397,17136,86638
round_shots,100,100,100,100,100,100,100,100,100,100
round_queries,100,300,1100,3100,13500,65700,314100,1569900,7935700,40138500
round_k,0,1,5,15,67,328,1570,7849,39678,200692
round_shots,200,100,100,100,100,100,100,100,100
round_queries,200,300,1500,6500,32300,156500,785300,3962900,20067300
round_k,0,1,7,32,161,782,3926,19814,100336
round_shots,100,100,100,100,100,100,100,100,100,100
round_queries,100,300,1100,5300,24100,114900,572300,3031500,15222500,77165100
round_k,0,1,5,26,120,574,2861,15157,76112,385825
round_shots,200,100,100,100,100,100,100,100,100
round_queries,200,300,1500,6700,31100,151300,755300,3822700,19248900
round_k,0,1,7,33,155,756,3776,19113,96244
round_shots,200,100,100,100,100,100,100,100,100,100
round_queries,200,300,700,1900,8900,44100,212100,1056500,5303900,26651700
round_k,0,1,3,9,44,220,1060,5282,26519,133258
round_shots,300,100,100,100,100,100,100,100,100
round_queries,300,500,1900,7100,32700,163500,807300,4090500,20452700
round_k,0,2,9,35,163,817,4036,20452,102263
round_shots,100,100,100,100,100,100,100,100,100
round_queries,100,300,1500,7100,33500,165500,782100,3812500,19297100
round_k,0,1,7,35,167,827,3910,19062,96485
round_shots,100,100,100,100,100,100,100,100,100,100
round_queries,100,300,700,3300,14100,69100,346900,1744300,8806500,44179100
round_k,0,1,3,16,70,345,1734,8721,44032,220895
round_shots,200,100,100,100,100,100,100,100,100
round_queries,200,500,2300,9300,45100,219700,1099900,5500300,27788900
round_k,0,2,11,46,225,1098,5499,27501,138944
round_shots,200,100,100,100,100,100,100,100,100,100
round_queries,200,300,1100,3500,19700,98700,489300,2458700,12388300,62039100
round_k,0,1,5,17,98,493,2446,12293,61941,310195
round_shots,200,100,100,100,100,100,100,100,100,100
round_queries,200,300,1100,3700,16700,82900,416300,2093300,10572100,53589900
round_k,0,1,5,18,83,414,2081,10466,52860,267949
round_shots,200,100,100,100,100,100,100,100,100,100
round_queries,200,300,700,2300,9900,48500,241500,1207700,6087500,30797700
round_k,0,1,3,11,49,242,1207,6038,30437,153988
round_shots,100,100,100,100,100,100,100,100,100,100
round_queries,100,300,1100,4700,21300,103900,511300,2577500,13016100,66077100
round_k,0,1,5,23,106,519,2556,12887,65080,330385
round_shots,100,100,100,100,100,100,100,100,100,100
round_queries,100,300,1100,4100,18900,89900,448300,2260300,11344500,57597500
round_k,0,1,5,20,94,449,2241,11301,56722,287987
round_shots,200,100,100,100,100,100,100,100,100,100
round_queries,200,300,1100,3700,17100,83500,500100,3032300,15320300,77617500
round_k,0,1,5,18,85,417,2500,15161,76601,388087
round_shots,200,100,100,100,100,100,100,100,100,100
round_queries,200,300,1100,4100,17900,85100,423300,2133100,10742500,54118500
round_k,0,1,5,20,89,425,2116,10665,53712,270592
round_shots,200,100,100,100,100,100,100,100,100,100
round_queries,200,300,1100,4100,17500,86900,450500,2274100,11492500,58201300
round_k,0,1,5,20,87,434,2252,11370,57462,291006
round_shots,200,100,100,100,100,100,100,100,100,100
round_queries,200,300,1100,3700,16900,81700,405500,2027700,10242500,51979500
round_k,0,1,5,18,84,408,2027,10138,51212,259897
round_shots,100,100,100,100,100,100,100,100,100,100
round_queries,100,300,1100,3700,18300,89500,447100,2235300,11163700,56528900
round_k,0,1,5,18,91,447,2235,11176,55818,282644
round_shots,200,100,100,100,100,100,100,100,100,100
round_queries,200,300,1100,3700,17300,79700,388100,1938500,9816900,49788300
round_k,0,1,5,18,86,398,1940,9692,49084,248941
round_shots,200,100,100,100,100,100,100,100,100,100
round_queries,200,300,1100,4100,18300,87700,430700,2152500,10903900,55029300
round_k,0,1,5,20,91,438,2153,10762,54519,275146
round_shots,200,100,100,100,100,100,100,100,100,100
round_queries,200,300,1100,4700,20900,102100,500500,2513100,12582500,63730900
round_k,0,1,5,23,104,510,2502,12565,62912,318654
round_shots,200,100,100,100,100,100,100,100,100,100
round_queries,200,300,700,1900,7500,37300,187900,932700,4673300,23561100
round_k,0,1,3,9,37,186,939,4663,23366,117805
round_shots,200,100,100,100,100,100,100,100,100
round_queries,200,300,1100,5500,25700,127500,623100,3131300,15831300
round_k,0,1,5,27,128,637,3115,15656,79156
round_shots,200,100,100,100,100,100,100,100,100,100
round_queries,200,300,1100,4500,21100,102700,511100,2522700,12625900,63666300
round_k,0,1,5,22,105,513,2555,12613,63129,318331
round_shots,200,100,100,100,100,100,100,100,100
round_queries,200,500,1500,6300,30500,148500,703700,3383500,16606500
round_k,0,2,7,31,152,742,3518,16917,83032
round_shots,100,100,100,100,100,100,100,100,100,100
round_queries,100,300,1500,4300,17500,83900,418900,2116500,10619700,53735300
round_k,0,1,7,21,87,419,2094,10582,53098,268676
round_shots,100,100,100,100,100,100,100,100,100,100
round_queries,100,300,1100,4100,19300,95700,472100,2371500,11977900,60730300
round_k,0,1,5,20,96,478,2360,11857,59889,303651
round_shots,100,100,100,100,100,100,100,100,100,100
round_queries,100,300,700,2900,11500,57700,286700,1434300,7217900,36461500
round_k,0,1,3,14,57,288,1433,7171,36089,182307
round_shots,100,100,100,100,100,100,100,100,100,100
round_queries,100,300,1100,4100,19500,89900,437100,2194900,11001900,55685900
round_k,0,1,5,20,97,449,2185,10974,55009,278429
round_shots,100,100,100,100,100,100,100,100,100,100
round_queries,100,300,1100,4900,22100,107500,533700,2687500,13479900,68109700
round_k,0,1,5,24,110,537,2668,13437,67399,340548
round_shots,100,100,100,100,100,100,100,100,100
round_queries,100,300,1500,5900,28300,134900,669500,3346100,16951500
round_k,0,1,7,29,141,674,3347,16730,84757
round_shots,200,100,100,100,100,100,100,100,100,100
round_queries,200,300,1100,4500,20300,100900,501700,2524500,12759300,64374300
round_k,0,1,5,22,101,504,2508,12622,63796,321871
round_shots,100,100,100,100,100,100,100,100,100,100
round_queries,100,300,1100,5100,23700,113300,563500,2810100,14223300,71491300
round_k,0,1,5,25,118,566,2817,14050,71116,357456
round_shots,200,100,100,100,100,100,100,100,100,100
round_queries,200,300,1100,3100,13700,68500,334700,1679300,8473100,43000500
round_k,0,1,5,15,68,342,1673,8396,42365,215002
round_shots,200,100,100,100,100,100,100,100,100,100
round_queries,200,300,1100,5100,25300,116100,581700,2914900,14735300,74641300
round_k,0,1,5,25,126,580,2908,14574,73676,373206
round_shots,100,100,100,100,100,100,100,100,100,100
round_queries,100,300,700,1900,8100,40500,201100,1006500,5052900,25509300
round_k,0,1,3,9,40,202,1005,5032,25264,127546
round_shots,100,100,100,100,100,100,100,100,100,100
round_queries,100,300,1100,4100,18300,91500,459300,2281100,11475900,58062100
round_k,0,1,5,20,91,457,2296,11405,57379,290310
round_shots,100,100,100,100,100,100,100,100,100,100
round_queries,100,300,1100,3700,17900,85300,421300,2120500,10751500,54350500
round_k,0,1,5,18,89,426,2106,10602,53757,271752
round_shots,100,100,100,100,100,100,100,100,100,100
round_queries,100,300,1100,4100,19100,90500,456100,2290300,11572500,58494500
round_k,0,1,5,20,95,452,2280,11451,57862,292472
round_shots,100,100,100,100,100,100,100,100,100,100
round_queries,100,300,1100,4100,18900,90900,446900,2250900,11376700,57669500
round_k,0,1,5,20,94,454,2234,11254,56883,288347
round_shots,200,100,100,100,100,100,100,100,100
round_queries,200,700,3300,14100,69100,328300,1612900,8098100,40802700
round_k,0,3,16,70,345,1641,8064,40490,204013
round_shots,200,100,100,100,100,100,100,100,100,100
round_queries,200,300,700,2300,11100,55500,271100,1368700,6920700,35121300
round_k,0,1,3,11,55,277,1355,6843,34603,175606
round_shots,100,100,100,100,100,100,100,100,100
round_queries,100,300,1500,5900,29500,147500,734700,3666900,18522700
round_k,0,1,7,29,147,737,3673,18334,92613
round_shots,100,100,100,100,100,100,100,100,100,100
round_queries,100,300,1100,5100,24700,121100,583500,2881500,14046500,70917700
round_k,0,1,5,25,123,605,2917,14407,70232,354588
round_shots,200,100,100,100,100,100,100,100,100,100
round_queries,200,500,1500,5500,23900,110500,556300,2812700,14932700,75716500
round_k,0,2,7,27,119,552,2781,14063,74663,378582
round_shots,200,100,100,100,100,100,100,100,100,100
round_queries,200,300,700,2300,10100,47900,237700,1184500,5998700,30423100
round_k,0,1,3,11,50,239,1188,5922,29993,152115
round_shots,200,100,100,100,100,100,100,100,100,100
round_queries,200,300,700,2300,10500,49100,245500,1238700,6234900,31527300
round_k,0,1,3,11,52,245,1227,6193,31174,157636
round_shots,300,100,100,100,100,100,100,100,100
round_queries,300,500,1900,9100,43900,211900,1069500,5398700,27314700
round_k,0,2,9,45,219,1059,5347,26993,136573
round_shots,200,100,100,100,100,100,100,100,100
round_queries,200,500,1500,6700,31300,149100,745300,3747500,18936100
round_k,0,2,7,33,156,745,3726,18737,94680
round_shots,100,100,100,100,100,100,100,100,100,100
round_queries,100,300,1100,5100,23500,118300,589100,2956100,15002900,75458900
round_k,0,1,5,25,117,591,2945,14780,75014,377294
round_shots,100,100,100,100,100,100,100,100,100,100
round_queries,100,300,1100,4500,20900,99300,495100,2494300,12548300,63225700
round_k,0,1,5,22,104,496,2475,12471,62741,316128
round_shots,200,100,100,100,100,100,100,100,100,100
round_queries,200,300,700,2900,13500,67500,336500,1682700,8475500,42996100
round_k,0,1,3,14,67,337,1682,8413,42377,214980
round_shots,200,100,100,100,100,100,100,100,100,100
round_queries,200,300,700,3100,14700,70500,343900,1825900,9154500,46430100
round_k,0,1,3,15,73,352,1719,9129,45772,232150
round_shots,100,100,100,100,100,100,100,100,100,100
round_queries,100,300,1100,5100,25300,126500,603100,3018100,15293300,77319900
round_k,0,1,5,25,126,632,3015,15090,76466,386599
round_shots,100,100,100,100,100,100,100,100,100,100
round_queries,100,300,1100,4100,19300,91900,446500,2259700,11476100,58139100
round_k,0,1,5,20,96,459,2232,11298,57380,290695
round_shots,100,100,100,100,100,100,100,100,100,100
round_queries,100,300,1100,3100,13700,64700,321500,1602500,8088300,40927700
round_k,0,1,5,15,68,323,1607,8012,40441,204638
round_shots,200,100,100,100,100,100,100,100,100,100
round_queries,200,300,700,2300,11100,52500,254500,1274500,6413300,32336500
round_k,0,1,3,11,55,262,1272,6372,32066,161682
round_shots,100,100,100,100,100,100,100,100,100,100
round_queries,100,300,700,2300,10100,48500,240900,1209300,6085700,30830100
round_k,0,1,3,11,50,242,1204,6046,30428,154150
round_shots,200,100,100,100,100,100,100,100,100,100
round_queries,200,300,1100,4100,19500,95700,483700,2422300,12226100,61910700
round_k,0,1,5,20,97,478,2418,12111,61130,309553
round_shots,100,100,100,100,100,100,100,100,100,100
round_queries,100,300,1100,3500,14700,70100,340300,1718900,8654500,43907500
round_k,0,1,5,17,73,350,1701,8594,43272,219537
round_shots,100,100,100,100,100,100,100,100,100,100
round_queries,100,300,1500,5300,24300,114900,573900,2860700,14328100,70927100
round_k,0,1,7,26,121,574,2869,14303,71640,354635
round_shots,100,100,100,100,100,100,100,100,100,100
round_queries,100,300,1100,3700,17300,86300,431500,2169100,10961300,55542300
round_k,0,1,5,18,86,431,2157,10845,54806,277711
round_shots,100,100,100,100,100,100,100,100,100,100
round_queries,100,300,1100,4100,19900,94900,467900,2349300,11819900,59911500
round_k,0,1,5,20,99,474,2339,11746,59099,299557
round_shots,200,100,100,100,100,100,100,100,100,100
round_queries,200,300,1100,3700,18500,87900,441300,2233100,11273500,57190300
round_k,0,1,5,18,92,439,2206,11165,56367,285951
round_shots,200,100,100,100,100,100,100,100,100
round_queries,200,500,1900,8500,38900,186500,932700,4716100,23747700
round_k,0,2,9,42,194,932,4663,23580,118738
round_shots,100,100,100,100,100,100,100,100,100,100
round_queries,100,300,1100,4100,18300,84300,422100,2101900,10238500,51947900
round_k,0,1,5,20,91,421,2110,10509,51192,259739
round_shots,200,100,100,100,100,100,100,100,100,100
round_queries,200,300,1100,3500,16500,78500,384100,1947900,9756100,49474100
round_k,0,1,5,17,82,392,1920,9739,48780,247370
round_shots,100,100,100,100,100,100,100,100,100,100
round_queries,100,300,700,2700,11100,54300,267900,1336300,6746100,33944700
round_k,0,1,3,13,55,271,1339,6681,33730,169723
round_shots,200,100,100,100,100,100,100,100,100,100
round_queries,200,300,1100,3100,14100,68300,331900,1637900,8277300,41813100
round_k,0,1,5,15,70,341,1659,8189,41386,209065
round_shots,200,100,100,100,100,100,100,100,100
round_queries,200,500,1900,7900,39300,197100,989500,4976500,25089700
round_k,0,2,9,39,196,985,4947,24882,125448
round_shots,100,100,100,100,100,100,100,100,100,100
round_queries,100,300,700,2500,11700,57100,283500,1426300,7206900,36448700
round_k,0,1,3,12,58,285,1417,7131,36034,182243
round_shots,200,100,100,100,100,100,100,100,100,100
round_queries,200,300,700,2700,12100,56500,280300,1408100,7069500,35873900
round_k,0,1,3,13,60,282,1401,7040,35347,179369
round_shots,200,100,100,100,100,100,100,100,100,100
round_queries,200,300,1100,3500,14700,68900,345900,1713700,8653300,43677900
round_k,0,1,5,17,73,344,1729,8568,43266,218389
round_shots,200,100,100,100,100,100,100,100,100
round_queries,200,500,2300,9500,47100,225700,1126700,5696900,28800900
round_k,0,2,11,47,235,1128,5633,28484,144004
round_shots,100,100,100,100,100,100,100,100,100,100
round_queries,100,300,1100,4100,18500,90100,450500,2251900,11341300,57105500
round_k,0,1,5,20,92,450,2252,11259,56706,285527
round_shots,100,100,100,100,100,100,100,100,100,100
round_queries,100,300,700,1900,8100,38500,193900,969300,4890700,24729700
round_k,0,1,3,9,40,192,969,4846,24453,123648
round_shots,100,100,100,100,100,100,100,100,100,100
round_queries,100,300,1100,5100,23100,109300,535900,2714700,13675100,69392300
round_k,0,1,5,25,115,546,2679,13573,68375,346961
round_shots,200,100,100,100,100,100,100,100,100,100
round_queries,200,300,700,2700,12300,56700,277700,1404500,7093500,35911900
round_k,0,1,3,13,61,283,1388,7022,35467,179559
round_shots,200,100,100,100,100,100,100,100,100,100
round_queries,200,300,1100,5300,24100,112700,554100,2777500,14061500,71169500
round_k,0,1,5,26,120,563,2770,13887,70307,355847
round_shots,100,100,100,100,100,100,100,100,100,100
round_queries,100,300,1100,4900,24100,114500,573300,2903500,14664300,74318900
round_k,0,1,5,24,120,572,2866,14517,73321,371594
round_shots,100,100,100,100,100,100,100,100,100
round_queries,100,300,1500,7500,34900,171700,861300,4314900,21867300
round_k,0,1,7,37,174,858,4306,21574,109336
round_shots,100,100,100,100,100,100,100,100,100,100
round_queries,100,300,1100,4100,20300,94900,474100,2366700,11961500,60469100
round_k,0,1,5,20,101,474,2370,11833,59807,302345
round_shots,100,100,100,100,100,100,100,100,100,100
round_queries,100,300,700,2300,10300,49500,246300,1229100,6155100,31082900
round_k,0,1,3,11,51,247,1231,6145,30775,155414
round_shots,100,100,100,100,100,100,100,100,100,100
round_queries,100,300,1100,4700,23700,111700,561700,2815500,14220500,72088700
round_k,0,1,5,23,118,558,2808,14077,71102,360443
round_shots,100,100,100,100,100,100,100,100,100,100
round_queries,100,300,1100,4100,19500,92900,465900,2326900,11758100,59676300
round_k,0,1,5,20,97,464,2329,11634,58790,298381
round_shots,200,100,100,100,100,100,100,100,100,100
round_queries,200,300,1100,3100,13700,67500,335900,1665100,8410900,42673900
round_k,0,1,5,15,68,337,1679,8325,42054,213369
round_shots,200,100,100,100,100,100,100,100,100
round_queries,200,500,1500,6700,31300,155300,766700,3844900,19442700
round_k,0,2,7,33,156,776,3833,19224,97213
round_shots,100,100,100,100,100,100,100,100,100,100
round_queries,100,300,1100,4700,21300,106900,524900,2642500,13403500,67970700
round_k,0,1,5,23,106,534,2624,13212,67017,339853
round_shots,200,100,100,100,100,100,100,100,100,100
round_queries,200,300,1100,3700,17700,87300,435900,2177500,10949300,55481500
round_k,0,1,5,18,88,436,2179,10887,54746,277407
round_shots,200,100,100,100,100,100,100,100,100,100
round_queries,200,300,1100,3700,17100,82700,414900,2066300,10420900,52891500
round_k,0,1,5,18,85,413,2074,10331,52104,264457
round_shots,200,100,100,100,100,100,100,100,100,100
round_queries,200,300,700,2900,13700,65900,321900,1630700,8223900,41653700
round_k,0,1,3,14,68,329,1609,8153,41119,208268
round_shots,100,100,100,100,100,100,100,100,100,100
round_queries,100,300,700,3300,14700,70300,353500,1744700,8816900,44608900
round_k,0,1,3,16,73,351,1767,8723,44084,223044
round_shots,200,100,100,100,100,100,100,100,100
round_queries,200,500,1900,7100,32700,158100,791300,3988300,20156300
round_k,0,2,9,35,163,790,3956,19941,100781
round_shots,200,100,100,100,100,100,100,100,100,100
round_queries,200,300,1100,4900,21500,104700,525500,2631700,13289700,67287500
round_k,0,1,5,24,107,523,2627,13158,66448,336437
round_shots,200,100,100,100,100,100,100,100,100,100
round_queries,200,300,1100,4100,17900,86100,413300,2019700,10176500,51473100
round_k,0,1,5,20,89,430,2066,10098,50882,257365
round_shots,100,100,100,100,100,100,100,100,100,100
round_queries,100,300,700,2900,14300,67300,333500,1671500,8432100,42678300
round_k,0,1,3,14,71,336,1667,8357,42160,213391
round_shots,100,100,100,100,100,100,100,100,100
round_queries,100,300,1100,5500,27500,132700,660500,3293500,16626300
round_k,0,1,5,27,137,663,3302,16467,83131
round_shots,200,100,100,100,100,100,100,100,100,100
round_queries,200,300,700,1900,8500,39100,189300,946900,4780700,24178900
round_k,0,1,3,9,42,195,946,4734,23903,120894
round_shots,200,100,100,100,100,100,100,100,100
round_queries,200,700,2900,12900,60900,294700,1466300,7759100,39011900
round_k,0,3,14,64,304,1473,7331,38795,195059
round_shots,300,100,100,100,100,100,100,100,100,100
round_queries,300,300,1100,3700,15700,76900,378300,1893700,9565500,48336500
round_k,0,1,5,18,78,384,1891,9468,47827,241682
round_shots,200,100,100,100,100,100,100,100,100,100
round_queries,200,300,700,3300,13900,64300,314100,1579100,7974100,40400100
round_k,0,1,3,16,69,321,1570,7895,39870,202000
round_shots,100,100,100,100,100,100,100,100,100,100
round_queries,100,300,1100,3700,16700,79700,393700,1987900,10073700,51133300
round_k,0,1,5,18,83,398,1968,9939,50368,255666
round_shots,100,100,100,100,100,100,100,100,100,100
round_queries,100,300,1100,4900,22900,114900,568100,2875700,14529700,72669100
round_k,0,1,5,24,114,574,2840,14378,72648,363345
round_shots,200,100,100,100,100,100,100,100,100,100
round_queries,200,300,1100,4100,19100,95300,466900,2337300,11617500,57859900
round_k,0,1,5,20,95,476,2334,11686,58087,289299
round_shots,200,100,100,100,100,100,100,100,100,100
round_queries,200,300,1100,5100,24700,119300,589100,2996700,15138500,76011500
round_k,0,1,5,25,123,596,2945,14983,75692,380057
round_shots,100,100,100,100,100,100,100,100,100,100
round_queries,100,300,700,2300,9900,48500,243500,1222100,6136100,31089300
round_k,0,1,3,11,49,242,1217,6110,30680,155446
round_shots,100,100,100,100,100,100,100,100,100
round_queries,100,300,1100,5500,25500,123900,744700,3743700,18846100
round_k,0,1,5,27,127,619,3723,18718,94230
round_shots,200,100,100,100,100,100,100,100,100,100
round_queries,200,300,700,2300,8900,41300,206100,1037300,5196700,26353300
round_k,0,1,3,11,44,206,1030,5186,25983,131766
round_shots,100,100,100,100,100,100,100,100,100,100
round_queries,100,300,1100,3700,17300,82500,403500,1995300,10012300,50687300
round_k,0,1,5,18,86,412,2017,9976,50061,253436
round_shots,200,100,100,100,100,100,100,100,100,100
round_queries,200,300,700,2900,13100,62300,298700,1491500,7513900,37988500
round_k,0,1,3,14,65,311,1493,7457,37569,189942
round_shots,100,100,100,100,100,100,100,100,100,100
round_queries,100,300,1100,4100,18300,85900,425500,2149700,10869100,55162900
round_k,0,1,5,20,91,429,2127,10748,54345,275814
round_shots,100,100,100,100,100,100,100,100,100,100
round_queries,100,300,1100,5100,23100,111900,553700,2792900,14059500,71157700
round_k,0,1,5,25,115,559,2768,13964,70297,355788
round_shots,100,100,100,100,100,100,100,100,100,100
round_queries,100,300,1100,3500,16300,75900,371300,1867700,9407500,47446900
round_k,0,1,5,17,81,379,1856,9338,47037,237234
round_shots,200,100,100,100,100,100,100,100,100,100
round_queries,200,300,700,1900,7500,33900,164300,820500,4141300,20987300
round_k,0,1,3,9,37,169,821,4102,20706,104936
round_shots,100,100,100,100,100,100,100,100,100,100
round_queries,100,300,1100,3700,16300,78900,390100,1951700,9786700,49477700
round_k,0,1,5,18,81,394,1950,9758,48933,247388
round_shots,100,100,100,100,100,100,100,100,100,100
round_queries,100,300,700,2500,12100,55100,275700,1376900,6981100,35172100
round_k,0,1,3,12,60,275,1378,6884,34905,175860
round_shots,200,100,100,100,100,100,100,100,100,100
round_queries,200,300,700,1900,7700,38100,186900,936100,4724500,23804700
round_k,0,1,3,9,38,190,934,4680,23622,119023
round_shots,100,100,100,100,100,100,100,100,100,100
round_queries,100,300,1100,3700,15900,76100,371100,1832900,9276900,46962700
round_k,0,1,5,18,79,380,1855,9164,46384,234813
round_shots,100,100,100,100,100,100,100,100,100,100
round_queries,100,300,1100,5100,24300,114900,574100,2891100,14634900,74280700
round_k,0,1,5,25,121,574,2870,14455,73174,371403
round_shots,200,100,100,100,100,100,100,100,100,100
round_queries,200,300,1100,5100,23100,112900,565300,2857700,14430500,72414300
round_k,0,1,5,25,115,564,2826,14288,72152,362071
round_shots,200,100,100,100,100,100,100,100,100,100
round_queries,200,300,1100,4500,21500,105500,532100,2668100,13470900,68337500
round_k,0,1,5,22,107,527,2660,13340,67354,341687
round_shots,100,100,100,100,100,100,100,100,100,100
round_queries,100,300,1100,4500,20100,99100,486100,2442700,12367900,62694900
round_k,0,1,5,22,100,495,2430,12213,61839,313474
round_shots,200,100,100,100,100,100,100,100,100,100
round_queries,200,300,1100,4900,21700,105500,520700,2589100,12957300,65647900
round_k,0,1,5,24,108,527,2603,12945,64786,328239
round_shots,100,100,100,100,100,100,100,100,100
round_queries,100,300,1100,5500,25100,123100,616300,3089100,15594900
round_k,0,1,5,27,125,615,3081,15445,77974
round_shots,100,100,100,100,100,100,100,100,100,100
round_queries,100,300,1100,5100,23500,109300,528700,2670900,13443700,67943500
round_k,0,1,5,25,117,546,2643,13354,67218,339717
round_shots,100,100,100,100,100,100,100,100,100,100
round_queries,100,300,1100,4700,20700,102500,510300,2574900,12960900,65206500
round_k,0,1,5,23,103,512,2551,12874,64804,326032
round_shots,100,100,100,100,100,100,100,100,100,100
round_queries,100,300,1500,5300,23500,111300,545500,2745700,13889900,70360500
round_k,0,1,7,26,117,556,2727,13728,69449,351802
round_shots,100,100,100,100,100,100,100,100,100,100
round_queries,100,300,700,3300,14100,69700,343300,1724900,8679500,43961300
round_k,0,1,3,16,70,348,1716,8624,43397,219806
round_shots,200,100,100,100,100,100,100,100,100
round_queries,200,300,1500,6900,32500,157900,791900,4006900,20146100
round_k,0,1,7,34,162,789,3959,20034,100730
round_shots,100,100,100,100,100,100,100,100,100,100
round_queries,100,300,1100,3700,17300,82300,403100,2004500,10107500,51188100
round_k,0,1,5,18,86,411,2015,10022,50537,255940
round_shots,100,100,100,100,100,100,100,100,100,100
round_queries,100,300,1100,5300,25100,121300,598100,3009700,15187900,77143100
round_k,0,1,5,26,125,606,2990,15048,75939,385715
round_shots,100,100,100,100,100,100,100,100,100,100
round_queries,100,300,700,2300,10700,53700,267300,1330300,6730700,34042700
round_k,0,1,3,11,53,268,1336,6651,33653,170213
round_shots,100,100,100,100,100,100,100,100,100
round_queries,100,300,1500,6500,32700,156700,786900,3969700,20102500
round_k,0,1,7,32,163,783,3934,19848,100512
round_shots,100,100,100,100,100,100,100,100,100,100
round_queries,100,300,1100,4100,19100,88700,436300,2174100,10964100,55173900
round_k,0,1,5,20,95,443,2181,10870,54820,275869
round_shots,100,100,100,100,100,100,100,100,100,100
round_queries,100,300,1100,4900,21500,105500,529100,2684900,13526700,68398900
round_k,0,1,5,24,107,527,2645,13424,67633,341994
round_shots,200,100,100,100,100,100,100,100,100,100
round_queries,200,300,900,2700,11500,54300,264900,1271900,6296300,31951100
round_k,0,1,4,13,57,271,1324,6359,31481,159755
round_shots,100,100,100,100,100,100,100,100,100
round_queries,100,300,1500,5700,27500,133100,658700,3304300,16751500
round_k,0,1,7,28,137,665,3293,16521,83757
round_shots,100,100,100,100,100,100,100,100,100,100
round_queries,100,300,1100,5500,24900,114700,562900,2828300,14209900,71943100
round_k,0,1,5,27,124,573,2814,14141,71049,359715
round_shots,100,100,100,100,100,100,100,100,100,100
round_queries,100,300,1100,5500,24700,120700,601500,3027300,15223700,77202500
round_k,0,1,5,27,123,603,3007,15136,76118,386012
round_shots,200,100,100,100,100,100,100,100,100,100
round_queries,200,300,1100,4900,23700,118500,583100,2909300,14621100,74198100
round_k,0,1,5,24,118,592,2915,14546,73105,370990
round_shots,200,100,100,100,100,100,100,100,100
round_queries,200,300,1500,7100,32100,155700,785300,3955300,20017500
round_k,0,1,7,35,160,778,3926,19776,100087
round_shots,200,100,100,100,100,100,100,100,100
round_queries,200,300,1100,5300,26500,126500,636500,3183900,16149900
round_k,0,1,5,26,132,632,3182,15919,80749
round_shots,100,100,100,100,100,100,100,100,100,100
round_queries,100,300,1100,4500,22300,104100,510300,2574900,12986900,65839300
round_k,0,1,5,22,111,520,2551,12874,64934,329196
round_shots,100,100,100,100,100,100,100,100,100,100
round_queries,100,300,1100,4500,21500,101700,506700,2556300,12906500,64824100
round_k,0,1,5,22,107,508,2533,12781,64532,324120
round_shots,100,100,100,100,100,100,100,100,100,100
round_queries,100,300,1100,4500,21300,104700,519700,2626100,13287700,67379500
round_k,0,1,5,22,106,523,2598,13130,66438,336897
round_shots,100,100,100,100,100,100,100,100,100,100
round_queries,100,300,1100,3700,17900,88500,430300,2153500,10889100,54902700
round_k,0,1,5,18,89,442,2151,10767,54445,274513
round_shots,100,100,100,100,100,100,100,100,100,100
round_queries,100,300,1100,3700,15300,70700,345300,1740700,8804700,44676100
round_k,0,1,5,18,76,353,1726,8703,44023,223380
round_shots,100,100,100,100,100,100,100,100,100,100
round_queries,100,300,1100,3700,16900,83700,418300,2091500,10555700,53592900
round_k,0,1,5,18,84,418,2091,10457,52778,267964
round_shots,200,100,100,100,100,100,100,100,100,100
round_queries,200,300,1100,4500,20900,103500,517100,2605700,13193700,66914700
round_k,0,1,5,22,104,517,2585,13028,65968,334573
round_shots,200,100,100,100,100,100,100,100,100
round_queries,200,300,1100,5500,25100,124900,627100,3162900,15871300
round_k,0,1,5,27,125,624,3135,15814,79356
round_shots,200,100,100,100,100,100,100,100,100
round_queries,200,700,2300,9100,43100,205500,989900,4972300,25120300
round_k,0,3,11,45,215,1027,4949,24861,125601
round_shots,100,100,100,100,100,100,100,100,100,100
round_queries,100,300,1100,4900,22300,105500,510100,2523700,12767900,64749100
round_k,0,1,5,24,111,527,2550,12618,63839,323745
round_shots,100,100,100,100,100,100,100,100,100,100
round_queries,100,300,1100,3700,16500,77700,383700,1916100,9695100,49103100
round_k,0,1,5,18,82,388,1918,9580,48475,245515
round_shots,100,100,100,100,100,100,100,100,100
round_queries,100,300,1500,6100,29100,144900,724100,3634500,18443500
round_k,0,1,7,30,145,724,3620,18172,92217
round_shots,200,200,100,100,100,100,100,100,100,100
round_queries,200,600,1100,3100,13500,66300,326500,1617900,8181100,41353700
round_k,0,1,5,15,67,331,1632,8089,40905,206768
round_shots,200,100,100,100,100,100,100,100,100,100
round_queries,200,300,1100,4100,19100,95300,474900,2367100,11957100,60570500
round_k,0,1,5,20,95,476,2374,11835,59785,302852
round_shots,100,100,100,100,100,100,100,100,100
round_queries,100,500,2300,9500,46300,222300,1100900,5547500,28005900
round_k,0,2,11,47,231,1111,5504,27737,140029
round_shots,200,100,100,100,100,100,100,100,100
round_queries,200,700,2700,11700,54300,262500,1306500,6626500,33540900
round_k,0,3,13,58,271,1312,6532,33132,167704
round_shots,200,100,100,100,100,100,100,100,100,100
round_queries,200,300,1100,4100,18100,86500,405500,2001500,10095100,50876100
round_k,0,1,5,20,90,432,2027,10007,50475,254380
round_shots,100,100,100,100,100,100,100,100,100,100
round_queries,100,300,1100,4100,18100,90100,449100,2245500,11328100,57359300
round_k,0,1,5,20,90,450,2245,11227,56640,286796
round_shots,100,100,100,100,100,100,100,100,100,100
round_queries,100,300,700,2300,8700,39300,192300,955900,4804300,24314100
round_k,0,1,3,11,43,196,961,4779,24021,121570
round_shots,100,100,100,100,100,100,100,100,100,100
round_queries,100,300,1100,4100,18700,88900,440700,2219100,11212900,56436900
round_k,0,1,5,20,93,444,2203,11095,56064,282184
round_shots,200,100,100,100,100,100,100,100,100
round_queries,200,500,1500,6900,30900,151300,765300,3868500,19438500
round_k,0,2,7,34,154,756,3826,19342,97192
round_shots,200,100,100,100,100,100,100,100,100,100
round_queries,200,300,700,1900,7500,35900,177900,889900,4488300,22643700
round_k,0,1,3,9,37,179,889,4449,22441,113218
round_shots,200,100,100,100,100,100,100,100,100,100
round_queries,200,300,1100,4500,22500,109300,543500,2758500,13972100,70917500
round_k,0,1,5,22,112,546,2717,13792,69860,354587
round_shots,100,100,100,100,100,100,100,100,100,100
round_queries,100,300,700,2300,10500,52500,265300,1322300,6661500,33739500
round_k,0,1,3,11,52,262,1326,6611,33307,168697
round_shots,100,100,100,100,100,100,100,100,100,100
round_queries,100,300,1100,3700,16500,79700,394500,1974500,9990300,50721100
round_k,0,1,5,18,82,398,1972,9872,49951,253605
round_shots,100,100,100,100,100,100,100,100,100,100
round_queries,100,300,700,3300,14300,66300,321900,1598900,8091500,40695300
round_k,0,1,3,16,71,331,1609,7994,40457,203476
round_shots,200,100,100,100,100,100,100,100,100,100
round_queries,200,300,1100,4100,18500,90300,445300,2243300,11292100,56713100
round_k,0,1,5,20,92,451,2226,11216,56460,283565
round_shots,200,100,100,100,100,100,100,100,100,100
round_queries,200,300,1100,4500,19100,92500,468900,2374100,12027300,61020700
round_k,0,1,5,22,95,462,2344,11870,60136,305103
round_shots,100,100,100,100,100,100,100,100,100,100
round_queries,100,300,1100,4900,24300,118700,580500,2936300,14842500,75081500
round_k,0,1,5,24,121,593,2902,14681,74212,375407
round_shots,200,100,100,100,100,100,100,100,100,100
round_queries,200,300,700,2300,8900,41500,198700,991300,4975500,25139700
round_k,0,1,3,11,44,207,993,4956,24877,125698
round_shots,100,100,100,100,100,100,100,100,100,100
round_queries,100,300,1100,4700,20300,96300,475900,2380300,12069100,60830100
round_k,0,1,5,23,101,481,2379,11901,60345,304150
round_shots,100,100,100,100,100,100,100,100,100,100
round_queries,100,300,1100,4700,21100,98500,463700,2313100,11732700,59530100
round_k,0,1,5,23,105,492,2318,11565,58663,297650
round_shots,100,100,100,100,100,100,100,100,100,100
round_queries,100,300,900,4500,20900,99700,502100,2380100,11231700,54156700
round_k,0,1,4,22,104,498,2510,11900,56158,270783
round_shots,100,100,100,100,100,100,100,100,100,100
round_queries,100,300,1100,4700,20900,98900,484100,2419700,12208700,61755500
round_k,0,1,5,23,104,494,2420,12098,61043,308777
round_shots,200,100,100,100,100,100,100,100,100,100
round_queries,200,300,700,2900,12500,57500,286900,1440900,7284700,36821500
round_k,0,1,3,14,62,287,1434,7204,36423,184107
round_shots,100,100,100,100,100,100,100,100,100,100
round_queries,100,300,1100,4100,19900,97900,491300,2472500,12410300,62902300
round_k,0,1,5,20,99,489,2456,12362,62051,314511
round_shots,100,100,100,100,100,100,100,100,100,100
round_queries,100,300,1100,4100,19900,94500,471300,2384100,14509100,73262500
round_k,0,1,5,20,99,472,2356,11920,72545,366312
round_shots,200,100,100,100,100,100,100,100,100
round_queries,200,300,1500,5300,25300,124100,617500,3112500,15726300
round_k,0,1,7,26,126,620,3087,15562,78631
round_shots,200,100,100,100,100,100,100,100,100,100
round_queries,200,300,700,2300,8900,42700,204700,1015900,5124700,25849100
round_k,0,1,3,11,44,213,1023,5079,25623,129245
round_shots,100,100,100,100,100,100,100,100,100,100
round_queries,100,300,700,1900,7900,37500,178700,901300,4521500,22880900
round_k,0,1,3,9,39,187,893,4506,22607,114404
round_shots,200,100,100,100,100,100,100,100,100
round_queries,200,300,1500,6700,31300,157100,791300,3978500,20174100
round_k,0,1,7,33,156,785,3956,19892,100870
round_shots,100,100,100,100,100,100,100,100,100,100
round_queries,100,300,1100,4900,23300,111500,549700,2742900,13881100,70383900
round_k,0,1,5,24,116,557,2748,13714,69405,351919
round_shots,200,100,100,100,100,100,100,100,100,100
round_queries,200,300,700,2300,10300,49300,242700,1211900,6096100,30911500
round_k,0,1,3,11,51,246,1213,6059,30480,154557
round_shots,100,100,100,100,100,100,100,100,100,100
round_queries,100,300,1100,4100,19700,94500,476900,2410900,12150500,61140300
round_k,0,1,5,20,98,472,2384,12054,60752,305701
round_shots,100,100,100,100,100,100,100,100,100,100
round_queries,100,300,1100,4100,18700,89500,448700,2252700,11379700,57792700
round_k,0,1,5,20,93,447,2243,11263,56898,288963
round_shots,100,100,100,100,100,100,100,100,100,100
round_queries,100,300,700,2500,11500,57100,280100,1416900,7137700,35914900
round_k,0,1,3,12,57,285,1400,7084,35688,179574
round_shots,200,100,100,100,100,100,100,100,100
round_queries,200,500,1500,6300,29700,140100,699900,3510900,17772700
round_k,0,2,7,31,148,700,3499,17554,88863
round_shots,100,100,100,100,100,100,100,100,100,100
round_queries,100,300,1100,4500,20300,98900,485700,2454300,12359700,62558500
round_k,0,1,5,22,101,494,2428,12271,61798,312792
round_shots,200,100,100,100,100,100,100,100,100
round_queries,200,300,1500,6700,31700,155700,781100,3933300,19826300
round_k,0,1,7,33,158,778,3905,19666,99131
round_shots,100,100,100,100,100,100,100,100,100,100
round_queries,100,300,1100,4700,20300,99300,487900,2459300,12450300,63021100
round_k,0,1,5,23,101,496,2439,12296,62251,315105
round_shots,100,100,100,100,100,100,100,100,100,100
round_queries,100,300,1100,4900,21700,106500,529700,2627700,13259700,67321300
round_k,0,1,5,24,108,532,2648,13138,66298,336606
round_shots,200,100,100,100,100,100,100,100,100,100
round_queries,200,300,1100,5100,25100,121700,604100,3046900,15395100,78015700
round_k,0,1,5,25,125,608,3020,15234,76975,390078
round_shots,100,100,100,100,100,100,100,100,100,100
round_queries,100,300,1100,4900,23500,113500,559900,2806900,14142900,71137900
round_k,0,1,5,24,117,567,2799,14034,70714,355689
round_shots,100,100,100,100,100,100,100,100,100,100
round_queries,100,300,1100,3700,16300,77300,379700,1912900,9680100,48903100
round_k,0,1,5,18,81,386,1898,9564,48400,244515
round_shots,100,100,100,100,100,100,100,100,100,100
round_queries,100,300,700,1900,9100,43100,215300,1079300,5709300,28654900
round_k,0,1,3,9,45,215,1076,5396,28546,143274
round_shots,200,100,100,100,100,100,100,100,100
round_queries,200,500,1900,8900,42100,213300,1066700,5376700,27110500
round_k,0,2,9,44,210,1066,5333,26883,135552
round_shots,200,100,100,100,100,100,100,100,100,100
round_queries,200,300,1100,3500,16100,77700,383100,1940300,9731100,48889700
round_k,0,1,5,17,80,388,1915,9701,48655,244448
round_shots,100,100,100,100,100,100,100,100,100,100
round_queries,100,300,1100,4300,17900,84300,412500,2054900,10308300,52289900
round_k,0,1,5,21,89,421,2062,10274,51541,261449
round_shots,100,100,100,100,100,100,100,100,100,100
round_queries,100,300,1100,4900,22500,109500,537700,2708500,13746100,69727500
round_k,0,1,5,24,112,547,2688,13542,68730,348637
round_shots,100,100,100,100,100,100,100,100,100,100
round_queries,100,300,700,3300,13900,69100,340500,1715500,8669900,43856700
round_k,0,1,3,16,69,345,1702,8577,43349,219283
round_shots,100,100,100,100,100,100,100,100,100,100
round_queries,100,300,700,2300,10300,47300,232100,1161100,5825300,29486700
round_k,0,1,3,11,51,236,1160,5805,29126,147433
round_shots,100,100,100,100,100,100,100,100,100,100
round_queries,100,300,1100,4500,19300,91500,454900,2302300,11592700,58768500
round_k,0,1,5,22,96,457,2274,11511,57963,293842
round_shots,100,100,100,100,100,100,100,100,100,100
round_queries,100,300,1100,3700,16700,79100,392300,1970700,9956100,50450500
round_k,0,1,5,18,83,395,1961,9853,49780,252252
round_shots,200,100,100,100,100,100,100,100,100
round_queries,200,500,1500,6700,32900,161100,803700,4067300,20581300
round_k,0,2,7,33,164,805,4018,20336,102906
round_shots,100,100,100,100,100,100,100,100,100,100
round_queries,100,300,1100,4300,20500,98900,486300,2442500,12374700,62482500
round_k,0,1,5,21,102,494,2431,12212,61873,312412
round_shots,100,100,100,100,100,100,100,100,100,100
round_queries,100,300,1100,5100,22300,103300,513300,2577100,13041900,66094900
round_k,0,1,5,25,111,516,2566,12885,65209,330474
round_shots,100,100,100,100,100,100,100,100,100,100
round_queries,100,300,700,2900,13700,63100,314300,1574900,7919100,40119300
round_k,0,1,3,14,68,315,1571,7874,39595,200596
round_shots,200,100,100,100,100,100,100,100,100,100
round_queries,200,300,1500,5500,25100,119700,602900,2988900,15138500,76674900
round_k,0,1,7,27,125,598,3014,14944,75692,383374
round_shots,200,100,100,100,100,100,100,100,100,100
round_queries,200,300,1100,4500,19300,95100,478100,2396500,12080300,61056100
round_k,0,1,5,22,96,475,2390,11982,60401,305280
round_shots,100,100,100,100,100,100,100,100,100,100
round_queries,100,300,1100,3700,18100,87100,427900,2125900,10782500,54588700
round_k,0,1,5,18,90,435,2139,10629,53912,272943
round_shots,300,100,100,100,100,100,100,100,100
round_queries,300,500,1500,5900,29100,143700,715300,3605700,18253700
round_k,0,2,7,29,145,718,3576,18028,91268
round_shots,200,100,100,100,100,100,100,100,100,100
round_queries,200,300,900,2700,13300,64900,319500,1604700,8103300,40762900
round_k,0,1,4,13,66,324,1597,8023,40516,203814
round_shots,200,100,100,100,100,100,100,100,100
round_queries,200,300,1500,5900,26900,129100,646100,3275300,16580100
round_k,0,1,7,29,134,645,3230,16376,82900
round_shots,100,100,100,100,100,100,100,100,100,100
round_queries,100,300,1100,4900,22900,108100,542300,2733300,13870700,70032700
round_k,0,1,5,24,114,540,2711,13666,69353,350163
round_shots,300,100,100,100,100,100,100,100,100
round_queries,300,500,2300,10900,52900,260300,1288100,6394700,32146700
round_k,0,2,11,54,264,1301,6440,31973,160733
round_shots,100,100,100,100,100,100,100,100,100,100
round_queries,100,300,1100,4100,20300,100500,502700,2536500,12857700,65283700
round_k,0,1,5,20,101,502,2513,12682,64288,326418
round_shots,200,100,100,100,100,100,100,100,100,100
round_queries,200,300,1100,4900,21900,108500,538700,2676900,13535500,68347700
round_k,0,1,5,24,109,542,2693,13384,67677,341738
round_shots,300,100,100,100,100,100,100,100,100,100
round_queries,300,300,700,2300,10900,52100,256500,1278500,6469900,32778700
round_k,0,1,3,11,54,260,1282,6392,32349,163893
round_shots,200,100,100,100,100,100,100,100,100,100
round_queries,200,300,700,2900,11900,58900,293900,1471900,7446500,37801900
round_k,0,1,3,14,59,294,1469,7359,37232,189009
round_shots,100,100,100,100,100,100,100,100,100
round_queries,100,300,1100,5300,25500,125300,625700,3148500,15923100
round_k,0,1,5,26,127,626,3128,15742,79615
round_shots,200,100,100,100,100,100,100,100,100,100
round_queries,200,300,1100,4700,23500,109700,508900,2570100,12793900,64934900
round_k,0,1,5,23,117,548,2544,12850,63969,324674
round_shots,300,100,100,100,100,100,100,100,100,100
round_queries,300,300,1100,4900,22700,109700,554500,2784100,14069900,71266100
round_k,0,1,5,24,113,548,2772,13920,70349,356330
round_shots,100,100,100,100,100,100,100,100,100
round_queries,100,300,1500,5900,27900,137900,684900,3451100,17415700
round_k,0,1,7,29,139,689,3424,17255,87078
round_shots,100,100,100,100,100,100,100,100,100,100
round_queries,100,300,1100,4500,20100,96700,475500,2377500,12008900,60893700
round_k,0,1,5,22,100,483,2377,11887,60044,304468
round_shots,200,100,100,100,100,100,100,100,100,100
round_queries,200,300,700,2300,9100,46100,227100,1121300,5652900,28497500
round_k,0,1,3,11,45,230,1135,5606,28264,142487
round_shots,100,100,100,100,100,100,100,100,100,100
round_queries,100,300,1100,4100,16900,82900,414900,2089100,10504500,53069900
round_k,0,1,5,20,84,414,2074,10445,52522,265349
round_shots,200,100,100,100,100,100,100,100,100
round_queries,200,500,1900,7500,35100,175700,882700,4449500,22398100
round_k,0,2,9,37,175,878,4413,22247,111990
round_shots,100,100,100,100,100,100,100,100,100,100
round_queries,100,300,1100,3700,16700,79900,397900,2005700,10138300,51431100
round_k,0,1,5,18,83,399,1989,10028,50691,257155
round_shots,100,100,100,100,100,100,100,100,100,100
round_queries,100,300,1100,4500,19900,94500,452100,2280500,11560500,58579100
round_k,0,1,5,22,99,472,2260,11402,57802,292895
round_shots,200,100,100,100,100,100,100,100,100,100
round_queries,200,300,1100,4500,20100,99100,491100,2462100,12392100,62898500
round_k,0,1,5,22,100,495,2455,12310,61960,314492
round_shots,200,100,100,100,100,100,100,100,100,100
round_queries,200,300,1100,4500,22100,102700,510300,2535300,12833900,64770700
round_k,0,1,5,22,110,513,2551,12676,64169,323853
round_shots,200,100,100,100,100,100,100,100,100,100
round_queries,200,300,1100,4900,21700,101500,499700,2503500,12681900,64397500
round_k,0,1,5,24,108,507,2498,12517,63409,321987
round_shots,200,100,100,100,100,100,100,100,100,100
round_queries,200,300,1100,4900,23100,112500,557500,2824300,14304700,72460300
round_k,0,1,5,24,115,562,2787,14121,71523,362301
round_shots,200,100,100,100,100,100,100,100,100,100
round_queries,200,300,1100,4100,18500,93100,465500,2340100,11860700,59798500
round_k,0,1,5,20,92,465,2327,11700,59303,298992
round_shots,200,100,100,100,100,100,100,100,100
round_queries,200,300,1100,5300,25300,124100,619300,3114500,15676300
round_k,0,1,5,26,126,620,3096,15572,78381
round_shots,200,100,100,100,100,100,100,100,100
round_queries,200,500,1900,7900,37900,185300,920700,4516300,22546900
round_k,0,2,9,39,189,926,4603,22581,112734
round_shots,200,100,100,100,100,100,100,100,100,100
round_queries,200,300,1100,4100,19100,93900,468100,2367500,11938700,60469100
round_k,0,1,5,20,95,469,2340,11837,59693,302345
round_shots,200,100,100,100,100,100,100,100,100,100
round_queries,200,300,900,3100,12900,60900,288900,1433700,7219100,36561700
round_k,0,1,4,15,64,304,1444,7168,36095,182808
round_shots,100,100,100,100,100,100,100,100,100
round_queries,100,300,1300,6500,29300,140500,695900,3515500,17788100
round_k,0,1,6,32,146,702,3479,17577,88940
round_shots,100,100,100,100,100,100,100,100,100,100
round_queries,100,300,700,3300,13900,64700,317900,1604100,8067300,40697900
round_k,0,1,3,16,69,323,1589,8020,40336,203489
round_shots,100,100,100,100,100,100,100,100,100,100
round_queries,100,300,1100,4900,22300,106500,537300,2702300,13646100,68785500
round_k,0,1,5,24,111,532,2686,13511,68230,343927
round_shots,200,100,100,100,100,100,100,100,100
round_queries,200,300,1500,7100,34100,166700,836500,4208900,21225500
round_k,0,1,7,35,170,833,4182,21044,106127
round_shots,200,100,100,100,100,100,100,100,100,100
round_queries,200,300,1100,5300,24500,115700,567300,2873100,14524900,73218700
round_k,0,1,5,26,122,578,2836,14365,72624,366093
round_shots,100,100,100,100,100,100,100,100,100,100
round_queries,100,300,700,1900,7500,36700,179100,893700,4489900,22604300
round_k,0,1,3,9,37,183,895,4468,22449,113021
round_shots,200,100,100,100,100,100,100,100,100,100
round_queries,200,300,1100,4500,21900,109500,541700,2730500,13592100,68831900
round_k,0,1,5,22,109,547,2708,13652,67960,344159
round_shots,200,100,100,100,100,100,100,100,100
round_queries,200,300,1500,6500,29100,140500,671700,3326100,16511300
round_k,0,1,7,32,145,702,3358,16630,82556
round_shots,100,100,100,100,100,100,100,100,100,100
round_queries,100,300,1100,4500,21500,99500,486900,2416700,12135100,61344900
round_k,0,1,5,22,107,497,2434,12083,60675,306724
round_shots,100,100,100,100,100,100,100,100,100,100
round_queries,100,300,700,2300,9700,48300,225500,1121100,5565900,28008500
round_k,0,1,3,11,48,241,1127,5605,27829,140042
round_shots,200,100,100,100,100,100,100,100,100,100
round_queries,200,300,700,2900,13300,63100,307300,1522900,7731900,39221900
round_k,0,1,3,14,66,315,1536,7614,38659,196109
round_shots,200,100,100,100,100,100,100,100,100
round_queries,200,300,1500,6700,30300,151500,744300,3744700,18985500
round_k,0,1,7,33,151,757,3721,18723,94927
round_shots,200,100,100,100,100,100,100,100,100
round_queries,200,500,2300,10900,52300,256900,1286300,6499100,32904300
round_k,0,2,11,54,261,1284,6431,32495,164521
round_shots,100,100,100,100,100,100,100,100,100,100
round_queries,100,300,700,1900,8900,40500,195500,986700,4942100,24966900
round_k,0,1,3,9,44,202,977,4933,24710,124834
round_shots,100,100,100,100,100,100,100,100,100,100
round_queries,100,300,700,2500,11100,54900,259300,1298500,6871900,34515900
round_k,0,1,3,12,55,274,1296,6492,34359,172579
round_shots,200,100,100,100,100,100,100,100,100,100
round_queries,200,300,1100,3700,17900,83300,411300,2072300,10441700,55592700
round_k,0,1,5,18,89,416,2056,10361,52208,277963
round_shots,200,100,100,100,100,100,100,100,100
round_queries,200,500,1900,7900,38700,190900,903700,4439500,22395500
round_k,0,2,9,39,193,954,4518,22197,111977
round_shots,100,100,100,100,100,100,100,100,100,100
round_queries,100,300,1100,4300,18300,85500,423700,2146300,10706500,53974700
round_k,0,1,5,21,91,427,2118,10731,53532,269873
round_shots,200,100,100,100,100,100,100,100,100,100
round_queries,200,300,1100,4100,17900,82100,386700,1936700,9436900,47722900
round_k,0,1,5,20,89,410,1933,9683,47184,238614
round_shots,200,100,100,100,100,100,100,100,100,100
round_queries,200,300,1100,4100,19100,93900,465300,2312100,11635700,58939700
round_k,0,1,5,20,95,469,2326,11560,58178,294698
round_shots,100,100,100,100,100,100,100,100,100,100
round_queries,100,300,700,2500,11700,53700,261100,1299900,6589700,33279700
round_k,0,1,3,12,58,268,1305,6499,32948,166398
round_shots,100,100,100,100,100,100,100,100,100
round_queries,100,300,1500,7100,33300,162100,808900,4091300,20686100
round_k,0,1,7,35,166,810,4044,20456,103430
round_shots,100,100,100,100,100,100,100,100,100,100
round_queries,100,300,1100,4100,18500,86300,433100,2179500,10979700,55689500
round_k,0,1,5,20,92,431,2165,10897,54898,278447
round_shots,300,100,100,100,100,100,100,100,100,100
round_queries,300,300,700,2700,10900,54500,271300,1352700,6830700,34584500
round_k,0,1,3,13,54,272,1356,6763,34153,172922
round_shots,200,100,100,100,100,100,100,100,100,100
round_queries,200,300,1100,4900,20700,101300,502100,2536100,12708500,64278900
round_k,0,1,5,24,103,506,2510,12680,63542,321394
round_shots,100,100,100,100,100,100,100,100,100,100
round_queries,100,300,1100,4100,20300,97900,487100,2470500,12412700,62649900
round_k,0,1,5,20,101,489,2435,12352,62063,313249
round_shots,200,100,100,100,100,100,100,100,100,100
round_queries,200,300,1100,4100,19100,90300,449100,2262500,11415300,57914300
round_k,0,1,5,20,95,451,2245,11312,57076,289571
round_shots,100,100,100,100,100,100,100,100,100,100
round_queries,100,300,1100,5100,24700,116700,588900,2958700,14833900,75020700
round_k,0,1,5,25,123,583,2944,14793,74169,375103
round_shots,300,100,100,100,100,100,100,100,100
round_queries,300,500,2300,9100,44700,217100,1091100,5467700,27582500
round_k,0,2,11,45,223,1085,5455,27338,137912
round_shots,100,100,100,100,100,100,100,100,100,100
round_queries,100,300,700,2300,10100,46700,233300,1163900,5873500,29826100
round_k,0,1,3,11,50,233,1166,5819,29367,149130
round_shots,100,100,100,100,100,100,100,100,100,100
round_queries,100,300,1100,4500,20500,101900,502700,2534500,12844700,65151700
round_k,0,1,5,22,102,509,2513,12672,64223,325758
round_shots,100,100,100,100,100,100,100,100,100,100
round_queries,100,300,1100,4100,18300,85700,424500,2149900,10860500,54975500
round_k,0,1,5,20,91,428,2122,10749,54302,274877
round_shots,200,100,100,100,100,100,100,100,100,100
round_queries,200,300,700,3300,15100,69900,345900,1737500,8810900,44411900
round_k,0,1,3,16,75,349,1729,8687,44054,222059
round_shots,100,100,100,100,100,100,100,100,100
round_queries,100,300,1100,5500,25700,127300,624100,3149100,16733500
round_k,0,1,5,27,128,636,3120,15745,83667
round_shots,200,100,100,100,100,100,100,100,100,100
round_queries,200,300,1100,4100,19500,93300,462100,2318100,11624700,58880300
round_k,0,1,5,20,97,466,2310,11590,58123,294401
round_shots,200,100,100,100,100,100,100,100,100,100
round_queries,200,300,700,2700,13300,61500,300300,1513900,7646900,38766300
round_k,0,1,3,13,66,307,1501,7569,38234,193831
round_shots,200,100,100,100,100,100,100,100,100,100
round_queries,200,300,1100,4100,19300,92100,461100,2313100,11649300,58577500
round_k,0,1,5,20,96,460,2305,11565,58246,292887
round_shots,100,100,100,100,100,100,100,100,100,100
round_queries,100,300,1100,4100,18500,90700,451300,2286100,11454500,57891700
round_k,0,1,5,20,92,453,2256,11430,57272,289458
round_shots,200,100,100,100,100,100,100,100,100,100
round_queries,200,300,700,2300,11100,55300,272300,1367100,6919700,34991500
round_k,0,1,3,11,55,276,1361,6835,34598,174957
round_shots,200,100,100,100,100,100,100,100,100,100
round_queries,200,300,1100,4900,21100,104300,514500,2573900,13058100,66189900
round_k,0,1,5,24,105,521,2572,12869,65290,330949
round_shots,200,100,100,100,100,100,100,100,100,100
round_queries,200,300,1100,4900,21700,108900,542900,2728100,13756700,69745500
round_k,0,1,5,24,108,544,2714,13640,68783,348727
round_shots,200,100,100,100,100,100,100,100,100,100
round_queries,200,300,1100,4500,22100,103300,507100,2541300,12833500,64984100
round_k,0,1,5,22,110,516,2535,12706,64167,324920
round_shots,200,100,100,100,100,100,100,100,100,100
round_queries,200,300,1100,4500,20100,100500,494300,2490100,12539500,63476300
round_k,0,1,5,22,100,502,2471,12450,62697,317381
round_shots,100,100,100,100,100,100,100,100,100
round_queries,100,300,1500,6300,28900,139500,702900,3553700,18037900
round_k,0,1,7,31,144,697,3514,17768,90189
round_shots,200,100,100,100,100,100,100,100,100,100
round_queries,200,300,900,3100,14500,70900,354100,1755300,8254300,41363100
round_k,0,1,4,15,72,354,1770,8776,41271,206815
round_shots,100,100,100,100,100,100,100,100,100,100
round_queries,100,300,1100,3500,15700,76500,381700,1909100,9676100,49101100
round_k,0,1,5,17,78,382,1908,9545,48380,245505
round_shots,200,100,100,100,100,100,100,100,100,100
round_queries,200,300,1100,4100,18900,91100,448900,2250100,11424700,57928300
round_k,0,1,5,20,94,455,2244,11250,57123,289641
round_shots,200,100,100,100,100,100,100,100,100,100
round_queries,200,300,1100,4500,19500,92300,460500,2301500,11511700,57615500
round_k,0,1,5,22,97,461,2302,11507,57558,288077
round_shots,100,100,100,100,100,100,100,100,100,100
round_queries,100,300,700,2900,12500,62100,299900,1512900,7519500,37890100
round_k,0,1,3,14,62,310,1499,7564,37597,189450
round_shots,100,100,100,100,100,100,100,100,100,100
round_queries,100,300,1100,4500,20100,95100,473700,2389500,12090700,61209500
round_k,0,1,5,22,100,475,2368,11947,60453,306047
round_shots,100,100,100,100,100,100,100,100,100,100
round_queries,100,300,1100,4900,22100,104100,522100,2606300,13183900,66641100
round_k,0,1,5,24,110,520,2610,13031,65919,333205
round_shots,100,100,100,100,100,100,100,100,100,100
round_queries,100,300,1100,5100,23500,117500,579900,2929300,14741300,74221900
round_k,0,1,5,25,117,587,2899,14646,73706,371109
round_shots,100,100,100,100,100,100,100,100,100,100
round_queries,100,300,700,1900,7500,34900,169900,828900,4137900,20994900
round_k,0,1,3,9,37,174,849,4144,20689,104974
round_shots,100,100,100,100,100,100,100,100,100,100
round_queries,100,300,1100,4500,19500,94100,450500,2277500,11549500,58524500
round_k,0,1,5,22,97,470,2252,11387,57747,292622
round_shots,100,100,100,100,100,100,100,100,100,100
round_queries,100,300,1100,4900,24100,118300,584900,2916100,14704500,74566700
round_k,0,1,5,24,120,591,2924,14580,73522,372833
round_shots,100,100,100,100,100,100,100,100,100,100
round_queries,100,300,1100,3700,17700,87500,433100,2164300,10917300,55286700
round_k,0,1,5,18,88,437,2165,10821,54586,276433
round_shots,100,100,100,100,100,100,100,100,100,100
round_queries,100,300,700,2300,9300,42500,205700,1030900,5195900,26312700
round_k,0,1,3,11,46,212,1028,5154,25979,131563
round_shots,100,100,100,100,100,100,100,100,100,100
round_queries,100,300,1100,4100,18700,87900,442500,2227100,11278700,57277900
round_k,0,1,5,20,93,439,2212,11135,56393,286389
round_shots,100,100,100,100,100,100,100,100,100,100
round_queries,100,300,1100,4500,20500,100100,496500,2493100,12496100,63447500
round_k,0,1,5,22,102,500,2482,12465,62480,317237
round_shots,100,100,100,100,100,100,100,100,100,100
round_queries,100,300,1100,4700,22300,110500,549300,2763500,14009300,71012100
round_k,0,1,5,23,111,552,2746,13817,70046,355060
round_shots,200,100,100,100,100,100,100,100,100
round_queries,200,300,1500,6300,29700,144300,709700,3562700,17998900
round_k,0,1,7,31,148,721,3548,17813,89994
round_shots,200,100,100,100,100,100,100,100,100,100
round_queries,200,300,1100,3700,16500,77700,388500,1933300,9811300,49711500
round_k,0,1,5,18,82,388,1942,9666,49056,248557
round_shots,300,100,100,100,100,100,100,100,100
round_queries,300,500,1900,7900,37900,179700,898100,4482300,22501300
round_k,0,2,9,39,189,898,4490,22411,112506
round_shots,100,100,100,100,100,100,100,100,100
round_queries,100,300,1500,7100,32900,157500,793100,3989300,20214100
round_k,0,1,7,35,164,787,3965,19946,101070
round_shots,100,100,100,100,100,100,100,100,100
round_queries,100,300,1500,5900,28700,133300,668500,3379300,17067100
round_k,0,1,7,29,143,666,3342,16896,85335
round_shots,200,100,100,100,100,100,100,100,100,100
round_queries,200,300,1100,4100,18100,86500,421700,2112500,10708700,54136700
round_k,0,1,5,20,90,432,2108,10562,53543,270683
round_shots,100,100,100,100,100,100,100,100,100,100
round_queries,100,300,1100,4900,22700,113500,575300,2902900,14692700,74579100
round_k,0,1,5,24,113,567,2876,14514,73463,372895
round_shots,100,100,100,100,100,100,100,100,100,100
round_queries,100,300,1100,4500,19700,93100,459100,2310100,11678500,58802300
round_k,0,1,5,22,98,465,2295,11550,58392,294011
round_shots,200,100,100,100,100,100,100,100,100,100
round_queries,200,300,1100,4900,22700,112500,562700,2817500,14236700,72273300
round_k,0,1,5,24,113,562,2813,14087,71183,361366
round_shots,100,100,100,100,100,100,100,100,100,100
round_queries,100,300,1100,4700,21100,101100,504700,2529500,12777100,64625300
round_k,0,1,5,23,105,505,2523,12647,63885,323126
round_shots,200,100,100,100,100,100,100,100,100,100
round_queries,200,300,1100,4100,19700,95500,473300,2405900,12143100,61529100
round_k,0,1,5,20,98,477,2366,12029,60715,307645
round_shots,200,100,100,100,100,100,100,100,100,100
round_queries,200,300,1100,4100,19500,92900,471500,2362300,11895500,60022100
round_k,0,1,5,20,97,464,2357,11811,59477,300110
round_shots,200,100,100,100,100,100,100,100,100,100
round_queries,200,300,1100,4900,21500,102500,509900,2552700,12850900,65089100
round_k,0,1,5,24,107,512,2549,12763,64254,325445
round_shots,100,100,100,100,100,100,100,100,100,100
round_queries,100,300,1100,4500,19300,91500,455300,2284300,11556700,58695300
round_k,0,1,5,22,96,457,2276,11421,57783,293476
round_shots,100,100,100,100,100,100,100,100,100
round_queries,100,300,1300,6900,32100,157100,783500,3940900,19804700
round_k,0,1,6,34,160,785,3917,19704,99023
round_shots,100,100,100,100,100,100,100,100,100,100
round_queries,100,300,1100,5100,24300,113700,565300,2865500,14459100,73411700
round_k,0,1,5,25,121,568,2826,14327,72295,367058
round_shots,200,100,100,100,100,100,100,100,100,100
round_queries,200,300,1100,4100,17700,84500,421300,2104300,10622500,53795300
round_k,0,1,5,20,88,422,2106,10521,53112,268976
round_shots,100,100,100,100,100,100,100,100,100,100
round_queries,100,300,1100,4100,19300,94900,476500,2411300,12182100,61799500
round_k,0,1,5,20,96,474,2382,12056,60910,308997
round_shots,200,100,100,100,100,100,100,100,100,100
round_queries,200,300,1100,5100,23900,116700,587500,2938500,14871900,75343100
round_k,0,1,5,25,119,583,2937,14692,74359,376715
round_shots,100,100,100,100,100,100,100,100,100,100
round_queries,100,300,700,1900,7500,37100,179500,883300,4453300,22511500
round_k,0,1,3,9,37,185,897,4416,22266,112557
round_shots,300,100,100,100,100,100,100,100,100,100
round_queries,300,300,1100,4500,22500,108500,537900,2717100,13742100,69633300
round_k,0,1,5,22,112,542,2689,13585,68710,348166
round_shots,100,100,100,100,100,100,100,100,100,100
round_queries,100,300,700,2700,11700,56100,276500,1384300,6978900,35182300
round_k,0,1,3,13,58,280,1382,6921,34894,175911
round_shots,200,100,100,100,100,100,100,100,100,100
round_queries,200,300,1100,4500,20900,100100,500500,2526900,12759100,64650500
round_k,0,1,5,22,104,500,2502,12634,63795,323252
round_shots,300,100,100,100,100,100,100,100,100,100
round_queries,300,300,1100,3700,17300,81100,397700,1998100,10118500,51145100
round_k,0,1,5,18,86,405,1988,9990,50592,255725
round_shots,200,100,100,100,100,100,100,100,100,100
round_queries,200,300,1100,5300,24100,119900,588100,2939900,14833900,75768900
round_k,0,1,5,26,120,599,2940,14699,74169,378844
round_shots,100,100,100,100,100,100,100,100,100,100
round_queries,100,300,1100,4500,21700,104100,519300,2625300,13285700,67265700
round_k,0,1,5,22,108,520,2596,13126,66428,336328
round_shots,100,100,100,100,100,100,100,100,100,100
round_queries,100,300,1100,4100,18900,92300,459300,2305900,11589100,58498700
round_k,0,1,5,20,94,461,2296,11529,57945,292493
round_shots,100,100,100,100,100,100,100,100,100,100
round_queries,100,300,1100,4900,22500,106100,529100,2655100,13414300,68103700
round_k,0,1,5,24,112,530,2645,13275,67071,340518
round_shots,200,100,100,100,100,100,100,100,100,100
round_queries,200,500,1500,5300,25700,122700,606500,3048900,15419100,78193500
round_k,0,2,7,26,128,613,3032,15244,77095,390967
round_shots,200,100,100,100,100,100,100,100,100,100
round_queries,200,300,1100,4100,18900,90700,457900,2310300,11688700,59104100
round_k,0,1,5,20,94,453,2289,11551,58443,295520
round_shots,100,100,100,100,100,100,100,100,100
round_queries,100,500,1500,6300,27900,135700,684700,3463500,17427500
round_k,0,2,7,31,139,678,3423,17317,87137
round_shots,100,100,100,100,100,100,100,100,100,100
round_queries,100,300,1100,5300,22900,110300,550100,2776500,14009500,70672100
round_k,0,1,5,26,114,551,2750,13882,70047,353360
round_shots,200,100,100,100,100,100,100,100,100,100
round_queries,200,300,1100,3500,16500,80900,400700,2013900,10140100,51409300
round_k,0,1,5,17,82,404,2003,10069,50700,257046
round_shots,200,100,100,100,100,100,100,100,100,100
round_queries,200,300,700,2900,14500,71100,350100,1749300,8839900,44715900
round_k,0,1,3,14,72,355,1750,8746,44199,223579
round_shots,200,100,100,100,100,100,100,100,100,100
round_queries,200,300,1100,4500,20500,102300,509500,2570700,13011300,65943700
round_k,0,1,5,22,102,511,2547,12853,65056,329718
round_shots,100,100,100,100,100,100,100,100,100,100
round_queries,100,300,700,2900,13500,64500,318500,1608100,8096700,41074900
round_k,0,1,3,14,67,322,1592,8040,40483,205374
round_shots,100,100,100,100,100,100,100,100,100,100
round_queries,100,300,1100,4100,18100,90500,454700,2302500,11629900,58982100
round_k,0,1,5,20,90,452,2273,11512,58149,294910
round_shots,200,100,100,100,100,100,100,100,100,100
round_queries,200,300,1100,3700,17900,85100,425900,2102300,10551500,53399500
round_k,0,1,5,18,89,425,2129,10511,52757,266997
round_shots,100,100,100,100,100,100,100,100,100
round_queries,100,300,1500,6300,29700,141700,704700,3543500,17872900
round_k,0,1,7,31,148,708,3523,17717,89364
round_shots,200,100,100,100,100,100,100,100,100,100
round_queries,200,300,1100,5500,25300,119500,592100,2762300,13577700,68061100
round_k,0,1,5,27,126,597,2960,13811,67888,340305
round_shots,100,100,100,100,100,100,100,100,100,100
round_queries,100,300,700,2300,9700,44900,223100,1117100,5613700,28147900
round_k,0,1,3,11,48,224,1115,5585,28068,140739
round_shots,100,100,100,100,100,100,100,100,100,100
round_queries,100,300,1100,3700,17100,84300,418100,2086700,10557500,53564700
round_k,0,1,5,18,85,421,2090,10433,52787,267823
round_shots,100,100,100,100,100,100,100,100,100,100
round_queries,100,300,1100,4500,19900,93700,456700,2302500,11613700,58254100
round_k,0,1,5,22,99,468,2283,11512,58068,291270
round_shots,100,100,100,100,100,100,100,100,100,100
round_queries,100,300,1100,4100,19700,95300,478300,2401100,12128700,61365900
round_k,0,1,5,20,98,476,2391,12005,60643,306829
round_shots,300,100,100,100,100,100,100,100,100,100
round_queries,300,300,1100,4500,20100,98100,471900,2355500,11884700,59602300
round_k,0,1,5,22,100,490,2359,11777,59423,298011
round_shots,100,100,100,100,100,100,100,100,100
round_queries,100,300,1100,5500,26100,129100,633300,3178900,16087900
round_k,0,1,5,27,130,645,3166,15894,80439
round_shots,100,100,100,100,100,100,100,100,100,100
round_queries,100,300,1100,4100,19100,94300,475700,2382300,12053700,61189900
round_k,0,1,5,20,95,471,2378,11911,60268,305949
round_shots,100,100,100,100,100,100,100,100,100,100
round_queries,100,300,700,2300,9700,45500,224700,1122500,5643900,28652700
round_k,0,1,3,11,48,227,1123,5612,28219,143263
round_shots,200,100,100,100,100,100,100,100,100,100
round_queries,200,300,1100,4100,18500,91700,458500,2278900,11561100,58616100
round_k,0,1,5,20,92,458,2292,11394,57805,293080
round_shots,100,100,100,100,100,100,100,100,100,100
round_queries,100,300,700,2900,13500,67700,334900,1680900,8423700,42597900
round_k,0,1,3,14,67,338,1674,8404,42118,212989
round_shots,100,100,100,100,100,100,100,100,100,100
round_queries,100,300,700,3300,15100,73900,368100,1853900,9391500,47611700
round_k,0,1,3,16,75,369,1840,9269,46957,238058
round_shots,100,100,100,100,100,100,100,100,100
round_queries,100,300,1500,5700,26900,132100,655500,3300100,16504500
round_k,0,1,7,28,134,660,3277,16500,82522
round_shots,100,200,100,100,100,100,100,100,100
round_queries,100,600,1500,5900,27300,133100,666500,3361900,17047900
round_k,0,1,7,29,136,665,3332,16809,85239
round_shots,100,100,100,100,100,100,100,100,100,100
round_queries,100,300,1100,4100,19100,90900,456300,2288500,11562100,58601300
round_k,0,1,5,20,95,454,2281,11442,57810,293006
round_shots,100,100,100,100,100,100,100,100,100,100
round_queries,100,300,1100,4500,21700,106100,529100,2643500,13334500,67130500
round_k,0,1,5,22,108,530,2645,13217,66672,335652
round_shots,100,100,100,100,100,100,100,100,100,100
round_queries,100,300,1100,4900,22900,111300,548900,2757100,13913300,70528100
round_k,0,1,5,24,114,556,2744,13785,69566,352640
round_shots,100,100,100,100,100,100,100,100,100,100
round_queries,100,300,1100,4900,23900,115900,574700,2882900,14614300,74168500
round_k,0,1,5,24,119,579,2873,14414,73071,370842
round_shots,100,100,100,100,100,100,100,100,100,100
round_queries,100,300,1100,4900,21900,106700,537100,2703900,13645700,69242100
round_k,0,1,5,24,109,533,2685,13519,68228,346210
round_shots,100,100,100,100,100,100,100,100,100,100
round_queries,100,300,700,2700,11700,55300,273300,1375500,6895500,34775700
round_k,0,1,3,13,58,276,1366,6877,34477,173878
round_shots,300,100,100,100,100,100,100,100,100
round_queries,300,500,1500,7100,31900,154900,769700,3892700,19672300
round_k,0,2,7,35,159,774,3848,19463,98361
round_shots,200,100,100,100,100,100,100,100,100,100
round_queries,200,300,1100,4700,21900,104100,509500,2563500,12982900,65723900
round_k,0,1,5,23,109,520,2547,12817,64914,328619
round_shots,200,100,100,100,100,100,100,100,100,100
round_queries,200,300,1100,4500,20500,98500,479300,2374900,11984900,60465500
round_k,0,1,5,22,102,492,2396,11874,59924,302327
round_shots,100,100,100,100,100,100,100,100,100,100
round_queries,100,300,700,1900,8100,40500,196100,976500,4925100,24949100
round_k,0,1,3,9,40,202,980,4882,24625,124745
round_shots,200,100,100,100,100,100,100,100,100,100
round_queries,200,300,1100,4300,19900,97900,489300,2450500,12365700,62731700
round_k,0,1,5,21,99,489,2446,12252,61828,313658
round_shots,200,100,100,100,100,100,100,100,100,100
round_queries,200,300,1100,3700,16900,79300,386300,1947700,9797500,49646100
round_k,0,1,5,18,84,396,1931,9738,48987,248230
round_shots,100,100,100,100,100,100,100,100,100,100
round_queries,100,300,1100,4900,23700,114500,563100,2831100,14329700,72552500
round_k,0,1,5,24,118,572,2815,14155,71648,362762
round_shots,200,100,100,100,100,100,100,100,100,100
round_queries,200,300,1100,4100,18100,87100,430300,2166700,11512500,57744900
round_k,0,1,5,20,90,435,2151,10833,57562,288724
round_shots,100,100,100,100,100,100,100,100,100,100
round_queries,100,300,1100,4100,18900,89500,433900,2158700,10930500,55247700
round_k,0,1,5,20,94,447,2169,10793,54652,276238
round_shots,200,100,100,100,100,100,100,100,100,100
round_queries,200,300,1100,4500,21500,103100,511300,2563700,12937300,65555500
round_k,0,1,5,22,107,515,2556,12818,64686,327777
round_shots,100,100,100,100,100,100,100,100,100,100
round_queries,100,300,1100,5100,24100,110300,544700,2729100,13802700,69523500
round_k,0,1,5,25,120,551,2723,13645,69013,347617
round_shots,200,100,100,100,100,100,100,100,100,100
round_queries,200,300,1100,4100,20300,94300,462300,2301900,11583900,58485300
round_k,0,1,5,20,101,471,2311,11509,57919,292426
round_shots,100,100,100,100,100,100,100,100,100,100
round_queries,100,300,700,2300,9700,43900,213500,1068300,5316700,26970900
round_k,0,1,3,11,48,219,1067,5341,26583,134854
round_shots,200,100,100,100,100,100,100,100,100,100
round_queries,200,300,1100,4500,20500,100100,502100,2536900,13471100,68296500
round_k,0,1,5,22,102,500,2510,12684,67355,341482
round_shots,100,100,100,100,100,100,100,100,100,100
round_queries,100,300,700,2300,10900,53100,266500,1315100,6627300,33498700
round_k,0,1,3,11,54,265,1332,6575,33136,167493
round_shots,100,100,100,100,100,100,100,100,100,100
round_queries,100,300,1100,5100,23500,113500,559900,2802100,14206900,71861500
round_k,0,1,5,25,117,567,2799,14010,71034,359307
round_shots,200,100,100,100,100,100,100,100,100,100
round_queries,200,300,700,3100,13500,64700,311700,1566900,7935300,40098700
round_k,0,1,3,15,67,323,1558,7834,39676,200493
round_shots,200,100,100,100,100,100,100,100,100,100
round_queries,200,300,1100,5100,22700,113900,556300,2766700,13959300,70455500
round_k,0,1,5,25,113,569,2781,13833,69796,352277
round_shots,100,100,100,100,100,100,100,100,100,100
round_queries,100,300,1100,4500,20100,95700,477100,2380300,12009900,60868900
round_k,0,1,5,22,100,478,2385,11901,60049,304344
round_shots,300,100,100,100,100,100,100,100,100,100
round_queries,300,300,1100,4700,21700,108500,508500,2485900,12534500,63490300
round_k,0,1,5,23,108,542,2542,12429,62672,317451
round_shots,200,100,100,100,100,100,100,100,100,100
round_queries,200,300,1100,4900,23100,111500,548100,2736700,13846900,70225900
round_k,0,1,5,24,115,557,2740,13683,69234,351129
round_shots,200,100,100,100,100,100,100,100,100,100
round_queries,200,300,1100,4100,18500,86300,436100,2183900,11074500,55592100
round_k,0,1,5,20,92,431,2180,10919,55372,277960
round_shots,200,100,100,100,100,100,100,100,100,100
round_queries,200,300,1100,4100,18300,86300,431700,2166700,10956300,55571900
round_k,0,1,5,20,91,431,2158,10833,54781,277859
round_shots,100,100,100,100,100,100,100,100,100,100
round_queries,100,300,1100,4100,18900,94500,472500,2385300,12105700,60798100
round_k,0,1,5,20,94,472,2362,11926,60528,303990
round_shots,100,100,100,100,100,100,100,100,100
round_queries,100,300,1500,5900,26100,127100,637300,3181300,16108700
round_k,0,1,7,29,130,635,3186,15906,80543
round_shots,200,100,100,100,100,100,100,100,100,100
round_queries,200,300,1100,3700,17100,83700,416500,2084100,10529500,53287700
round_k,0,1,5,18,85,418,2082,10420,52647,266438
round_shots,100,100,100,100,100,100,100,100,100,100
round_queries,100,300,1100,3700,16900,78700,388900,1953700,9868300,50000500
round_k,0,1,5,18,84,393,1944,9768,49341,250002
round_shots,100,100,100,100,100,100,100,100,100,100
round_queries,100,300,1100,4900,22900,108500,538300,2711300,13706300,69591100
round_k,0,1,5,24,114,542,2691,13556,68531,347955
round_shots,100,100,100,100,100,100,100,100,100,100
round_queries,100,300,1100,4100,19100,88500,445900,2246100,11315300,57341300
round_k,0,1,5,20,95,442,2229,11230,56576,286706
round_shots,200,100,100,100,100,100,100,100,100,100
round_queries,200,300,1100,3700,16900,79300,395500,1986500,10040700,50849700
round_k,0,1,5,18,84,396,1977,9932,50203,254248
round_shots,300,100,100,100,100,100,100,100,100,100
round_queries,300,300,700,2900,13700,63900,321500,1617700,8097500,40876300
round_k,0,1,3,14,68,319,1607,8088,40487,204381
round_shots,100,100,100,100,100,100,100,100,100,100
round_queries,100,300,1100,4700,20300,95900,471500,2356300,11882900,60150300
round_k,0,1,5,23,101,479,2357,11781,59414,300751
round_shots,200,100,100,100,100,100,100,100,100,100
round_queries,200,300,700,3300,14100,65100,323100,1605700,8092700,40954100
round_k,0,1,3,16,70,325,1615,8028,40463,204770
round_shots,100,100,100,100,100,100,100,100,100,100
round_queries,100,300,1100,3500,15300,75500,376300,1903500,9484300,47812100
round_k,0,1,5,17,76,377,1881,9517,47421,239060
round_shots,200,100,100,100,100,100,100,100,100
round_queries,200,700,3300,14500,70900,352900,1758900,8845500,44786300
round_k,0,3,16,72,354,1764,8794,44227,223931
round_shots,100,100,100,100,100,100,100,100,100,100
round_queries,100,300,1100,3700,16500,82500,402300,2001300,10151500,51151300
round_k,0,1,5,18,82,412,2011,10006,50757,255756
round_shots,200,100,100,100,100,100,100,100,100,100
round_queries,200,300,700,3300,13500,62100,308500,1540500,7734300,39161100
round_k,0,1,3,16,67,310,1542,7702,38671,195805
round_shots,100,100,100,100,100,100,100,100,100,100
round_queries,100,300,700,2300,10300,51500,250300,1240900,6215500,31468700
round_k,0,1,3,11,51,257,1251,6204,31077,157343
round_shots,200,100,100,100,100,100,100,100,100,100
round_queries,200,300,1100,4100,19500,94300,472500,2362100,11847900,59924500
round_k,0,1,5,20,97,471,2362,11810,59239,299622
round_shots,200,100,100,100,100,100,100,100,100,100
round_queries,200,300,1100,3700,16100,76100,374500,1883100,9517700,48197900
round_k,0,1,5,18,80,380,1872,9415,47588,240989
round_shots,100,100,100,100,100,100,100,100,100,100
round_queries,100,300,1100,5100,23900,112700,564700,2827100,14267700,72418500
round_k,0,1,5,25,119,563,2823,14135,71338,362092
round_shots,100,100,100,100,100,100,100,100,100
round_queries,100,300,1500,5500,24900,124300,615300,3118500,15765500
round_k,0,1,7,27,124,621,3076,15592,78827
round_shots,100,100,100,100,100,100,100,100,100,100
round_queries,100,300,1100,5100,24100,114900,577300,2918100,14728100,74556900
round_k,0,1,5,25,120,574,2886,14590,73640,372784
round_shots,200,100,100,100,100,100,100,100,100,100
round_queries,200,300,700,2300,9300,43500,209100,1052700,5307100,26593100
round_k,0,1,3,11,46,217,1045,5263,26535,132965
round_shots,100,100,100,100,100,100,100,100,100,100
round_queries,100,300,1100,4100,19700,95500,466300,2347300,11860700,60097900
round_k,0,1,5,20,98,477,2331,11736,59303,300489
round_shots,200,100,100,100,100,100,100,100,100,100
round_queries,200,300,700,2300,8900,44300,218300,1088300,5511500,27888700
round_k,0,1,3,11,44,221,1091,5441,27557,139443
round_shots,200,100,100,100,100,100,100,100,100,100
round_queries,200,300,1500,5900,27100,132700,622300,2992300,15083900,76385700
round_k,0,1,7,29,135,663,3111,14961,75419,381928
round_shots,100,100,100,100,100,100,100,100,100
round_queries,100,500,1900,8300,37700,175300,828100,4190100,21101300
round_k,0,2,9,41,188,876,4140,20950,105506
round_shots,200,100,100,100,100,100,100,100,100
round_queries,200,500,1900,7700,37100,180900,906300,4547900,22916500
round_k,0,2,9,38,185,904,4531,22739,114582
round_shots,200,100,100,100,100,100,100,100,100,100
round_queries,200,300,700,2900,14300,68500,336700,1690300,8555500,43067100
round_k,0,1,3,14,71,342,1683,8451,42777,215335
round_shots,200,100,100,100,100,100,100,100,100,100
round_queries,200,300,700,2300,10100,47700,239700,1212100,6081900,30710700
round_k,0,1,3,11,50,238,1198,6060,30409,153553
round_shots,200,100,100,100,100,100,100,100,100
round_queries,200,700,3300,14300,71300,343100,1721700,8685700,44008900
round_k,0,3,16,71,356,1715,8608,43428,220044
round_shots,300,100,100,100,100,100,100,100,100,100
round_queries,300,300,1100,4700,22700,111100,531900,2643700,13187700,66322300
round_k,0,1,5,23,113,555,2659,13218,65938,331611
round_shots,200,100,100,100,100,100,100,100,100,100
round_queries,200,300,700,1900,9100,44100,214900,1077700,5425700,27465500
round_k,0,1,3,9,45,220,1074,5388,27128,137327
round_shots,100,100,100,100,100,100,100,100,100,100
round_queries,100,300,1100,3700,17100,81300,397100,1988700,9991500,53160900
round_k,0,1,5,18,85,406,1985,9943,49957,265804
round_shots,200,100,100,100,100,100,100,100,100,100
round_queries,200,300,1100,4900,21300,106300,527900,2644900,13348500,67599300
round_k,0,1,5,24,106,531,2639,13224,66742,337996
round_shots,200,100,100,100,100,100,100,100,100,100
round_queries,200,300,1500,5300,25500,119900,599900,3007100,15209100,76878100
round_k,0,1,7,26,127,599,2999,15035,76045,384390
round_shots,200,100,100,100,100,100,100,100,100,100
round_queries,200,300,1100,4500,20500,98500,490700,2452700,12420300,62977100
round_k,0,1,5,22,102,492,2453,12263,62101,314885
round_shots,200,100,100,100,100,100,100,100,100,100
round_queries,200,300,1100,4100,18900,89900,446700,2249900,11338700,57444100
round_k,0,1,5,20,94,449,2233,11249,56693,287220
round_shots,200,100,100,100,100,100,100,100,100,100
round_queries,200,300,1100,3500,14500,70500,344100,1712100,8582100,43325500
round_k,0,1,5,17,72,352,1720,8560,42910,216627
round_shots,200,100,100,100,100,100,100,100,100
round_queries,200,500,1900,8100,39700,194500,974100,4908500,24835700
round_k,0,2,9,40,198,972,4870,24542,124178
round_shots,100,100,100,100,100,100,100,100,100,100
round_queries,100,300,1100,3700,15900,74900,374700,1837500,9223900,46285100
round_k,0,1,5,18,79,374,1873,9187,46119,231425
round_shots,100,100,100,100,100,100,100,100,100,100
round_queries,100,300,700,2900,13700,67900,331500,1656900,8380900,42528900
round_k,0,1,3,14,68,339,1657,8284,41904,212644
round_shots,200,100,100,100,100,100,100,100,100,100
round_queries,200,300,1100,4500,22300,107700,531700,2654700,13403500,67882100
round_k,0,1,5,22,111,538,2658,13273,67017,339410
round_shots,200,100,100,100,100,100,100,100,100,100
round_queries,200,300,700,2300,10700,49700,248500,1246700,6303100,31775100
round_k,0,1,3,11,53,248,1242,6233,31515,158875
round_shots,200,100,100,100,100,100,100,100,100,100
round_queries,200,300,1100,4500,19100,91100,452700,2267500,11483500,58203300
round_k,0,1,5,22,95,455,2263,11337,57417,291016
round_shots,100,100,100,100,100,100,100,100,100,100
round_queries,100,300,1100,3700,17500,83300,402700,2011500,10207700,51775500
round_k,0,1,5,18,87,416,2013,10057,51038,258877
round_shots,100,100,100,100,100,100,100,100,100,100
round_queries,100,300,1100,4500,19100,92300,445500,2152100,10296300,51757500
round_k,0,1,5,22,95,461,2227,10760,51481,258787
round_shots,200,100,100,100,100,100,100,100,100,100
round_queries,200,300,700,2500,11300,52900,256300,1266700,6404300,32401900
round_k,0,1,3,12,56,264,1281,6333,32021,162009
round_shots,100,100,100,100,100,100,100,100,100,100
round_queries,100,300,1100,4100,18500,91300,440100,2181500,11018900,55495300
round_k,0,1,5,20,92,456,2200,10907,55094,277476
round_shots,200,100,100,100,100,100,100,100,100,100
round_queries,200,300,1100,5100,24500,117900,567500,2836300,14354900,72799100
round_k,0,1,5,25,122,589,2837,14181,71774,363995
round_shots,100,100,100,100,100,100,100,100,100,100
round_queries,100,300,1100,3700,16700,81300,402900,2002300,10117100,53833500
round_k,0,1,5,18,83,406,2014,10011,50585,269167
round_shots,200,100,100,100,100,100,100,100,100
round_queries,200,700,2300,8700,43300,216500,1069100,5384900,27278900
round_k,0,3,11,43,216,1082,5345,26924,136394
round_shots,200,100,100,100,100,100,100,100,100
round_queries,200,500,1500,6300,29900,146500,731300,3680700,18554900
round_k,0,2,7,31,149,732,3656,18403,92774
round_shots,200,100,100,100,100,100,100,100,100,100
round_queries,200,300,1100,3100,13700,67500,323700,1599100,8047500,40736300
round_k,0,1,5,15,68,337,1618,7995,40237,203681
round_shots,100,100,100,100,100,100,100,100,100,100
round_queries,100,300,700,2900,13500,61900,326300,1645700,8302500,41971500
round_k,0,1,3,14,67,309,1631,8228,41512,209857
round_shots,100,100,100,100,100,100,100,100,100,100
round_queries,100,300,1100,3700,17500,85500,410100,2034700,10260100,51948100
round_k,0,1,5,18,87,427,2050,10173,51300,259740
round_shots,100,100,100,100,100,100,100,100,100
round_queries,100,300,1500,6500,30300,150900,759500,3805100,19262900
round_k,0,1,7,32,151,754,3797,19025,96314
round_shots,100,100,100,100,100,100,100,100,100,100
round_queries,100,300,1100,5100,25300,120900,596100,3007900,15272500,77418500
round_k,0,1,5,25,126,604,2980,15039,76362,387092
round_shots,200,100,100,100,100,100,100,100,100,100
round_queries,200,300,1100,4500,20300,98900,486100,2459300,12452700,62963100
round_k,0,1,5,22,101,494,2430,12296,62263,314815
round_shots,100,100,100,100,100,100,100,100,100,100
round_queries,100,300,1100,4500,21300,102500,510700,2565900,12953300,65718300
round_k,0,1,5,22,106,512,2553,12829,64766,328591
round_shots,100,100,100,100,100,100,100,100,100,100
round_queries,100,300,1100,4700,21500,106900,535900,2717300,13743900,69725500
round_k,0,1,5,23,107,534,2679,13586,68719,348627
round_shots,200,100,100,100,100,100,100,100,100,100
round_queries,200,300,1100,5100,23900,113900,563500,2825300,14260500,71880700
round_k,0,1,5,25,119,569,2817,14126,71302,359403
round_shots,100,100,100,100,100,100,100,100,100,100
round_queries,100,300,1100,4900,21100,100300,497300,2460500,12370700,62661100
round_k,0,1,5,24,105,501,2486,12302,61853,313305
round_shots,200,100,100,100,100,100,100,100,100,100
round_queries,200,300,1100,3500,15300,74100,366900,1844100,9361500,47392700
round_k,0,1,5,17,76,370,1834,9220,46807,236963
round_shots,200,100,100,100,100,100,100,100,100,100
round_queries,200,300,1100,4100,19500,96300,478500,2412900,12182700,61708700
round_k,0,1,5,20,97,481,2392,12064,60913,308543
round_shots,100,100,100,100,100,100,100,100,100
round_queries,100,500,1900,8700,38500,187100,943100,4708700,23789700
round_k,0,2,9,43,192,935,4715,23543,118948
round_shots,200,100,100,100,100,100,100,100,100,100
round_queries,200,300,700,2900,13300,62500,312300,1566900,7935300,40203100
round_k,0,1,3,14,66,312,1561,7834,39676,201015
round_shots,200,100,100,100,100,100,100,100,100,100
round_queries,200,300,1100,4500,19900,95100,471900,2356100,11784700,59657900
round_k,0,1,5,22,99,475,2359,11780,58923,298289
round_shots,100,100,100,100,100,100,100,100,100,100
round_queries,100,300,1100,3100,13500,65700,322300,1622900,8196100,41555100
round_k,0,1,5,15,67,328,1611,8114,40980,207775
round_shots,100,100,100,100,100,100,100,100,100
round_queries,100,300,1500,6300,28700,139500,694500,3490300,17511900
round_k,0,1,7,31,143,697,3472,17451,87559
round_shots,100,100,100,100,100,100,100,100,100,100
round_queries,100,300,700,2500,11100,53700,262300,1315900,6619500,33494700
round_k,0,1,3,12,55,268,1311,6579,33097,167473
round_shots,100,100,100,100,100,100,100,100,100,100
round_queries,100,300,1100,4500,21300,106500,526500,2651700,13394500,68013700
round_k,0,1,5,22,106,532,2632,13258,66972,340068
round_shots,200,100,100,100,100,100,100,100,100,100
round_queries,200,300,700,2900,14100,66900,331100,1646500,8330500,42224700
round_k,0,1,3,14,70,334,1655,8232,41652,211123
round_shots,100,100,100,100,100,100,100,100,100,100
round_queries,100,300,1100,4700,20300,97100,480700,2416500,12097500,61127300
round_k,0,1,5,23,101,485,2403,12082,60487,305636
round_shots,100,100,100,100,100,100,100,100,100,100
round_queries,100,300,1100,3700,17500,86300,432300,2178700,11007700,55862700
round_k,0,1,5,18,87,431,2161,10893,55038,279313
round_shots,100,100,100,100,100,100,100,100,100
round_queries,100,300,1500,5900,29300,141300,692300,3500100,17591300
round_k,0,1,7,29,146,706,3461,17500,87956
round_shots,100,100,100,100,100,100,100,100,100
round_queries,100,300,1500,6900,34500,162300,805300,4050700,20475300
round_k,0,1,7,34,172,811,4026,20253,102376
round_shots,100,100,100,100,100,100,100,100,100,100
round_queries,100,300,1100,4700,21500,104700,517700,2593300,13085100,66372700
round_k,0,1,5,23,107,523,2588,12966,65425,331863
round_shots,200,100,100,100,100,100,100,100,100,100
round_queries,200,300,1100,4900,22700,112700,549500,2751900,13926500,70628100
round_k,0,1,5,24,113,563,2747,13759,69632,353140
round_shots,100,100,100,100,100,100,100,100,100,100
round_queries,100,300,700,2300,9500,47500,238900,1196300,6009500,30377900
round_k,0,1,3,11,47,237,1194,5981,30047,151889
round_shots,100,100,100,100,100,100,100,100,100,100
round_queries,100,300,700,2700,11300,53100,261900,1319300,6574500,33331700
round_k,0,1,3,13,56,265,1309,6596,32872,166658
round_shots,100,100,100,100,100,100,100,100,100,100
round_queries,100,300,700,2300,11500,55300,268900,1351300,6818300,34464700
round_k,0,1,3,11,57,276,1344,6756,34091,172323
round_shots,100,100,100,100,100,100,100,100,100,100
round_queries,100,300,700,2300,9100,42700,211500,1065500,5364100,27193100
round_k,0,1,3,11,45,213,1057,5327,26820,135965
round_shots,100,100,100,100,100,100,100,100,100
round_queries,100,300,1500,5700,28100,134300,662700,3331300,16780700
round_k,0,1,7,28,140,671,3313,16656,83903
round_shots,100,100,100,100,100,100,100,100,100,100
round_queries,100,300,1100,4900,23100,108700,547700,2760300,13989900,70765300
round_k,0,1,5,24,115,543,2738,13801,69949,353826
round_shots,100,100,100,100,100,100,100,100,100,100
round_queries,100,300,1100,4100,20500,101300,502900,2520300,12706900,64279900
round_k,0,1,5,20,102,506,2514,12601,63534,321399
round_shots,100,100,100,100,100,100,100,100,100,100
round_queries,100,300,1100,4100,19100,89300,438700,2200100,11140900,56377700
round_k,0,1,5,20,95,446,2193,11000,55704,281888
round_shots,100,100,100,100,100,100,100,100,100,100
round_queries,100,300,1100,4500,19900,98500,481900,2425700,12308500,62062100
round_k,0,1,5,22,99,492,2409,12128,61542,310310
round_shots,200,100,100,100,100,100,100,100,100,100
round_queries,200,300,700,2300,8700,39900,196700,981300,4936300,25013300
round_k,0,1,3,11,43,199,983,4906,24681,125066
round_shots,300,100,100,100,100,100,100,100,100
round_queries,300,500,2300,10500,51300,254700,1282500,6503700,33011700
round_k,0,2,11,52,256,1273,6412,32518,165058
round_shots,100,100,100,100,100,100,100,100,100,100
round_queries,100,300,1100,4100,18500,87900,433900,2160900,10911700,54880500
round_k,0,1,5,20,92,439,2169,10804,54558,274402
round_shots,300,100,100,100,100,100,100,100,100,100
round_queries,300,300,1100,4100,17900,84700,417500,2089100,10569100,53499700
round_k,0,1,5,20,89,423,2087,10445,52845,267498
round_shots,100,100,100,100,100,100,100,100,100,100
round_queries,100,300,1500,5300,25500,120500,582300,2909700,14691300,74446100
round_k,0,1,7,26,127,602,2911,14548,73456,372230
round_shots,100,100,100,100,100,100,100,100,100,100
round_queries,100,300,1100,5100,22700,113300,568100,2847700,14347900,72720900
round_k,0,1,5,25,113,566,2840,14238,71739,363604
round_shots,100,100,100,100,100,100,100,100,100
round_queries,100,300,1500,5300,24900,124100,615500,3094100,15508700
round_k,0,1,7,26,124,620,3077,15470,77543
round_shots,200,100,100,100,100,100,100,100,100,100
round_queries,200,300,1100,4900,24300,119700,594900,2996900,15103100,76690900
round_k,0,1,5,24,121,598,2974,14984,75515,383454
round_shots,100,100,100,100,100,100,100,100,100,100
round_queries,100,300,1100,4100,19900,92500,458300,2319100,11612300,58900900
round_k,0,1,5,20,99,462,2291,11595,58061,294504
round_shots,200,100,100,100,100,100,100,100,100,100
round_queries,200,300,1100,4500,21500,105500,498100,2421700,12134300,61398300
round_k,0,1,5,22,107,527,2490,12108,60671,306991
round_shots,100,100,100,100,100,100,100,100,100,100
round_queries,100,300,700,2300,9100,40700,203300,1007500,5058700,25232300
round_k,0,1,3,11,45,203,1016,5037,25293,126161
round_shots,100,100,100,100,100,100,100,100,100,100
round_queries,100,300,1100,4700,21300,100100,498500,2521700,12753500,64626700
round_k,0,1,5,23,106,500,2492,12608,63767,323133
round_shots,200,100,100,100,100,100,100,100,100,100
round_queries,200,300,1100,4100,18900,90900,445300,2243300,11357100,57502300
round_k,0,1,5,20,94,454,2226,11216,56785,287511
round_shots,200,100,100,100,100,100,100,100,100,100
round_queries,200,300,1100,4500,20900,105100,523500,2630700,13233900,66955100
round_k,0,1,5,22,104,525,2617,13153,66169,334775
round_shots,100,100,100,100,100,100,100,100,100,100
round_queries,100,300,1100,4900,22500,109900,551300,2754700,13796100,69964700
round_k,0,1,5,24,112,549,2756,13773,68980,349823
round_shots,200,100,100,100,100,100,100,100,100,100
round_queries,200,300,1100,4700,22300,107500,530100,2668700,13448900,68101300
round_k,0,1,5,23,111,537,2650,13343,67244,340506
round_shots,200,100,100,100,100,100,100,100,100,100
round_queries,200,300,1100,4100,20500,96500,485700,2453300,12385100,62800900
round_k,0,1,5,20,102,482,2428,12266,61925,314004
round_shots,100,100,100,100,100,100,100,100,100
round_queries,100,300,1500,6300,30500,151700,749900,3789700,19160900
round_k,0,1,7,31,152,758,3749,18948,95804
round_shots,100,100,100,100,100,100,100,100,100,100
round_queries,100,300,1100,4100,20300,96900,486900,2442300,12357900,62572700
round_k,0,1,5,20,101,484,2434,12211,61789,312863
round_shots,100,100,100,100,100,100,100,100,100,100
round_queries,100,300,700,2500,10300,49500,237300,1172500,5879500,29769100
round_k,0,1,3,12,51,247,1186,5862,29397,148845
round_shots,100,100,100,100,100,100,100,100,100,100
round_queries,100,300,1100,3500,14700,72300,360500,1823500,9153700,46216500
round_k,0,1,5,17,73,361,1802,9117,45768,231082
round_shots,200,100,100,100,100,100,100,100,100,100
round_queries,200,300,1100,4100,19900,95900,472700,2368500,11939500,60281500
round_k,0,1,5,20,99,479,2363,11842,59697,301407
round_shots,200,100,100,100,100,100,100,100,100,100
round_queries,200,300,1100,4500,22500,110300,557500,2810900,14205500,71624300
round_k,0,1,5,22,112,551,2787,14054,71027,358121
round_shots,200,100,100,100,100,100,100,100,100
round_queries,200,300,1100,5500,25300,124500,630700,3176100,16097100
round_k,0,1,5,27,126,622,3153,15880,80485
round_shots,100,100,100,100,100,100,100,100,100,100
round_queries,100,300,1100,4100,17700,88100,439300,2198500,11125700,56418100
round_k,0,1,5,20,88,440,2196,10992,55628,282090
round_shots,100,100,100,100,100,100,100,100,100,100
round_queries,100,300,1100,4500,19900,98100,490900,2445700,12328700,62513500
round_k,0,1,5,22,99,490,2454,12228,61643,312567
round_shots,200,100,100,100,100,100,100,100,100,100
round_queries,200,300,1100,3700,17300,83500,405500,2026300,10207500,51705700
round_k,0,1,5,18,86,417,2027,10131,51037,258528
round_shots,200,100,100,100,100,100,100,100,100,100
round_queries,200,300,1100,3700,17300,82500,409100,2056900,10332700,52335100
round_k,0,1,5,18,86,412,2045,10284,51663,261675
round_shots,100,100,100,100,100,100,100,100,100
round_queries,100,300,1500,6300,29700,146700,733100,3683500,18660700
round_k,0,1,7,31,148,733,3665,18417,93303
round_shots,100,100,100,100,100,100,100,100,100,100
round_queries,100,300,700,2300,10100,49100,235900,1176300,5697100,28603300
round_k,0,1,3,11,50,245,1179,5881,28485,143016
round_shots,100,100,100,100,100,100,100,100,100,100
round_queries,100,300,1100,4700,23300,114500,567900,2862900,14519100,73466100
round_k,0,1,5,23,116,572,2839,14314,72595,367330
round_shots,100,100,100,100,100,100,100,100,100,100
round_queries,100,300,1100,5500,24100,117300,585100,2917700,14673500,74033300
round_k,0,1,5,27,120,586,2925,14588,73367,370166
round_shots,200,100,100,100,100,100,100,100,100
round_queries,200,300,1100,5100,24900,122900,616500,3116700,15718500
round_k,0,1,5,25,124,614,3082,15583,78592
round_shots,100,100,100,100,100,100,100,100,100,100
round_queries,100,300,1100,4500,22500,111700,545500,2738500,13868900,70370300
round_k,0,1,5,22,112,558,2727,13692,69344,351851
round_shots,100,100,100,100,100,100,100,100,100,100
round_queries,100,300,900,4500,20900,99900,500100,2501500,12641900,63635700
round_k,0,1,4,22,104,499,2500,12507,63209,318178
round_shots,100,100,100,100,100,100,100,100,100,100
round_queries,100,300,700,2300,11100,50300,247900,1239700,6276300,31822900
round_k,0,1,3,11,55,251,1239,6198,31381,159114
round_shots,200,100,100,100,100,100,100,100,100,100
round_queries,200,300,1100,4500,19300,89300,446900,2249900,11334300,57476700
round_k,0,1,5,22,96,446,2234,11249,56671,287383
round_shots,200,100,100,100,100,100,100,100,100,100
round_queries,200,300,1100,4100,19100,91700,450900,2119500,10693700,54223700
round_k,0,1,5,20,95,458,2254,10597,53468,271118
round_shots,100,100,100,100,100,100,100,100,100
round_queries,100,300,1500,5900,28300,137700,672100,3396500,17077900
round_k,0,1,7,29,141,688,3360,16982,85389
round_shots,200,100,100,100,100,100,100,100,100,100
round_queries,200,300,1100,4100,17700,87100,422500,2129500,10731500,54342100
round_k,0,1,5,20,88,435,2112,10647,53657,271710
round_shots,200,200,100,100,100,100,100,100,100
round_queries,200,600,1900,9100,43300,210300,1056900,5313700,26722700
round_k,0,1,9,45,216,1051,5284,26568,133613
round_shots,100,100,100,100,100,100,100,100,100,100
round_queries,100,300,1100,3700,15500,77300,383300,1931700,9776300,49658700
round_k,0,1,5,18,77,386,1916,9658,48881,248293
round_shots,100,100,100,100,100,100,100,100,100,100
round_queries,100,300,1100,4100,18900,88100,431700,2166100,10974900,55168100
round_k,0,1,5,20,94,440,2158,10830,54874,275840
round_shots,100,100,100,100,100,100,100,100,100,100
round_queries,100,300,1100,5500,24700,119500,596700,3003500,15037300,75545700
round_k,0,1,5,27,123,597,2983,15017,75186,377728
round_shots,200,100,100,100,100,100,100,100,100,100
round_queries,200,300,1100,5100,25500,122300,604900,3047100,15393100,78044700
round_k,0,1,5,25,127,611,3024,15235,76965,390223
round_shots,200,100,100,100,100,100,100,100,100,100
round_queries,200,300,1100,3500,14500,70300,351500,2106900,10616900,52130500
round_k,0,1,5,17,72,351,1757,10534,53084,260652
round_shots,200,100,100,100,100,100,100,100,100,100
round_queries,200,300,1100,4100,17500,85100,416100,1982900,9794300,49395900
round_k,0,1,5,20,87,425,2080,9914,48971,246979
round_shots,100,100,100,100,100,100,100,100,100,100
round_queries,100,300,1100,4100,20100,93300,466500,2345300,11827900,59478700
round_k,0,1,5,20,100,466,2332,11726,59139,297393
round_shots,100,100,100,100,100,100,100,100,100,100
round_queries,100,300,700,2300,9900,47500,237500,1190900,6011700,30393900
round_k,0,1,3,11,49,237,1187,5954,30058,151969
round_shots,200,100,100,100,100,100,100,100,100
round_queries,200,300,1500,5900,26300,130100,647900,3254300,16356700
round_k,0,1,7,29,131,650,3239,16271,81783
round_shots,100,100,100,100,100,100,100,100,100,100
round_queries,100,300,700,3300,15500,74100,369900,1779100,8935700,45250100
round_k,0,1,3,16,77,370,1849,8895,44678,226250
round_shots,200,100,100,100,100,100,100,100,100,100
round_queries,200,300,700,3300,15300,71300,349300,1756300,8882700,44891500
round_k,0,1,3,16,76,356,1746,8781,44413,224457
round_shots,100,100,100,100,100,100,100,100,100,100
round_queries,100,300,1100,4100,18700,90900,448900,2250300,11409500,57859100
round_k,0,1,5,20,93,454,2244,11251,57047,289295
round_shots,300,100,100,100,100,100,100,100,100,100
round_queries,300,300,1100,4500,21100,103300,516100,2574700,12990100,65653100
round_k,0,1,5,22,105,516,2580,12873,64950,328265
round_shots,100,100,100,100,100,100,100,100,100,100
round_queries,100,300,1100,5100,24900,120500,603900,3040700,15387300,77659900
round_k,0,1,5,25,124,602,3019,15203,76936,388299
round_shots,100,200,100,100,100,100,100,100,100
round_queries,100,600,1900,7900,36700,177300,887900,4468700,22617300
round_k,0,1,9,39,183,886,4439,22343,113086
round_shots,300,100,100,100,100,100,100,100,100,100
round_queries,300,300,1100,3500,14300,70500,351100,1739500,8788100,44610300
round_k,0,1,5,17,71,352,1755,8697,43940,223051
round_shots,100,100,100,100,100,100,100,100,100,100
round_queries,100,300,1100,4500,19300,90900,452700,2289500,11482500,58266900
round_k,0,1,5,22,96,454,2263,11447,57412,291334
round_shots,100,100,100,100,100,100,100,100,100,100
round_queries,100,300,1100,4500,20700,99500,499900,2516700,12751700,64582700
round_k,0,1,5,22,103,497,2499,12583,63758,322913
round_shots,200,100,100,100,100,100,100,100,100,100
round_queries,200,300,1100,4900,23100,114100,558100,2796300,14132700,71710700
round_k,0,1,5,24,115,570,2790,13981,70663,358553
round_shots,100,100,100,100,100,100,100,100,100,100
round_queries,100,300,1100,4700,21500,107700,541500,2717300,13734900,69607100
round_k,0,1,5,23,107,538,2707,13586,68674,348035
round_shots,100,100,100,100,100,100,100,100,100,100
round_queries,100,300,1100,4300,21300,104300,497500,2502700,12670300,64307100
round_k,0,1,5,21,106,521,2487,12513,63351,321535
round_shots,200,100,100,100,100,100,100,100,100,100
round_queries,200,300,1100,3700,18100,87700,438700,2197300,11086500,56291500
round_k,0,1,5,18,90,438,2193,10986,55432,281457
round_shots,200,100,100,100,100,100,100,100,100,100
round_queries,200,300,1100,5100,24900,116100,574300,2877300,14531500,73688100
round_k,0,1,5,25,124,580,2871,14386,72657,368440
round_shots,200,100,100,100,100,100,100,100,100
round_queries,200,300,1500,5900,26900,135700,674700,3403900,17161500
round_k,0,1,7,29,134,678,3373,17019,85807
round_shots,100,100,100,100,100,100,100,100,100
round_queries,100,300,1500,6700,33300,163300,823900,4133100,20924500
round_k,0,1,7,33,166,816,4119,20665,104622
round_shots,200,100,100,100,100,100,100,100,100
round_queries,200,300,1500,5900,26700,129300,639100,3208500,16263300
round_k,0,1,7,29,133,646,3195,16042,81316
round_shots,200,100,100,100,100,100,100,100,100,100
round_queries,200,300,1100,4900,22900,108500,535500,2698900,13596900,68749900
round_k,0,1,5,24,114,542,2677,13494,67984,343749
round_shots,100,100,100,100,100,100,100,100,100,100
round_queries,100,300,1100,3700,17900,84900,427300,2159700,10831100,54482700
round_k,0,1,5,18,89,424,2136,10798,54155,272413
round_shots,100,100,100,100,100,100,100,100,100
round_queries,100,300,1100,5500,26300,127300,634100,3199900,16049500
round_k,0,1,5,27,131,636,3170,15999,80247
round_shots,100,100,100,100,100,100,100,100,100,100
round_queries,100,300,1100,5100,23900,114700,569300,2870500,14508900,73233100
round_k,0,1,5,25,119,573,2846,14352,72544,366165
round_shots,100,100,100,100,100,100,100,100,100,100
round_queries,100,300,1100,3700,18500,89100,436900,2188700,11055300,56072700
round_k,0,1,5,18,92,445,2184,10943,55276,280363
round_shots,100,100,100,100,100,100,100,100,100,100
round_queries,100,300,1100,4900,22300,111100,529300,2676100,13421500,68106700
round_k,0,1,5,24,111,555,2646,13380,67107,340533
round_shots,100,100,100,100,100,100,100,100,100,100
round_queries,100,300,1100,4100,18100,86700,426300,2128500,10770900,54553500
round_k,0,1,5,20,90,433,2131,10642,53854,272767
round_shots,200,100,100,100,100,100,100,100,100
round_queries,200,500,1500,6300,27700,132700,662700,3322700,16765500
round_k,0,2,7,31,138,663,3313,16613,83827
round_shots,100,100,100,100,100,100,100,100,100
round_queries,100,300,1100,5100,24500,114500,574700,2867500,17319700
round_k,0,1,5,25,122,572,2873,14337,86598
round_shots,300,100,100,100,100,100,100,100,100,100
round_queries,300,300,700,1900,7900,38300,183700,893700,4402100,21781500
round_k,0,1,3,9,39,191,918,4468,22010,108907
round_shots,300,100,100,100,100,100,100,100,100,100
round_queries,300,300,1100,5100,22700,108700,542100,2723900,13745900,69709500
round_k,0,1,5,25,113,543,2710,13619,68729,348547
round_shots,100,100,100,100,100,100,100,100,100,100
round_queries,100,300,1100,4900,22900,109100,544300,2729900,13831300,69986500
round_k,0,1,5,24,114,545,2721,13649,69156,349932
round_shots,200,100,100,100,100,100,100,100,100,100
round_queries,200,300,700,2900,13500,62700,305500,1539900,7767100,39255900
round_k,0,1,3,14,67,313,1527,7699,38835,196279
round_shots,200,100,100,100,100,100,100,100,100,100
round_queries,200,300,1100,4100,18700,87700,411500,2070300,10378300,52427700
round_k,0,1,5,20,93,438,2057,10351,51891,262138
round_shots,300,100,100,100,100,100,100,100,100,100
round_queries,300,300,700,3300,16100,74900,368300,1853500,9355500,47470900
round_k,0,1,3,16,80,374,1841,9267,46777,237354
round_shots,100,100,100,100,100,100,100,100,100,100
round_queries,100,300,1100,4100,19100,93300,445900,2234700,11310100,57342500
round_k,0,1,5,20,95,466,2229,11173,56550,286712
round_shots,100,100,100,100,100,100,100,100,100,100
round_queries,100,300,1100,4100,19100,90100,449500,2256300,11373100,57557300
round_k,0,1,5,20,95,450,2247,11281,56865,287786
round_shots,200,100,100,100,100,100,100,100,100,100
round_queries,200,300,700,3300,14900,69900,351300,1766900,8854700,44831500
round_k,0,1,3,16,74,349,1756,8834,44273,224157
round_shots,100,100,100,100,100,100,100,100,100,100
round_queries,100,300,1100,4900,22500,106500,524500,2639100,13324900,67573900
round_k,0,1,5,24,112,532,2622,13195,66624,337869
round_shots,200,100,100,100,100,100,100,100,100,100
round_queries,200,300,700,2900,12700,60100,299100,1467700,7423700,37218900
round_k,0,1,3,14,63,300,1495,7338,37118,186094
round_shots,100,100,100,100,100,100,100,100,100,100
round_queries,100,300,1100,4300,21100,102700,500900,2521300,12666300,63579500
round_k,0,1,5,21,105,513,2504,12606,63331,317897
round_shots,200,100,100,100,100,100,100,100,100
round_queries,200,300,1500,6300,27300,134700,669100,3379100,17076900
round_k,0,1,7,31,136,673,3345,16895,85384
round_shots,100,100,100,100,100,100,100,100,100
round_queries,100,300,1500,6300,30100,145900,728500,3666300,18590900
round_k,0,1,7,31,150,729,3642,18331,92954
round_shots,100,100,100,100,100,100,100,100,100
round_queries,100,300,1500,5900,28100,134100,670900,3391500,17167700
round_k,0,1,7,29,140,670,3354,16957,85838
round_shots,100,100,100,100,100,100,100,100,100
round_queries,100,300,1500,6700,31700,158100,785900,3931300,19938100
round_k,0,1,7,33,158,790,3929,19656,99690
round_shots,100,100,100,100,100,100,100,100,100
round_queries,100,500,1900,6900,32300,159700,952700,4780700,24173100
round_k,0,2,9,34,161,798,4763,23903,120865
round_shots,200,100,100,100,100,100,100,100,100,100
round_queries,200,300,1100,4900,21300,106100,530700,2675900,13555900,68818900
round_k,0,1,5,24,106,530,2653,13379,67779,344094
round_shots,300,100,100,100,100,100,100,100,100
round_queries,300,500,1900,7500,37500,182900,914900,4596100,23181700
round_k,0,2,9,37,187,914,4574,22980,115908
round_shots,100,100,100,100,100,100,100,100,100,100
round_queries,100,300,1100,4500,22300,109700,543100,2732100,13810700,69984700
round_k,0,1,5,22,111,548,2715,13660,69053,349923
round_shots,200,100,100,100,100,100,100,100,100
round_queries,200,500,1900,8900,42500,203300,1018100,5126300,25986100
round_k,0,2,9,44,212,1016,5090,25631,129930
round_shots,100,100,100,100,100,100,100,100,100,100
round_queries,100,300,700,3300,14500,70500,352100,1765100,8904500,45142100
round_k,0,1,3,16,72,352,1760,8825,44522,225710
round_shots,200,100,100,100,100,100,100,100,100
round_queries,200,500,2300,10100,46900,227500,1144900,5803700,29332500
round_k,0,2,11,50,234,1137,5724,29018,146662
round_shots,100,100,100,100,100,100,100,100,100
round_queries,100,300,1500,6300,27700,137900,688100,3461300,17441300
round_k,0,1,7,31,138,689,3440,17306,87206
round_shots,100,100,100,100,100,100,100,100,100,100
round_queries,100,300,700,2900,12500,58100,284500,1434100,7272500,36499700
round_k,0,1,3,14,62,290,1422,7170,36362,182498
round_shots,200,100,100,100,100,100,100,100,100
round_queries,200,300,1100,5500,27700,134900,673300,3383500,17135300
round_k,0,1,5,27,138,674,3366,16917,85676
round_shots,100,100,100,100,100,100,100,100,100,100
round_queries,100,300,1100,4500,22500,109700,535100,2685300,13469700,68141700
round_k,0,1,5,22,112,548,2675,13426,67348,340708
round_shots,200,100,100,100,100,100,100,100,100
round_queries,200,500,1900,9100,41900,204500,1006100,5044500,25554900
round_k,0,2,9,45,209,1022,5030,25222,127774
round_shots,200,100,100,100,100,100,100,100,100,100
round_queries,200,300,1100,3700,17300,82300,411700,2068500,10454100,52999100
round_k,0,1,5,18,86,411,2058,10342,52270,264995
round_shots,200,100,100,100,100,100,100,100,100
round_queries,200,300,1100,5500,25900,122700,613700,3083700,15657300
round_k,0,1,5,27,129,613,3068,15418,78286
round_shots,200,100,100,100,100,100,100,100,100,100
round_queries,200,300,700,2300,10700,49900,245300,1210900,6074500,30624500
round_k,0,1,3,11,53,249,1226,6054,30372,153122
round_shots,200,100,100,100,100,100,100,100,100
round_queries,200,300,1500,5700,26100,129700,638300,3171700,15995900
round_k,0,1,7,28,130,648,3191,15858,79979
round_shots,200,100,100,100,100,100,100,100,100,100
round_queries,200,300,1100,4500,22100,107100,523500,2647900,13450900,68108300
round_k,0,1,5,22,110,535,2617,13239,67254,340541
round_shots,200,100,100,100,100,100,100,100,100
round_queries,200,700,2500,11700,56300,277900,1389100,6967500,35267100
round_k,0,3,12,58,281,1389,6945,34837,176335
round_shots,200,100,100,100,100,100,100,100,100,100
round_queries,200,300,1100,4100,18900,90500,451900,2285100,11571500,58434300
round_k,0,1,5,20,94,452,2259,11425,57857,292171
round_shots,200,100,100,100,100,100,100,100,100,100
round_queries,200,300,1100,3700,17700,82900,407700,2048100,10338100,52053300
round_k,0,1,5,18,88,414,2038,10240,51690,260266
round_shots,200,100,100,100,100,100,100,100,100
round_queries,200,700,3500,19700,114700,562300,2817500,14271900,72229500
round_k,0,3,17,98,573,2811,14087,71359,361147
round_shots,100,100,100,100,100,100,100,100,100
round_queries,100,300,1500,7100,35500,174700,871100,4362900,22074900
round_k,0,1,7,35,177,873,4355,21814,110374
round_shots,200,100,100,100,100,100,100,100,100,100
round_queries,200,300,1100,4500,20100,98500,486700,2429700,12316300,62506500
round_k,0,1,5,22,100,492,2433,12148,61581,312532
round_shots,200,100,100,100,100,100,100,100,100,100
round_queries,200,300,1100,3700,17700,83100,415300,2072700,10497900,53217500
round_k,0,1,5,18,88,415,2076,10363,52489,266087
round_shots,100,100,100,100,100,100,100,100,100
round_queries,100,300,1100,5500,25900,126500,635900,3169500,15986700
round_k,0,1,5,27,129,632,3179,15847,79933
round_shots,100,100,100,100,100,100,100,100,100
round_queries,100,300,1500,5300,25500,125700,626500,3113700,15629300
round_k,0,1,7,26,127,628,3132,15568,78146
round_shots,100,100,100,100,100,100,100,100,100,100
round_queries,100,300,1100,3100,14300,67100,330700,1662900,8388900,42398100
round_k,0,1,5,15,71,335,1653,8314,41944,211990
round_shots,200,100,100,100,100,100,100,100,100,100
round_queries,200,300,1100,4500,20300,98300,464100,2334700,11800100,59700300
round_k,0,1,5,22,101,491,2320,11673,59000,298501
round_shots,200,100,100,100,100,100,100,100,100
round_queries,200,300,1100,5500,27100,130700,651900,3297500,16662500
round_k,0,1,5,27,135,653,3259,16487,83312
round_shots,300,100,100,100,100,100,100,100,100
round_queries,300,500,2300,9700,45900,228900,1154100,5846700,29408700
round_k,0,2,11,48,229,1144,5770,29233,147043
round_shots,100,100,100,100,100,100,100,100,100,100
round_queries,100,300,700,2300,9500,46900,228700,1148300,5782700,29195300
round_k,0,1,3,11,47,234,1143,5741,28913,145976
round_shots,200,100,100,100,100,100,100,100,100,100
round_queries,200,500,1500,4900,22500,104900,519900,2629700,13298900,67174700
round_k,0,2,7,24,112,524,2599,13148,66494,335873
round_shots,100,100,100,100,100,100,100,100,100,100
round_queries,100,300,1100,4900,23900,117100,576700,2908900,14578300,73876700
round_k,0,1,5,24,119,585,2883,14544,72891,369383
round_shots,100,100,100,100,100,100,100,100,100,100
round_queries,100,300,1100,3700,16700,80100,401500,2026900,10143500,51211900
round_k,0,1,5,18,83,400,2007,10134,50717,256059
round_shots,200,100,100,100,100,100,100,100,100,100
round_queries,200,300,1100,3900,18500,89700,448300,2244700,11364100,57664300
round_k,0,1,5,19,92,448,2241,11223,56820,288321
round_shots,100,100,100,100,100,100,100,100,100,100
round_queries,100,300,700,3100,13100,61100,300900,1497500,7491700,37995900
round_k,0,1,3,15,65,305,1504,7487,37458,189979
round_shots,200,100,100,100,100,100,100,100,100
round_queries,200,300,1100,5300,26500,127500,637700,3214500,16313500
round_k,0,1,5,26,132,637,3188,16072,81567
round_shots,200,100,100,100,100,100,100,100,100,100
round_queries,200,300,700,2900,13500,61500,302900,1509100,7597100,38192900
round_k,0,1,3,14,67,307,1514,7545,37985,190964
round_shots,200,100,100,100,100,100,100,100,100,100
round_queries,200,300,1100,4100,19900,97500,485300,2426300,12303700,62480700
round_k,0,1,5,20,99,487,2426,12131,61518,312403
round_shots,100,100,100,100,100,100,100,100,100,100
round_queries,100,300,700,3300,15100,71300,346300,1729500,8717100,44193900
round_k,0,1,3,16,75,356,1731,8647,43585,220969
round_shots,200,100,100,100,100,100,100,100,100,100
round_queries,200,300,700,1900,8700,42700,213100,1044500,5262700,26587700
round_k,0,1,3,9,43,213,1065,5222,26313,132938
round_shots,100,100,100,100,100,100,100,100,100,100
round_queries,100,300,1100,4500,21500,103100,517300,2602100,13058700,66247700
round_k,0,1,5,22,107,515,2586,13010,65293,331238
round_shots,200,100,100,100,100,100,100,100,100,100
round_queries,200,300,1100,4100,17100,79300,396500,1968900,9939500,50385900
round_k,0,1,5,20,85,396,1982,9844,49697,251929
round_shots,100,100,100,100,100,100,100,100,100,100
round_queries,100,300,1100,3500,15100,72300,359500,1822100,9109500,46087300
round_k,0,1,5,17,75,361,1797,9110,45547,230436
round_shots,100,100,100,100,100,100,100,100,100,100
round_queries,100,300,1100,4100,20100,92500,447900,2245700,11256900,57037500
round_k,0,1,5,20,100,462,2239,11228,56284,285187
round_shots,100,100,100,100,100,100,100,100,100,100
round_queries,100,300,1100,3700,17100,81100,402100,2022500,10190500,51496500
round_k,0,1,5,18,85,405,2010,10112,50952,257482
round_shots,100,100,100,100,100,100,100,100,100,100
round_queries,100,300,1100,4500,21100,106100,527900,2649500,13406100,67933900
round_k,0,1,5,22,105,530,2639,13247,67030,339669
round_shots,200,100,100,100,100,100,100,100,100
round_queries,200,300,1500,5700,26100,126300,629100,3184500,16130500
round_k,0,1,7,28,130,631,3145,15922,80652
round_shots,100,100,100,100,100,100,100,100,100,100
round_queries,100,300,700,1900,8300,41300,203900,1027300,5194500,26257500
round_k,0,1,3,9,41,206,1019,5136,25972,131287
round_shots,100,100,100,100,100,100,100,100,100,100
round_queries,100,300,1100,4100,19500,92900,461900,2323700,11665300,58754700
round_k,0,1,5,20,97,464,2309,11618,58326,293773
round_shots,100,100,100,100,100,100,100,100,100,100
round_queries,100,300,1100,4900,22300,107300,537700,2707500,13549500,68461700
round_k,0,1,5,24,111,536,2688,13537,67747,342308
round_shots,100,100,100,100,100,100,100,100,100,100
round_queries,100,300,700,2900,12700,61500,307500,1560700,7882500,39722900
round_k,0,1,3,14,63,307,1537,7803,39412,198614
round_shots,200,100,100,100,100,100,100,100,100
round_queries,200,700,2100,8100,36300,174300,879900,4434500,22413900
round_k,0,3,10,40,181,871,4399,22172,112069
round_shots,100,100,100,100,100,100,100,100,100,100
round_queries,100,300,1100,5100,22900,114300,566100,2855100,14334300,72595700
round_k,0,1,5,25,114,571,2830,14275,71671,362978
round_shots,100,100,100,100,100,100,100,100,100,100
round_queries,100,300,700,3300,14900,72700,367900,1831500,9249100,46921900
round_k,0,1,3,16,74,363,1839,9157,46245,234609
round_shots,200,100,100,100,100,100,100,100,100,100
round_queries,200,300,1100,5500,24300,119700,604100,3034900,15291900,77448500
round_k,0,1,5,27,121,598,3020,15174,76459,387242
round_shots,200,100,100,100,100,100,100,100,100,100
round_queries,200,300,1100,4900,23900,115700,574900,2887700,14557300,73631700
round_k,0,1,5,24,119,578,2874,14438,72786,368158
round_shots,200,100,100,100,100,100,100,100,100,100
round_queries,200,300,700,2300,10500,48300,238700,1188500,5939100,30130100
round_k,0,1,3,11,52,241,1193,5942,29695,150650
round_shots,100,100,100,100,100,100,100,100,100,100
round_queries,100,300,1100,4500,21500,106700,534300,2699900,13655100,69245900
round_k,0,1,5,22,107,533,2671,13499,68275,346229
round_shots,100,100,100,100,100,100,100,100,100,100
round_queries,100,300,1100,5500,25300,118900,567500,2833300,14317500,72618700
round_k,0,1,5,27,126,594,2837,14166,71587,363093
round_shots,200,100,100,100,100,100,100,100,100,100
round_queries,200,300,700,2300,9300,44100,222700,1120300,5635900,28464500
round_k,0,1,3,11,46,220,1113,5601,28179,142322
round_shots,100,200,100,100,100,100,100,100,100,100
round_queries,100,600,1500,5300,23900,115300,579700,2913300,14529300,73596300
round_k,0,1,7,26,119,576,2898,14566,72646,367981
round_shots,200,100,100,100,100,100,100,100,100
round_queries,200,500,1900,8300,37900,184300,929500,4641700,23351900
round_k,0,2,9,41,189,921,4647,23208,116759
round_shots,100,100,100,100,100,100,100,100,100,100
round_queries,100,300,1500,5500,25300,121100,613300,3071100,15459900,78348500
round_k,0,1,7,27,126,605,3066,15355,77299,391742
round_shots,100,100,100,100,100,100,100,100,100
round_queries,100,300,1500,5900,29100,144300,711700,3591500,17973700
round_k,0,1,7,29,145,721,3558,17957,89868
round_shots,200,100,100,100,100,100,100,100,100,100
round_queries,200,300,700,2300,10900,53900,265700,1326700,6663900,33840900
round_k,0,1,3,11,54,269,1328,6633,33319,169204
round_shots,100,200,100,100,100,100,100,100,100,100
round_queries,100,600,1300,3900,18700,89500,434500,2198100,11084500,55893500
round_k,0,1,6,19,93,447,2172,10990,55422,279467
round_shots,100,100,100,100,100,100,100,100,100,100
round_queries,100,300,700,2900,13900,68900,343300,1719300,8662100,43649500
round_k,0,1,3,14,69,344,1716,8596,43310,218247
round_shots,100,100,100,100,100,100,100,100,100,100
round_queries,100,300,1100,4500,22100,104100,526700,2653500,13446900,68008100
round_k,0,1,5,22,110,520,2633,13267,67234,340040
round_shots,100,100,100,100,100,100,100,100,100,100
round_queries,100,300,700,3300,15100,72100,357300,1794100,9067300,45990700
round_k,0,1,3,16,75,360,1786,8970,45336,229953
round_shots,100,100,100,100,100,100,100,100,100,100
round_queries,100,300,1100,3700,16700,81500,396900,1980300,10019300,50795100
round_k,0,1,5,18,83,407,1984,9901,50096,253975
round_shots,100,100,100,100,100,100,100,100,100,100
round_queries,100,300,1100,4500,19700,94900,463500,2341100,11731500,59006500
round_k,0,1,5,22,98,474,2317,11705,58657,295032
round_shots,100,100,100,100,100,100,100,100,100,100
round_queries,100,300,1100,3700,16500,78100,386500,1935100,9744100,49484700
round_k,0,1,5,18,82,390,1932,9675,48720,247423
round_shots,100,100,100,100,100,100,100,100,100,100
round_queries,100,300,1100,4100,19700,92700,458900,2301700,11691500,59288900
round_k,0,1,5,20,98,463,2294,11508,58457,296444
round_shots,200,100,100,100,100,100,100,100,100,100
round_queries,200,300,1100,4500,20100,98700,485700,2452700,12444300,63120500
round_k,0,1,5,22,100,493,2428,12263,62221,315602
round_shots,100,100,100,100,100,100,100,100,100,100
round_queries,100,300,1100,4500,21900,103300,514100,2583300,13089300,66390100
round_k,0,1,5,22,109,516,2570,12916,65446,331950
round_shots,100,100,100,100,100,100,100,100,100
round_queries,100,300,1500,6300,29700,142700,692300,3468900,17476500
round_k,0,1,7,31,148,713,3461,17344,87382
round_shots,100,100,100,100,100,100,100,100,100,100
round_queries,100,300,700,1900,7500,37500,187100,935500,4737700,23870100
round_k,0,1,3,9,37,187,935,4677,23688,119350
round_shots,300,100,100,100,100,100,100,100,100,100
round_queries,300,300,1100,5500,24700,118700,595700,3019300,15307500,77654700
round_k,0,1,5,27,123,593,2978,15096,76537,388273
round_shots,300,100,100,100,100,100,100,100,100
round_queries,300,500,1900,8100,37300,178700,886500,4452100,22455700
round_k,0,2,9,40,186,893,4432,22260,112278
round_shots,200,100,100,100,100,100,100,100,100,100
round_queries,200,300,1100,4700,22500,104700,523500,2645900,13279500,66815700
round_k,0,1,5,23,112,523,2617,13229,66397,334078
round_shots,200,100,100,100,100,100,100,100,100,100
round_queries,200,300,1100,3700,16500,78100,390900,1919900,9709900,49158300
round_k,0,1,5,18,82,390,1954,9599,48549,245791
round_shots,100,100,100,100,100,100,100,100,100
round_queries,100,300,1500,6700,32900,159900,809100,4077500,20540700
round_k,0,1,7,33,164,799,4045,20387,102703
round_shots,100,100,100,100,100,100,100,100,100,100
round_queries,100,300,1100,4100,18500,93100,465500,2346700,11837900,60074100
round_k,0,1,5,20,92,465,2327,11733,59189,300370
round_shots,200,100,100,100,100,100,100,100,100,100
round_queries,200,300,700,2300,10700,49100,237900,1191900,6000900,30273100
round_k,0,1,3,11,53,245,1189,5959,30004,151365
round_shots,200,100,100,100,100,100,100,100,100,100
round_queries,200,300,1100,4100,18700,90700,453500,2282500,11538100,58203700
round_k,0,1,5,20,93,453,2267,11412,57690,291018
round_shots,100,100,100,100,100,100,100,100,100,100
round_queries,100,300,1100,4100,18900,90500,450500,2238700,11309700,57306500
round_k,0,1,5,20,94,452,2252,11193,56548,286532
round_shots,100,100,100,100,100,100,100,100,100,100
round_queries,100,300,1100,3700,16900,83700,413900,2082900,10532700,53346500
round_k,0,1,5,18,84,418,2069,10414,52663,266732
round_shots,300,100,100,100,100,100,100,100,100,100
round_queries,300,300,1500,4900,21700,105300,527900,2642500,13275100,67267100
round_k,0,1,7,24,108,526,2639,13212,66375,336335
round_shots,100,100,100,100,100,100,100,100,100
round_queries,100,300,1500,5900,26700,126500,630700,3170300,16888100
round_k,0,1,7,29,133,632,3153,15851,84440
round_shots,100,100,100,100,100,100,100,100,100,100
round_queries,100,300,1100,4100,17300,84300,421900,2125500,10741900,54368500
round_k,0,1,5,20,86,421,2109,10627,53709,271842
round_shots,200,100,100,100,100,100,100,100,100,100
round_queries,200,300,1100,3500,15900,73700,364700,1822900,9185300,46580100
round_k,0,1,5,17,79,368,1823,9114,45926,232900
round_shots,100,100,100,100,100,100,100,100,100,100
round_queries,100,300,1100,5100,24500,115700,572100,2886300,14607700,74169900
round_k,0,1,5,25,122,578,2860,14431,73038,370849
round_shots,200,100,100,100,100,100,100,100,100
round_queries,200,700,2900,12300,57700,287700,1443300,7285300,36738700
round_k,0,3,14,61,288,1438,7216,36426,183693
round_shots,100,100,100,100,100,100,100,100,100,100
round_queries,100,300,1100,4100,18500,92300,465100,2355100,11912700,60462300
round_k,0,1,5,20,92,461,2325,11775,59563,302311
round_shots,100,100,100,100,100,100,100,100,100,100
round_queries,100,300,1100,4900,21300,100700,501500,2516300,12682100,64165100
round_k,0,1,5,24,106,503,2507,12581,63410,320825
round_shots,200,200,100,100,100,100,100,100,100,100
round_queries,200,600,1100,4500,22500,110500,550300,2778500,14030900,71180300
round_k,0,1,5,22,112,552,2751,13892,70154,355901
round_shots,200,100,100,100,100,100,100,100,100,100
round_queries,200,300,1100,4100,17500,84300,423900,2121700,10714100,53888100
round_k,0,1,5,20,87,421,2119,10608,53570,269440
round_shots,300,100,100,100,100,100,100,100,100,100
round_queries,300,300,1100,3700,16100,77500,375500,1866100,9464700,47949300
round_k,0,1,5,18,80,387,1877,9330,47323,239746
round_shots,100,100,100,100,100,100,100,100,100,100
round_queries,100,300,1100,4900,23500,112700,552500,2723700,13787500,69905100
round_k,0,1,5,24,117,563,2762,13618,68937,349525
round_shots,100,100,100,100,100,100,100,100,100,100
round_queries,100,300,700,2900,14300,67900,341100,1688100,8407500,42543300
round_k,0,1,3,14,71,339,1705,8440,42037,212716
round_shots,200,100,100,100,100,100,100,100,100,100
round_queries,200,300,1100,3100,14700,68500,340100,1697900,8623900,43702900
round_k,0,1,5,15,73,342,1700,8489,43119,218514
round_shots,100,100,100,100,100,100,100,100,100,100
round_queries,100,300,1100,4500,21300,104500,528100,2628300,13294500,67304300
round_k,0,1,5,22,106,522,2640,13141,66472,336521
round_shots,200,100,100,100,100,100,100,100,100,100
round_queries,200,300,1100,4500,22500,110900,547900,2756700,13981900,70570500
round_k,0,1,5,22,112,554,2739,13783,69909,352852
round_shots,100,100,100,100,100,100,100,100,100,100
round_queries,100,300,1100,4100,18900,91900,461300,2322700,11738500,59053700
round_k,0,1,5,20,94,459,2306,11613,58692,295268
round_shots,200,100,100,100,100,100,100,100,100,100
round_queries,200,300,700,2700,12100,59100,287500,1458100,7323900,37069100
round_k,0,1,3,13,60,295,1437,7290,36619,185345
round_shots,200,100,100,100,100,100,100,100,100,100
round_queries,200,300,1100,3500,15100,71500,355500,1767300,8898300,45008100
round_k,0,1,5,17,75,357,1777,8836,44491,225040
round_shots,100,100,100,100,100,100,100,100,100,100
round_queries,100,300,1100,4500,20900,103500,511100,2571700,12977500,65585900
round_k,0,1,5,22,104,517,2555,12858,64887,327929
round_shots,200,100,100,100,100,100,100,100,100,100
round_queries,200,300,1100,4700,23500,113100,546500,2725300,13754300,69661100
round_k,0,1,5,23,117,565,2732,13626,68771,348305
round_shots,100,100,100,100,100,100,100,100,100,100
round_queries,100,300,1100,4700,22700,105900,532100,2644700,13418500,68026700
round_k,0,1,5,23,113,529,2660,13223,67092,340133
round_shots,200,100,100,100,100,100,100,100,100
round_queries,200,300,1500,6300,29500,146500,736500,3734300,18857900
round_k,0,1,7,31,147,732,3682,18671,94289
round_shots,200,100,100,100,100,100,100,100,100,100
round_queries,200,300,1100,4900,20700,104300,516100,2604100,12994100,65591300
round_k,0,1,5,24,103,521,2580,13020,64970,327956
round_shots,200,100,100,100,100,100,100,100,100,100
round_queries,200,300,1100,4900,23300,115700,571100,2867900,14512900,73277300
round_k,0,1,5,24,116,578,2855,14339,72564,366386
round_shots,100,100,100,100,100,100,100,100,100
round_queries,100,500,1900,8100,37500,178300,896100,4512900,22616500
round_k,0,2,9,40,187,891,4480,22564,113082
round_shots,100,100,100,100,100,100,100,100,100,100
round_queries,100,300,1100,4500,22500,109500,547300,2746100,13803900,69968100
round_k,0,1,5,22,112,547,2736,13730,69019,349840
round_shots,100,100,100,100,100,100,100,100,100,100
round_queries,100,300,1100,4500,20700,102300,504700,2515900,12684700,64383500
round_k,0,1,5,22,103,511,2523,12579,63423,321917
round_shots,300,100,100,100,100,100,100,100,100
round_queries,300,500,1900,7100,35300,172700,865500,4350900,26562500
round_k,0,2,9,35,176,863,4327,21754,132812
round_shots,100,100,100,100,100,100,100,100,100,100
round_queries,100,300,700,2500,10300,46300,229900,1161100,5893500,29823100
round_k,0,1,3,12,51,231,1149,5805,29467,149115
round_shots,200,100,100,100,100,100,100,100,100,100
round_queries,200,300,1100,4100,18500,87500,430700,2170100,10975700,55712100
round_k,0,1,5,20,92,437,2153,10850,54878,278560
round_shots,200,100,100,100,100,100,100,100,100
round_queries,200,300,1500,6300,28500,140100,689900,3474500,17433300
round_k,0,1,7,31,142,700,3449,17372,87166
round_shots,100,100,100,100,100,100,100,100,100,100
round_queries,100,300,1100,3700,16300,75900,370100,1852900,9407100,47617900
round_k,0,1,5,18,81,379,1850,9264,47035,238089
round_shots,100,100,100,100,100,100,100,100,100,100
round_queries,100,300,1100,4100,19700,95700,473900,2389900,12048300,60526900
round_k,0,1,5,20,98,478,2369,11949,60241,302634
round_shots,100,100,100,100,100,100,100,100,100,100
round_queries,100,300,1100,4700,21900,107900,536300,2710300,13745900,69197900
round_k,0,1,5,23,109,539,2681,13551,68729,345989
round_shots,100,100,100,100,100,100,100,100,100,100
round_queries,100,300,700,3300,14300,66500,324900,1623500,8172100,41276300
round_k,0,1,3,16,71,332,1624,8117,40860,206381
round_shots,100,100,100,100,100,100,100,100,100,100
round_queries,100,300,1100,4700,21700,104300,524900,2641700,13323500,67481100
round_k,0,1,5,23,108,521,2624,13208,66617,337405
round_shots,100,100,100,100,100,100,100,100,100,100
round_queries,100,300,1100,4100,19100,93900,446900,2184500,10984900,55640300
round_k,0,1,5,20,95,469,2234,10922,54924,278201
round_shots,100,100,100,100,100,100,100,100,100,100
round_queries,100,300,1100,4100,18900,88700,439700,2211700,13448500,67497100
round_k,0,1,5,20,94,443,2198,11058,67242,337485
round_shots,100,100,100,100,100,100,100,100,100,100
round_queries,100,300,1100,4500,22300,111300,560700,2821300,14257300,72234300
round_k,0,1,5,22,111,556,2803,14106,71286,361171
round_shots,100,100,100,100,100,100,100,100,100,100
round_queries,100,300,1100,3700,17900,86500,433700,2185700,11023700,55754700
round_k,0,1,5,18,89,432,2168,10928,55118,278773
round_shots,200,100,100,100,100,100,100,100,100,100
round_queries,200,300,1100,4100,19500,93700,463300,2330500,11799100,59773700
round_k,0,1,5,20,97,468,2316,11652,58995,298868
round_shots,100,100,100,100,100,100,100,100,100,100
round_queries,100,300,1100,4500,21500,103300,517100,2580500,13078500,66388500
round_k,0,1,5,22,107,516,2585,12902,65392,331942
round_shots,100,100,100,100,100,100,100,100,100,100
round_queries,100,300,1100,4500,20300,96900,485300,2438700,12301300,62381300
round_k,0,1,5,22,101,484,2426,12193,61506,311906
round_shots,200,100,100,100,100,100,100,100,100,100
round_queries,200,300,700,2900,13100,63300,316900,1591500,8036700,40696100
round_k,0,1,3,14,65,316,1584,7957,40183,203480
round_shots,100,100,100,100,100,100,100,100,100,100
round_queries,100,300,1100,4100,18500,86300,433700,2162100,10927500,55308700
round_k,0,1,5,20,92,431,2168,10810,54637,276543
round_shots,200,100,100,100,100,100,100,100,100,100
round_queries,200,300,1100,5100,24300,116700,579300,2920500,14783700,74983900
round_k,0,1,5,25,121,583,2896,14602,73918,374919
round_shots,200,100,100,100,100,100,100,100,100,100
round_queries,200,300,1100,5500,25100,122900,605300,3058300,15430700,77506100
round_k,0,1,5,27,125,614,3026,15291,77153,387530
round_shots,100,100,100,100,100,100,100,100,100,100
round_queries,100,300,1100,4100,19500,93500,467900,2312900,11615300,58332500
round_k,0,1,5,20,97,467,2339,11564,58076,291662
round_shots,100,100,100,100,100,100,100,100,100,100
round_queries,100,300,1100,4100,18500,89300,446700,2241900,11324500,57228700
round_k,0,1,5,20,92,446,2233,11209,56622,286143
round_shots,100,100,100,100,100,100,100,100,100,100
round_queries,100,300,1100,4100,18100,86700,424500,2126500,10728300,54378900
round_k,0,1,5,20,90,433,2122,10632,53641,271894
round_shots,100,100,100,100,100,100,100,100,100,100
round_queries,100,300,1100,4700,22100,107100,533500,2679900,13572300,68641700
round_k,0,1,5,23,110,535,2667,13399,67861,343208
round_shots,100,100,100,100,100,100,100,100,100,100
round_queries,100,300,1100,3700,15500,73700,360700,1802300,9020900,45668500
round_k,0,1,5,18,77,368,1803,9011,45104,228342
round_shots,100,100,100,100,100,100,100,100,100,100
round_queries,100,300,1100,3100,13100,60900,303500,1515500,7661700,38459900
round_k,0,1,5,15,65,304,1517,7577,38308,192299
round_shots,200,100,100,100,100,100,100,100,100
round_queries,200,500,1900,8100,40500,197700,987700,5000100,25303700
round_k,0,2,9,40,202,988,4938,25000,126518
round_shots,200,100,100,100,100,100,100,100,100,100
round_queries,200,300,1100,4500,21100,103100,506700,2545100,12899100,65417700
round_k,0,1,5,22,105,515,2533,12725,64495,327088
round_shots,100,100,100,100,100,100,100,100,100
round_queries,100,300,1500,5700,26700,129100,647700,3250700,16473700
round_k,0,1,7,28,133,645,3238,16253,82368
round_shots,100,100,100,100,100,100,100,100,100,100
round_queries,100,300,1100,4500,21300,102300,502500,2532500,12738500,64225700
round_k,0,1,5,22,106,511,2512,12662,63692,321128
round_shots,100,100,100,100,100,100,100,100,100,100
round_queries,100,300,1100,4300,20500,97700,484100,2412500,12225100,61982100
round_k,0,1,5,21,102,488,2420,12062,61125,309910
round_shots,200,100,100,100,100,100,100,100,100,100
round_queries,200,300,1100,4300,20500,100100,493900,2477300,12528900,63376500
round_k,0,1,5,21,102,500,2469,12386,62644,316882
round_shots,200,100,100,100,100,100,100,100,100,100
round_queries,200,300,1100,4500,19700,93100,457100,2288300,11531700,58471500
round_k,0,1,5,22,98,465,2285,11441,57658,292357
round_shots,100,100,100,100,100,100,100,100,100,100
round_queries,100,300,1100,4100,18100,86300,424700,2138500,10797300,54727100
round_k,0,1,5,20,90,431,2123,10692,53986,273635
round_shots,100,100,100,100,100,100,100,100,100,100
round_queries,100,300,700,1900,9100,45300,226100,1139100,5728300,29003300
round_k,0,1,3,9,45,226,1130,5695,28641,145016
round_shots,100,100,100,100,100,100,100,100,100,100
round_queries,100,300,1100,3100,15300,75300,368500,1854700,9365900,47233100
round_k,0,1,5,15,76,376,1842,9273,46829,236165
round_shots,100,100,100,100,100,100,100,100,100,100
round_queries,100,300,700,1900,8300,38700,190300,960300,4847300,24501900
round_k,0,1,3,9,41,193,951,4801,24236,122509
round_shots,100,100,100,100,100,100,100,100,100,100
round_queries,100,300,700,2300,9900,46100,231500,1148700,5699500,28830500
round_k,0,1,3,11,49,230,1157,5743,28497,144152
round_shots,100,100,100,100,100,100,100,100,100,100
round_queries,100,300,1100,4900,22700,109500,542300,2712900,13769700,69600100
round_k,0,1,5,24,113,547,2711,13564,68848,348000
round_shots,100,100,100,100,100,100,100,100,100
round_queries,100,300,1500,7100,31900,155300,776700,3888500,19723700
round_k,0,1,7,35,159,776,3883,19442,98618
round_shots,100,100,100,100,100,100,100,100,100,100
round_queries,100,300,1100,4100,19300,90100,442100,2238100,11285500,57074300
round_k,0,1,5,20,96,450,2210,11190,56427,285371
round_shots,100,100,100,100,100,100,100,100,100,100
round_queries,100,300,1100,4700,21700,103900,519900,2592900,12997900,69205100
round_k,0,1,5,23,108,519,2599,12964,64989,346025
round_shots,100,100,100,100,100,100,100,100,100,100
round_queries,100,300,700,1900,9100,43500,212300,1072500,5394900,27241700
round_k,0,1,3,9,45,217,1061,5362,26974,136208
round_shots,100,100,100,100,100,100,100,100,100,100
round_queries,100,300,1100,4500,20500,95300,468300,2344100,11780700,59571100
round_k,0,1,5,22,102,476,2341,11720,58903,297855
round_shots,200,100,100,100,100,100,100,100,100,100
round_queries,200,300,1100,4100,18500,90300,443700,2215700,11010500,55830100
round_k,0,1,5,20,92,451,2218,11078,55052,279150
round_shots,200,100,100,100,100,100,100,100,100,100
round_queries,200,300,1100,3700,16300,78700,392500,1969700,9896500,50172100
round_k,0,1,5,18,81,393,1962,9848,49482,250860
round_shots,100,100,100,100,100,100,100,100,100,100
round_queries,100,300,700,3300,14100,68500,333700,1687100,8500100,43150900
round_k,0,1,3,16,70,342,1668,8435,42500,215754
round_shots,100,100,100,100,100,100,100,100,100,100
round_queries,100,300,1100,4100,18900,94500,468900,2364300,11933900,60023300
round_k,0,1,5,20,94,472,2344,11821,59669,300116
round_shots,100,100,100,100,100,100,100,100,100,100
round_queries,100,300,1100,4700,20500,102300,512500,2544100,12822500,64895300
round_k,0,1,5,23,102,511,2562,12720,64112,324476
round_shots,100,100,100,100,100,100,100,100,100,100
round_queries,100,300,700,3300,14700,72700,360100,1809700,9152500,46448900
round_k,0,1,3,16,73,363,1800,9048,45762,232244
round_shots,100,100,100,100,100,100,100,100,100,100
round_queries,100,300,1100,4500,19500,94500,466700,2344700,11854700,60105100
round_k,0,1,5,22,97,472,2333,11723,59273,300525
round_shots,100,100,100,100,100,100,100,100,100,100
round_queries,100,300,1100,4300,20300,96700,486900,2383100,11868700,59649100
round_k,0,1,5,21,101,483,2434,11915,59343,298245
round_shots,100,200,100,100,100,100,100,100,100,100
round_queries,100,600,900,4500,21100,104700,513300,2556700,12885700,65259700
round_k,0,1,4,22,105,523,2566,12783,64428,326298
round_shots,100,100,100,100,100,100,100,100,100,100
round_queries,100,300,1100,3700,16300,79100,419500,2129500,10807700,54598500
round_k,0,1,5,18,81,395,2097,10647,54038,272992
round_shots,200,100,100,100,100,100,100,100,100,100
round_queries,200,300,700,2300,10100,48900,246900,1238300,6244300,31511100
round_k,0,1,3,11,50,244,1234,6191,31221,157555
round_shots,100,100,100,100,100,100,100,100,100,100
round_queries,100,300,700,2900,13700,65700,326700,1651700,8319100,41730500
round_k,0,1,3,14,68,328,1633,8258,41595,208652
round_shots,200,100,100,100,100,100,100,100,100
round_queries,200,300,1100,5500,25900,127100,642300,3400100,17091900
round_k,0,1,5,27,129,635,3211,17000,85459
round_shots,200,100,100,100,100,100,100,100,100,100
round_queries,200,300,700,1900,9100,42900,213300,1068700,5359300,27104300
round_k,0,1,3,9,45,214,1066,5343,26796,135521
round_shots,100,100,100,100,100,100,100,100,100,100
round_queries,100,300,700,2300,10500,48100,241700,1206300,6087700,30805700
round_k,0,1,3,11,52,240,1208,6031,30438,154028
round_shots,100,100,100,100,100,100,100,100,100,100
round_queries,100,300,1100,4700,21100,103900,520900,2604100,13146100,66428100
round_k,0,1,5,23,105,519,2604,13020,65730,332140
round_shots,200,100,100,100,100,100,100,100,100,100
round_queries,200,300,1100,4900,23500,114100,576300,2917300,14721900,74112100
round_k,0,1,5,24,117,570,2881,14586,73609,370560
round_shots,300,100,100,100,100,100,100,100,100,100
round_queries,300,300,1100,5100,24500,117500,585900,2963500,14896500,75567300
round_k,0,1,5,25,122,587,2929,14817,74482,377836
round_shots,200,100,100,100,100,100,100,100,100,100
round_queries,200,300,1100,3700,18300,87700,434100,2173300,10927500,55238900
round_k,0,1,5,18,91,438,2170,10866,54637,276194
round_shots,200,100,100,100,100,100,100,100,100,100
round_queries,200,300,1100,3500,15100,72300,355700,1788100,9020700,45684300
round_k,0,1,5,17,75,361,1778,8940,45103,228421
round_shots,200,100,100,100,100,100,100,100,100,100
round_queries,200,300,700,3300,13700,64900,309900,1550700,7822700,39680900
round_k,0,1,3,16,68,324,1549,7753,39113,198404
round_shots,100,100,100,100,100,100,100,100,100,100
round_queries,100,300,1100,4900,21500,105500,526300,2638900,13315700,67550900
round_k,0,1,5,24,107,527,2631,13194,66578,337754
round_shots,200,100,100,100,100,100,100,100,100,100
round_queries,200,300,1100,5300,23500,115700,581100,2935900,14850900,75166900
round_k,0,1,5,26,117,578,2905,14679,74254,375834
round_shots,100,100,100,100,100,100,100,100,100,100
round_queries,100,300,1100,4100,19900,98900,487300,2456300,12404700,62601300
round_k,0,1,5,20,99,494,2436,12281,62023,313006
round_shots,200,100,100,100,100,100,100,100,100,100
round_queries,200,300,1100,3500,15300,76500,376500,1896500,9557300,48294700
round_k,0,1,5,17,76,382,1882,9482,47786,241473
round_shots,200,100,100,100,100,100,100,100,100,100
round_queries,200,300,1100,5100,23500,112700,561500,2822500,14232100,72158100
round_k,0,1,5,25,117,563,2807,14112,71160,360790
round_shots,200,100,100,100,100,100,100,100,100
round_queries,200,500,1900,8700,42100,205100,1002700,5040300,25568700
round_k,0,2,9,43,210,1025,5013,25201,127843
round_shots,200,100,100,100,100,100,100,100,100,100
round_queries,200,300,1100,4700,22700,113500,557300,2818300,14147300,71803500
round_k,0,1,5,23,113,567,2786,14091,70736,359017
round_shots,100,100,100,100,100,100,100,100,100
round_queries,100,500,1900,8500,42500,208500,1045100,5265700,26601100
round_k,0,2,9,42,212,1042,5225,26328,133005
round_shots,100,100,100,100,100,100,100,100,100,100
round_queries,100,300,1100,4100,19500,91500,460100,2292700,11519700,58346100
round_k,0,1,5,20,97,457,2300,11463,57598,291730
round_shots,200,100,100,100,100,100,100,100,100,100
round_queries,200,300,700,2700,12300,61500,299100,1485900,7535900,38110700
round_k,0,1,3,13,61,307,1495,7429,37679,190553
round_shots,100,100,100,100,100,100,100,100,100
round_queries,100,300,1500,5500,27700,133900,659700,3289700,16690300
round_k,0,1,7,27,138,669,3298,16448,83451
round_shots,100,100,100,100,100,100,100,100,100,100
round_queries,100,300,700,3300,13500,64700,321300,1628100,8246300,41857700
round_k,0,1,3,16,67,323,1606,8140,41231,209288
round_shots,200,100,100,100,100,100,100,100,100,100
round_queries,200,300,700,2300,11100,51500,248300,1244700,6262100,31656500
round_k,0,1,3,11,55,257,1241,6223,31310,158282
round_shots,100,100,100,100,100,100,100,100,100,100
round_queries,100,300,1100,5100,24900,124700,609100,2941100,14150700,70983900
round_k,0,1,5,25,124,623,3045,14705,70753,354919
round_shots,100,100,100,100,100,100,100,100,100,100
round_queries,100,300,700,2300,10900,52700,257700,1285100,6488300,32863900
round_k,0,1,3,11,54,263,1288,6425,32441,164319
round_shots,200,100,100,100,100,100,100,100,100
round_queries,200,700,2900,12900,60100,294900,1475900,7373100,37175100
round_k,0,3,14,64,300,1474,7379,36865,185875
round_shots,100,100,100,100,100,100,100,100,100,100
round_queries,100,300,1100,4700,22300,110700,554900,2811500,14244500,72080100
round_k,0,1,5,23,111,553,2774,14057,71222,360400
round_shots,100,100,100,100,100,100,100,100,100,100
round_queries,100,300,1100,5100,22900,113300,564500,2855500,14398900,72949900
round_k,0,1,5,25,114,566,2822,14277,71994,364749
round_shots,100,100,100,100,100,100,100,100,100,100
round_queries,100,300,700,2900,13500,66700,332700,1667700,8405900,42493300
round_k,0,1,3,14,67,333,1663,8338,42029,212466
round_shots,200,100,100,100,100,100,100,100,100,100
round_queries,200,300,700,1900,7100,33900,166100,829900,4206500,22280100
round_k,0,1,3,9,35,169,830,4149,21032,111400
round_shots,100,100,100,100,100,100,100,100,100,100
round_queries,100,300,1500,5700,25300,121900,610700,3063300,15422300,78261700
round_k,0,1,7,28,126,609,3053,15316,77111,391308
round_shots,200,100,100,100,100,100,100,100,100,100
round_queries,200,300,1100,3700,16700,80700,400100,2001300,10137100,51252500
round_k,0,1,5,18,83,403,2000,10006,50685,256262
round_shots,200,100,100,100,100,100,100,100,100,100
round_queries,200,300,1100,4500,22500,111300,550500,2763500,13976100,70103500
round_k,0,1,5,22,112,556,2752,13817,69880,350517
round_shots,100,100,100,100,100,100,100,100,100,100
round_queries,100,300,1100,4100,18100,88700,437100,2193300,11110900,56207900
round_k,0,1,5,20,90,443,2185,10966,55554,281039
round_shots,200,100,100,100,100,100,100,100,100,100
round_queries,200,300,700,2900,12500,61900,304900,1519900,7662100,38564300
round_k,0,1,3,14,62,309,1524,7599,38310,192821
round_shots,200,100,100,100,100,100,100,100,100,100
round_queries,200,300,1100,4100,18300,90500,446700,2249300,11331300,57463300
round_k,0,1,5,20,91,452,2233,11246,56656,287316
round_shots,100,100,100,100,100,100,100,100,100,100
round_queries,100,300,700,2700,12300,57100,283100,1428100,7169700,36109100
round_k,0,1,3,13,61,285,1415,7140,35848,180545
round_shots,200,100,100,100,100,100,100,100,100,100
round_queries,200,300,1100,4900,20700,97700,483100,2414700,12172100,61792300
round_k,0,1,5,24,103,488,2415,12073,60860,308961
round_shots,200,100,100,100,100,100,100,100,100,100
round_queries,200,300,700,2700,10900,50700,243700,1189100,6005300,30443300
round_k,0,1,3,13,54,253,1218,5945,30026,152216
round_shots,100,100,100,100,100,100,100,100,100,100
round_queries,100,300,1100,3100,13500,62100,308100,1540900,7684900,38952300
round_k,0,1,5,15,67,310,1540,7704,38424,194761
round_shots,100,100,100,100,100,100,100,100,100,100
round_queries,100,300,700,1900,8100,38300,188500,951500,4772900,24172300
round_k,0,1,3,9,40,191,942,4757,23864,120861
round_shots,100,100,100,100,100,100,100,100,100,100
round_queries,100,300,1100,4100,17900,87700,428300,2127700,10735900,53956300
round_k,0,1,5,20,89,438,2141,10638,53679,269781
round_shots,200,100,100,100,100,100,100,100,100,100
round_queries,200,300,1100,4500,21300,101300,508700,2520900,12786700,64834100
round_k,0,1,5,22,106,506,2543,12604,63933,324170
round_shots,100,100,100,100,100,100,100,100,100,100
round_queries,100,300,1100,4700,21300,98300,486500,2440100,12315900,62490700
round_k,0,1,5,23,106,491,2432,12200,61579,312453
round_shots,200,100,100,100,100,100,100,100,100
round_queries,200,500,1900,8900,51700,265700,1340300,6782100,34364300
round_k,0,2,9,44,258,1328,6701,33910,171821
round_shots,100,100,100,100,100,100,100,100,100,100
round_queries,100,300,700,2300,9300,43700,215300,1079900,5447900,27670900
round_k,0,1,3,11,46,218,1076,5399,27239,138354
round_shots,200,100,100,100,100,100,100,100,100,100
round_queries,200,300,1100,4100,19700,99100,494300,2489700,12535700,63277500
round_k,0,1,5,20,98,495,2471,12448,62678,316387
round_shots,100,100,100,100,100,100,100,100,100,100
round_queries,100,300,700,1900,8700,43500,213900,1074500,5456500,27474500
round_k,0,1,3,9,43,217,1069,5372,27282,137372
round_shots,100,100,100,100,100,100,100,100,100
round_queries,100,300,1100,5100,24500,122300,611300,3082700,15574100
round_k,0,1,5,25,122,611,3056,15413,77870
round_shots,100,100,100,100,100,100,100,100,100,100
round_queries,100,300,1100,4100,18100,85500,424100,2104100,10635500,54028100
round_k,0,1,5,20,90,427,2120,10520,53177,270140
round_shots,100,100,100,100,100,100,100,100,100,100
round_queries,100,300,1100,5100,23700,117500,581900,2941100,14851900,75277100
round_k,0,1,5,25,118,587,2909,14705,74259,376385
round_shots,200,100,100,100,100,100,100,100,100,100
round_queries,200,300,1100,4300,19300,91500,455900,2309500,11714300,58933100
round_k,0,1,5,21,96,457,2279,11547,58571,294665
round_shots,100,100,100,100,100,100,100,100,100,100
round_queries,100,300,1100,4500,21100,97100,475700,2903100,14693900,74357500
round_k,0,1,5,22,105,485,2378,14515,73469,371787
round_shots,200,100,100,100,100,100,100,100,100,100
round_queries,200,300,1500,5300,24100,116100,573100,2886700,14495100,73498900
round_k,0,1,7,26,120,580,2865,14433,72475,367494
round_shots,100,100,100,100,100,100,100,100,100
round_queries,100,300,1500,6700,31500,150500,745700,3767900,19091500
round_k,0,1,7,33,157,752,3728,18839,95457
round_shots,100,100,100,100,100,100,100,100,100,100
round_queries,100,300,700,2900,13100,63100,319500,1609500,8119500,41154500
round_k,0,1,3,14,65,315,1597,8047,40597,205772
round_shots,100,100,100,100,100,100,100,100,100,100
round_queries,100,300,1100,3700,17900,89700,454300,2289700,11573900,58702100
round_k,0,1,5,18,89,448,2271,11448,57869,293510
round_shots,200,100,100,100,100,100,100,100,100,100
round_queries,200,300,1100,4100,18900,92500,455300,2275900,11491900,58147500
round_k,0,1,5,20,94,462,2276,11379,57459,290737
round_shots,100,100,100,100,100,100,100,100,100,100
round_queries,100,500,1500,4900,23100,114100,569500,2856500,14465300,73259700
round_k,0,2,7,24,115,570,2847,14282,72326,366298
round_shots,300,100,100,100,100,100,100,100,100,100
round_queries,300,300,1100,5500,24900,122100,601700,2939900,14369900,72468300
round_k,0,1,5,27,124,610,3008,14699,71849,362341
round_shots,200,100,100,100,100,100,100,100,100,100
round_queries,200,300,1100,4500,21700,106700,533500,2656500,13402500,67770100
round_k,0,1,5,22,108,533,2667,13282,67012,338850
round_shots,200,100,100,100,100,100,100,100,100,100
round_queries,200,300,700,1900,8100,37700,188500,954100,4813100,24337700
round_k,0,1,3,9,40,188,942,4770,24065,121688
round_shots,300,100,100,100,100,100,100,100,100,100
round_queries,300,500,1100,4900,23300,109900,538900,2663100,13328900,67516900
round_k,0,2,5,24,116,549,2694,13315,66644,337584
round_shots,100,100,100,100,100,100,100,100,100,100
round_queries,100,300,1100,5100,22700,113300,561500,2830300,14314100,72692500
round_k,0,1,5,25,113,566,2807,14151,71570,363462
round_shots,100,100,100,100,100,100,100,100,100,100
round_queries,100,300,1100,5100,24900,120100,595900,3012100,15132500,76472500
round_k,0,1,5,25,124,600,2979,15060,75662,382362
round_shots,100,100,100,100,100,100,100,100,100
round_queries,100,300,1500,7100,33500,167100,834100,4226900,21374700
round_k,0,1,7,35,167,835,4170,21134,106873
round_shots,100,100,100,100,100,100,100,100,100,100
round_queries,100,300,1100,4700,21300,106500,535700,2674300,13335700,67617700
round_k,0,1,5,23,106,532,2678,13371,66678,338088
round_shots,200,100,100,100,100,100,100,100,100,100
round_queries,200,300,1100,4500,21900,108700,539500,2716500,13761700,69298900
round_k,0,1,5,22,109,543,2697,13582,68808,346494
round_shots,100,100,100,100,100,100,100,100,100,100
round_queries,100,300,1100,4900,22500,108300,522100,2620500,13192900,66952900
round_k,0,1,5,24,112,541,2610,13102,65964,334764
round_shots,200,100,100,100,100,100,100,100,100,100
round_queries,200,300,1100,3700,16500,77500,379300,1907900,9623300,48842900
round_k,0,1,5,18,82,387,1896,9539,48116,244214
round_shots,100,100,100,100,100,100,100,100,100,100
round_queries,100,300,700,1900,9300,45700,222100,1097500,5508700,27866100
round_k,0,1,3,9,46,228,1110,5487,27543,139330
round_shots,200,100,100,100,100,100,100,100,100,100
round_queries,200,300,1100,3700,17300,82900,408900,2045700,10310300,52335100
round_k,0,1,5,18,86,414,2044,10228,51551,261675
round_shots,100,100,100,100,100,100,100,100,100,100
round_queries,100,300,700,1900,8900,41300,206500,1025100,5135900,25916900
round_k,0,1,3,9,44,206,1032,5125,25679,129584
round_shots,200,100,100,100,100,100,100,100,100,100
round_queries,200,300,1100,4100,17900,87900,437500,2202300,11169100,56644900
round_k,0,1,5,20,89,439,2187,11011,55845,283224
round_shots,100,100,100,100,100,100,100,100,100,100
round_queries,100,300,1100,3700,15900,80100,394900,1994500,10100500,51136100
round_k,0,1,5,18,79,400,1974,9972,50502,255680
round_shots,100,100,100,100,100,100,100,100,100,100
round_queries,100,300,1100,4700,21500,99900,497700,2491300,12621500,63725700
round_k,0,1,5,23,107,499,2488,12456,63107,318628
round_shots,200,100,100,100,100,100,100,100,100,100
round_queries,200,300,700,2300,9300,44100,222300,1107100,5581500,28201700
round_k,0,1,3,11,46,220,1111,5535,27907,141008
round_shots,100,200,100,100,100,100,100,100,100
round_queries,100,600,1900,8500,40300,202900,1014700,5104700,25835500
round_k,0,1,9,42,201,1014,5073,25523,129177
round_shots,100,100,100,100,100,100,100,100,100,100
round_queries,100,300,1100,3700,18500,85100,426500,2083900,10508100,53180300
round_k,0,1,5,18,92,425,2132,10419,52540,265901
round_shots,200,100,100,100,100,100,100,100,100,100
round_queries,200,300,1100,4900,21900,102100,517100,2611700,13214700,67059300
round_k,0,1,5,24,109,510,2585,13058,66073,335296
round_shots,100,100,100,100,100,100,100,100,100,100
round_queries,100,300,700,2700,12700,59900,297900,1501500,7616300,38488700
round_k,0,1,3,13,63,299,1489,7507,38081,192443
round_shots,100,100,100,100,100,100,100,100,100,100
round_queries,100,300,1500,4300,24100,115100,574100,2883100,14563100,73065300
round_k,0,1,7,21,120,575,2870,14415,72815,365326
round_shots,200,100,100,100,100,100,100,100,100,100
round_queries,200,300,1100,4100,19700,93100,462300,2335100,11729100,59367500
round_k,0,1,5,20,98,465,2311,11675,58645,296837
round_shots,200,100,100,100,100,100,100,100,100,100
round_queries,200,300,700,2300,10100,48700,238500,1186100,5971100,30223500
round_k,0,1,3,11,50,243,1192,5930,29855,151117
round_shots,100,100,100,100,100,100,100,100,100,100
round_queries,100,300,1100,4700,23500,113500,559100,2800300,14209300,71946500
round_k,0,1,5,23,117,567,2795,14001,71046,359732
round_shots,100,100,100,100,100,100,100,100,100,100
round_queries,100,300,1100,4500,21900,103900,515900,2590500,13131500,66530300
round_k,0,1,5,22,109,519,2579,12952,65657,332651
round_shots,200,100,100,100,100,100,100,100,100,100
round_queries,200,300,1100,5100,24900,120700,599100,3008500,15125900,76751500
round_k,0,1,5,25,124,603,2995,15042,75629,383757
round_shots,100,100,100,100,100,100,100,100,100,100
round_queries,100,300,1100,3700,17300,83500,417900,2114900,10649900,53419300
round_k,0,1,5,18,86,417,2089,10574,53249,267096
round_shots,100,100,100,100,100,100,100,100,100,100
round_queries,100,300,700,2300,10100,45900,230700,1165700,5881300,29788900
round_k,0,1,3,11,50,229,1153,5828,29406,148944
round_shots,300,100,100,100,100,100,100,100,100
round_queries,300,300,1500,6300,29300,142300,712500,3485900,17553700
round_k,0,1,7,31,146,711,3562,17429,87768
round_shots,100,100,100,100,100,100,100,100,100,100
round_queries,100,300,700,1900,7700,37100,179100,899300,4522900,22913700
round_k,0,1,3,9,38,185,895,4496,22614,114568
round_shots,200,100,100,100,100,100,100,100,100,100
round_queries,200,300,700,2900,14300,67100,322900,1610700,8142700,41159700
round_k,0,1,3,14,71,335,1614,8053,40713,205798
round_shots,200,100,100,100,100,100,100,100,100
round_queries,200,300,1500,6700,31900,150900,751300,3796300,19081500
round_k,0,1,7,33,159,754,3756,18981,95407
round_shots,200,100,100,100,100,100,100,100,100
round_queries,200,500,2300,10100,50100,253900,1265900,6406900,32509700
round_k,0,2,11,50,250,1269,6329,32034,162548
round_shots,100,100,100,100,100,100,100,100,100,100
round_queries,100,300,1100,4500,19900,99700,487300,2452700,12358900,62633500
round_k,0,1,5,22,99,498,2436,12263,61794,313167
round_shots,100,100,100,100,100,100,100,100,100
round_queries,100,300,1500,5900,26100,131700,666900,3359300,16954300
round_k,0,1,7,29,130,658,3334,16796,84771
round_shots,100,100,100,100,100,100,100,100,100,100
round_queries,100,300,1100,4700,21100,100300,490700,2941100,14771900,75022500
round_k,0,1,5,23,105,501,2453,14705,73859,375112
round_shots,200,100,100,100,100,100,100,100,100,100
round_queries,200,300,1100,4500,22100,102700,511500,2565900,12875500,65276500
round_k,0,1,5,22,110,513,2557,12829,64377,326382
round_shots,100,100,100,100,100,100,100,100,100,100
round_queries,100,300,1100,3700,17100,85300,430100,2172700,11001500,55846900
round_k,0,1,5,18,85,426,2150,10863,55007,279234
round_shots,100,100,100,100,100,100,100,100,100,100
round_queries,100,300,700,2900,11900,56500,274700,1365100,6875100,34882900
round_k,0,1,3,14,59,282,1373,6825,34375,174414
round_shots,100,100,100,100,100,100,100,100,100,100
round_queries,100,300,1100,3100,13500,63900,319100,1610100,8108100,40891300
round_k,0,1,5,15,67,319,1595,8050,40540,204456
round_shots,100,100,100,100,100,100,100,100,100
round_queries,100,300,1100,5500,27100,131900,666100,3355500,16863900
round_k,0,1,5,27,135,659,3330,16777,84319
round_shots,100,100,100,100,100,100,100,100,100
round_queries,100,300,1500,6500,31100,152100,753700,3763900,19071500
round_k,0,1,7,32,155,760,3768,18819,95357
round_shots,100,100,100,100,100,100,100,100,100,100
round_queries,100,300,1100,4900,23100,110500,547300,2745300,13818700,69702900
round_k,0,1,5,24,115,552,2736,13726,69093,348514
round_shots,200,100,100,100,100,100,100,100,100,100
round_queries,200,300,1100,3700,16900,84900,421500,2112300,10698700,54277100
round_k,0,1,5,18,84,424,2107,10561,53493,271385
round_shots,100,100,100,100,100,100,100,100,100,100
round_queries,100,300,700,1900,7700,38100,190900,950500,4785300,24161900
round_k,0,1,3,9,38,190,954,4752,23926,120809
round_shots,200,100,100,100,100,100,100,100,100,100
round_queries,200,300,700,2300,10500,47900,242100,1178900,5952900,30081700
round_k,0,1,3,11,52,239,1210,5894,29764,150408
round_shots,200,100,100,100,100,100,100,100,100,100
round_queries,200,300,1100,4900,22300,105700,523100,2615100,13202300,66272900
round_k,0,1,5,24,111,528,2615,13075,66011,331364
round_shots,100,100,100,100,100,100,100,100,100,100
round_queries,100,300,700,1900,7700,37300,183900,912500,4587700,23220900
round_k,0,1,3,9,38,186,919,4562,22938,116104
round_shots,100,100,100,100,100,100,100,100,100,100
round_queries,100,300,1100,4500,21900,105300,502300,2521300,12695500,63974100
round_k,0,1,5,22,109,526,2511,12606,63477,319870
round_shots,100,100,100,100,100,100,100,100,100,100
round_queries,100,300,1100,4500,20900,105100,527100,2659500,13440300,68155300
round_k,0,1,5,22,104,525,2635,13297,67201,340776
round_shots,200,100,100,100,100,100,100,100,100,100
round_queries,200,300,1100,4500,22300,108700,539100,2680700,13540700,68554700
round_k,0,1,5,22,111,543,2695,13403,67703,342773
round_shots,200,100,100,100,100,100,100,100,100
round_queries,200,300,1500,6300,30500,149900,749500,3760100,18958900
round_k,0,1,7,31,152,749,3747,18800,94794
round_shots,100,100,100,100,100,100,100,100,100,100
round_queries,100,300,700,2300,10900,49500,246700,1242300,6277100,31791700
round_k,0,1,3,11,54,247,1233,6211,31385,158958
round_shots,200,100,100,100,100,100,100,100,100,100
round_queries,200,300,1100,4100,19500,89300,448500,2263300,11441300,57703900
round_k,0,1,5,20,97,446,2242,11316,57206,288519
round_shots,200,100,100,100,100,100,100,100,100,100
round_queries,200,300,700,2700,12300,61100,309900,1552300,7793300,39380900
round_k,0,1,3,13,61,305,1549,7761,38966,196904
round_shots,200,100,100,100,100,100,100,100,100,100
round_queries,200,300,1100,5300,23700,117300,576900,2886100,14542700,73663100
round_k,0,1,5,26,118,586,2884,14430,72713,368315
round_shots,200,100,100,100,100,100,100,100,100,100
round_queries,200,300,700,2900,12500,58500,295100,1488700,7518100,38083100
round_k,0,1,3,14,62,292,1475,7443,37590,190415
round_shots,100,100,100,100,100,100,100,100,100,100
round_queries,100,300,1100,4100,19100,94100,463100,2336300,11799700,59798300
round_k,0,1,5,20,95,470,2315,11681,58998,298991
round_shots,200,100,100,100,100,100,100,100,100,100
round_queries,200,300,1100,4700,21300,104900,519100,2610900,13132700,66142700
round_k,0,1,5,23,106,524,2595,13054,65663,330713
round_shots,200,100,100,100,100,100,100,100,100,100
round_queries,200,300,1100,4900,22300,107500,536500,2689700,13595300,68995700
round_k,0,1,5,24,111,537,2682,13448,67976,344978
round_shots,200,100,100,100,100,100,100,100,100
round_queries,200,500,1500,7100,32700,162500,811500,4079700,20567100
round_k,0,2,7,35,163,812,4057,20398,102835
round_shots,300,100,100,100,100,100,100,100,100,100
round_queries,300,300,700,2700,11500,53700,259500,1295700,6513100,32964700
round_k,0,1,3,13,57,268,1297,6478,32565,164823
round_shots,100,100,100,100,100,100,100,100,100,100
round_queries,100,300,1100,4100,19500,97300,475500,2409100,12161900,61763100
round_k,0,1,5,20,97,486,2377,12045,60809,308815
round_shots,100,100,100,100,100,100,100,100,100,100
round_queries,100,300,1100,4500,22300,106100,535700,2699300,13523100,68043700
round_k,0,1,5,22,111,530,2678,13496,67615,340218
round_shots,200,100,100,100,100,100,100,100,100,100
round_queries,200,300,1100,3700,17100,85300,419700,2109900,10655500,54050300
round_k,0,1,5,18,85,426,2098,10549,53277,270251
round_shots,100,100,100,100,100,100,100,100,100,100
round_queries,100,300,1100,5100,25300,118500,550900,2737900,13784300,69845900
round_k,0,1,5,25,126,592,2754,13689,68921,349229
round_shots,100,200,100,100,100,100,100,100,100,100
round_queries,100,600,1100,5300,23500,115300,572500,2871100,14550700,73376100
round_k,0,1,5,26,117,576,2862,14355,72753,366880
round_shots,200,100,100,100,100,100,100,100,100,100
round_queries,200,300,1100,3500,19700,94700,471900,2341300,11857900,60189300
round_k,0,1,5,17,98,473,2359,11706,59289,300946
round_shots,200,100,100,100,100,100,100,100,100,100
round_queries,200,300,1100,4500,21100,104700,518300,2608900,13218300,66748500
round_k,0,1,5,22,105,523,2591,13044,66091,333742
round_shots,200,100,100,100,100,100,100,100,100
round_queries,200,300,1100,5500,27300,134300,670100,3391700,17149700
round_k,0,1,5,27,136,671,3350,16958,85748
round_shots,100,100,100,100,100,100,100,100,100,100
round_queries,100,300,1100,4500,21500,103700,510900,2567300,13011500,65435500
round_k,0,1,5,22,107,518,2554,12836,65057,327177
round_shots,100,100,100,100,100,100,100,100,100,100
round_queries,100,300,1100,5500,25100,121300,603100,3033300,15349700,77881300
round_k,0,1,5,27,125,606,3015,15166,76748,389406
round_shots,100,100,100,100,100,100,100,100,100,100
round_queries,100,300,1100,5100,23300,112500,556900,2785300,14102700,71120900
round_k,0,1,5,25,116,562,2784,13926,70513,355604
round_shots,200,100,100,100,100,100,100,100,100,100
round_queries,200,300,1100,3700,17700,85700,429300,2162900,10905900,55161100
round_k,0,1,5,18,88,428,2146,10814,54529,275805
round_shots,100,100,100,100,100,100,100,100,100,100
round_queries,100,300,1100,4100,19900,95300,466700,2342900,11817900,59880700
round_k,0,1,5,20,99,476,2333,11714,59089,299403
round_shots,100,100,100,100,100,100,100,100,100
round_queries,100,300,1500,7500,33500,160700,813100,4091900,20688100
round_k,0,1,7,37,167,803,4065,20459,103440
round_shots,100,100,100,100,100,100,100,100,100,100
round_queries,100,300,1100,3700,18500,91300,450100,2266300,11433500,57951900
round_k,0,1,5,18,92,456,2250,11331,57167,289759
round_shots,200,100,100,100,100,100,100,100,100,100
round_queries,200,300,1100,3700,18300,89500,425500,2123500,10737700,53905100
round_k,0,1,5,18,91,447,2127,10617,53688,269525
round_shots,200,100,100,100,100,100,100,100,100,100
round_queries,200,300,700,3100,13900,67100,332700,1660300,8387100,42452500
round_k,0,1,3,15,69,335,1663,8301,41935,212262
round_shots,200,100,100,100,100,100,100,100,100,100
round_queries,200,300,700,1900,8300,41300,204300,1022300,5136100,31256900
round_k,0,1,3,9,41,206,1021,5111,25680,156284
round_shots,200,100,100,100,100,100,100,100,100,100
round_queries,200,300,1100,4700,20900,99300,485500,2443100,12225900,61691900
round_k,0,1,5,23,104,496,2427,12215,61129,308459
round_shots,200,100,100,100,100,100,100,100,100,100
round_queries,200,300,1100,4100,17700,85300,421100,2132100,10715700,54342500
round_k,0,1,5,20,88,426,2105,10660,53578,271712
round_shots,200,100,100,100,100,100,100,100,100,100
round_queries,200,300,1100,3500,19700,93100,456700,2285500,11547900,58523900
round_k,0,1,5,17,98,465,2283,11427,57739,292619
round_shots,200,100,100,100,100,100,100,100,100,100
round_queries,200,300,1100,4900,23500,112900,560500,2807300,14142300,71806300
round_k,0,1,5,24,117,564,2802,14036,70711,359031
round_shots,200,100,100,100,100,100,100,100,100,100
round_queries,200,300,1100,4500,19900,95300,472500,2351900,11807300,59888900
round_k,0,1,5,22,99,476,2362,11759,59036,299444
round_shots,200,100,100,100,100,100,100,100,100
round_queries,200,500,1900,8500,40700,200900,990700,4978700,25214300
round_k,0,2,9,42,203,1004,4953,24893,126071
round_shots,100,100,100,100,100,100,100,100,100,100
round_queries,100,300,1100,4500,22500,109700,550100,2782500,14046500,70621300
round_k,0,1,5,22,112,548,2750,13912,70232,353106
round_shots,100,100,100,100,100,100,100,100,100,100
round_queries,100,300,1100,4100,18900,89900,437900,2145900,10822300,54812300
round_k,0,1,5,20,94,449,2189,10729,54111,274061
round_shots,300,100,100,100,100,100,100,100,100,100
round_queries,300,300,700,1900,8900,43500,213500,1057300,5335300,27032900
round_k,0,1,3,9,44,217,1067,5286,26676,135164
round_shots,300,100,100,100,100,100,100,100,100,100
round_queries,300,300,1100,4500,20100,98100,460300,2313700,11690300,59273100
round_k,0,1,5,22,100,490,2301,11568,58451,296365
round_shots,100,100,100,100,100,100,100,100,100,100
round_queries,100,300,1100,4100,19900,95500,467100,2338100,11818500,59957500
round_k,0,1,5,20,99,477,2335,11690,59092,299787
round_shots,100,100,100,100,100,100,100,100,100,100
round_queries,100,300,1100,4900,22300,107300,530300,2622300,13278300,66878100
round_k,0,1,5,24,111,536,2651,13111,66391,334390
round_shots,100,100,100,100,100,100,100,100,100,100
round_queries,100,300,700,1900,7900,37700,188500,946500,4728500,23920900
round_k,0,1,3,9,39,188,942,4732,23642,119604
round_shots,300,100,100,100,100,100,100,100,100,100
round_queries,300,300,700,2900,11500,53100,253500,1273500,6438900,32485500
round_k,0,1,3,14,57,265,1267,6367,32194,162427
round_shots,200,100,100,100,100,100,100,100,100,100
round_queries,200,300,700,2300,8900,39700,190300,929500,4682300,23733700
round_k,0,1,3,11,44,198,951,4647,23411,118668
round_shots,100,100,100,100,100,100,100,100,100,100
round_queries,100,300,1100,4500,20100,95100,478500,2407700,12141500,61570900
round_k,0,1,5,22,100,475,2392,12038,60707,307854
round_shots,100,100,100,100,100,100,100,100,100,100
round_queries,100,300,700,2500,11300,54900,271300,1346900,6761300,34219500
round_k,0,1,3,12,56,274,1356,6734,33806,171097
round_shots,100,100,100,100,100,100,100,100,100,100
round_queries,100,300,1100,5300,24100,119900,593700,2981100,15010500,76226300
round_k,0,1,5,26,120,599,2968,14905,75052,381131
round_shots,200,100,100,100,100,100,100,100,100
round_queries,200,700,2300,9300,44300,222700,1115900,5648500,28545700
round_k,0,3,11,46,221,1113,5579,28242,142728
round_shots,100,100,100,100,100,100,100,100,100,100
round_queries,100,300,1100,4500,20300,96300,488500,2446900,12397500,62876700
round_k,0,1,5,22,101,481,2442,12234,61987,314383
round_shots,100,100,100,100,100,100,100,100,100,100
round_queries,100,300,1100,3100,15500,76700,379900,1923500,9734100,49346500
round_k,0,1,5,15,77,383,1899,9617,48670,246732
round_shots,100,100,100,100,100,100,100,100,100,100
round_queries,100,300,1100,3700,16300,75300,376500,1889500,9532500,48241900
round_k,0,1,5,18,81,376,1882,9447,47662,241209
round_shots,100,100,100,100,100,100,100,100,100,100
round_queries,100,300,700,2700,11300,52500,251900,1270300,6380300,32262100
round_k,0,1,3,13,56,262,1259,6351,31901,161310
round_shots,200,100,100,100,100,100,100,100,100,100
round_queries,200,300,1100,4700,22700,107100,526900,2629100,13232900,67087700
round_k,0,1,5,23,113,535,2634,13145,66164,335438
round_shots,200,100,100,100,100,100,100,100,100,100
round_queries,200,300,1100,4100,19100,90300,452100,2273500,11529500,58287900
round_k,0,1,5,20,95,451,2260,11367,57647,291439
round_shots,200,100,100,100,100,100,100,100,100
round_queries,200,700,2900,12500,60300,298500,1503100,7610300,38537900
round_k,0,3,14,62,301,1492,7515,38051,192689
round_shots,100,100,100,100,100,100,100,100,100,100
round_queries,100,300,1100,4900,22300,106700,527500,2605300,12498500,62531100
round_k,0,1,5,24,111,533,2637,13026,62492,312655
round_shots,100,100,100,100,100,100,100,100,100,100
round_queries,100,300,1100,4100,17900,89100,433300,2187700,11013500,55764700
round_k,0,1,5,20,89,445,2166,10938,55067,278823
round_shots,200,100,100,100,100,100,100,100,100,100
round_queries,200,300,700,2300,10900,53100,259700,1295900,6567100,33184100
round_k,0,1,3,11,54,265,1298,6479,32835,165920
round_shots,100,100,100,100,100,100,100,100,100,100
round_queries,100,300,700,2300,11500,56500,274700,1324900,6626700,33594300
round_k,0,1,3,11,57,282,1373,6624,33133,167971
round_shots,100,100,100,100,100,100,100,100,100,100
round_queries,100,300,1100,4500,21700,106900,524300,2655700,13338100,67598100
round_k,0,1,5,22,108,534,2621,13278,66690,337990
round_shots,100,100,100,100,100,100,100,100,100,100
round_queries,100,300,1100,4900,23700,113500,560500,2819900,14266700,72262500
round_k,0,1,5,24,118,567,2802,14099,71333,361312
round_shots,200,100,100,100,100,100,100,100,100
round_queries,200,300,1100,5300,26100,124300,617700,3100700,15691300
round_k,0,1,5,26,130,621,3088,15503,78456
round_shots,200,100,100,100,100,100,100,100,100,100
round_queries,200,300,1100,4100,18100,86500,429700,2154700,10929900,55472300
round_k,0,1,5,20,90,432,2148,10773,54649,277361
round_shots,100,100,100,100,100,100,100,100,100,100
round_queries,100,300,1100,4100,19500,94100,473900,2379100,11991700,60601100
round_k,0,1,5,20,97,470,2369,11895,59958,303005
round_shots,100,100,100,100,100,100,100,100,100,100
round_queries,100,300,1100,4700,21100,103100,513100,2555300,12893500,65392900
round_k,0,1,5,23,105,515,2565,12776,64467,326964
round_shots,200,200,100,100,100,100,100,100,100,100
round_queries,200,600,1100,3500,15100,73700,367500,1850300,9291100,46666700
round_k,0,1,5,17,75,368,1837,9251,46455,233333
round_shots,100,100,100,100,100,100,100,100,100,100
round_queries,100,300,1100,4500,20900,98700,494700,2500500,12497100,63262700
round_k,0,1,5,22,104,493,2473,12502,62485,316313
round_shots,200,100,100,100,100,100,100,100,100,100
round_queries,200,300,1100,4900,23500,114700,572500,2877700,14571300,73073500
round_k,0,1,5,24,117,573,2862,14388,72856,365367
round_shots,200,100,100,100,100,100,100,100,100,100
round_queries,200,300,700,2300,10100,48500,244100,1226100,6187500,31258700
round_k,0,1,3,11,50,242,1220,6130,30937,156293
round_shots,100,100,100,100,100,100,100,100,100,100
round_queries,100,300,700,1900,8100,36500,176900,873300,4423300,22400900
round_k,0,1,3,9,40,182,884,4366,22116,112004
round_shots,200,100,100,100,100,100,100,100,100,100
round_queries,200,300,1500,4900,22100,102900,510100,2571900,13001700,65760700
round_k,0,1,7,24,110,514,2550,12859,65008,328803
round_shots,200,100,100,100,100,100,100,100,100,100
round_queries,200,300,1100,3700,16300,76900,382100,1909500,9561300,47511900
round_k,0,1,5,18,81,384,1910,9547,47806,237559
round_shots,200,100,100,100,100,100,100,100,100,100
round_queries,200,300,1100,4900,21700,103700,522700,2634300,13350500,67706700
round_k,0,1,5,24,108,518,2613,13171,66752,338533
round_shots,100,100,100,100,100,100,100,100,100,100
round_queries,100,300,1100,5100,23700,119900,602700,3023500,15266900,77418300
round_k,0,1,5,25,118,599,3013,15117,76334,387091
round_shots,100,100,100,100,100,100,100,100,100,100
round_queries,100,300,1100,3700,17100,82700,406700,2061900,10402900,52799100
round_k,0,1,5,18,85,413,2033,10309,52014,263995
round_shots,200,100,100,100,100,100,100,100,100
round_queries,200,300,1100,5500,25100,123100,607500,3074500,15553700
round_k,0,1,5,27,125,615,3037,15372,77768
round_shots,100,100,100,100,100,100,100,100,100,100
round_queries,100,300,1100,3100,13300,64700,316500,1581300,7979700,40469300
round_k,0,1,5,15,66,323,1582,7906,39898,202346
round_shots,200,100,100,100,100,100,100,100,100,100
round_queries,200,300,1100,4100,18500,88700,446300,2222700,11247500,57107300
round_k,0,1,5,20,92,443,2231,11113,56237,285536
round_shots,200,100,100,100,100,100,100,100,100,100
round_queries,200,300,1100,3900,17100,83500,412300,2078700,10491300,52898300
round_k,0,1,5,19,85,417,2061,10393,52456,264491
round_shots,200,100,100,100,100,100,100,100,100,100
round_queries,200,300,900,3100,12900,60100,299900,1499500,7579100,38421900
round_k,0,1,4,15,64,300,1499,7497,37895,192109
round_shots,100,100,100,100,100,100,100,100,100,100
round_queries,100,300,1100,4700,19900,97300,487100,2428500,12224500,61822500
round_k,0,1,5,23,99,486,2435,12142,61122,309112
round_shots,100,100,100,100,100,100,100,100,100,100
round_queries,100,300,1100,4500,21300,103700,524900,2645300,13332900,66857500
round_k,0,1,5,22,106,518,2624,13226,66664,334287
round_shots,100,100,100,100,100,100,100,100,100
round_queries,100,300,1100,5100,25700,124500,619700,3096100,15609100
round_k,0,1,5,25,128,622,3098,15480,78045
round_shots,100,100,100,100,100,100,100,100,100,100
round_queries,100,300,700,2700,10700,48900,235700,1176700,5971500,30138700
round_k,0,1,3,13,53,244,1178,5883,29857,150693
round_shots,200,100,100,100,100,100,100,100,100,100
round_queries,200,300,1100,3700,16900,83700,405900,2053500,10288100,52084500
round_k,0,1,5,18,84,418,2029,10267,51440,260422
round_shots,100,100,100,100,100,100,100,100,100
round_queries,100,300,1100,5300,26500,130500,643500,3214300,16272700
round_k,0,1,5,26,132,652,3217,16071,81363
round_shots,100,100,100,100,100,100,100,100,100,100
round_queries,100,300,700,2300,8900,43300,211500,1052900,5269100,26495700
round_k,0,1,3,11,44,216,1057,5264,26345,132478
round_shots,200,100,100,100,100,100,100,100,100
round_queries,200,300,1500,6900,32100,161300,802700,4018500,20241300
round_k,0,1,7,34,160,806,4013,20092,101206
round_shots,200,100,100,100,100,100,100,100,100,100
round_queries,200,300,1100,4500,22100,110500,547100,2722900,13774100,69483500
round_k,0,1,5,22,110,552,2735,13614,68870,347417
round_shots,200,100,100,100,100,100,100,100,100,100
round_queries,200,300,1100,4500,19300,90500,448500,2256100,11380500,57664900
round_k,0,1,5,22,96,452,2242,11280,56902,288324
round_shots,100,100,100,100,100,100,100,100,100,100
round_queries,100,300,700,2900,12700,63100,317900,1584700,7965300,40379700
round_k,0,1,3,14,63,315,1589,7923,39826,201898
round_shots,200,100,100,100,100,100,100,100,100,100
round_queries,200,300,700,2700,10700,50300,246100,1225500,6174100,31326900
round_k,0,1,3,13,53,251,1230,6127,30870,156634
round_shots,100,100,100,100,100,100,100,100,100
round_queries,100,300,1100,5500,24700,123500,613700,3098300,15709100
round_k,0,1,5,27,123,617,3068,15491,78545
round_shots,100,100,100,100,100,100,100,100,100,100
round_queries,100,300,1100,3700,18300,90900,454500,2287500,11573100,58739500
round_k,0,1,5,18,91,454,2272,11437,57865,293697
round_shots,200,100,100,100,100,100,100,100,100,100
round_queries,200,300,1100,4100,18500,88700,432100,2186100,11077900,56016900
round_k,0,1,5,20,92,443,2160,10930,55389,280084
round_shots,200,100,100,100,100,100,100,100,100,100
round_queries,200,300,1100,4100,18700,92500,449300,2257500,11438900,57924100
round_k,0,1,5,20,93,462,2246,11287,57194,289620
round_shots,100,100,100,100,100,100,100,100,100
round_queries,100,300,1500,6700,31500,159100,795500,4017900,20338500
round_k,0,1,7,33,157,795,3977,20089,101692
round_shots,200,100,100,100,100,100,100,100,100,100
round_queries,200,300,1100,4100,19100,90300,435500,2173100,11010500,55761900
round_k,0,1,5,20,95,451,2177,10865,55052,278809
round_shots,200,100,100,100,100,100,100,100,100,100
round_queries,200,300,700,3300,15500,77500,387500,1939700,9782500,49580100
round_k,0,1,3,16,77,387,1937,9698,48912,247900
round_shots,100,100,100,100,100,100,100,100,100,100
round_queries,100,300,1100,4700,20500,98300,488300,2457100,12329700,62628900
round_k,0,1,5,23,102,491,2441,12285,61648,313144
round_shots,100,100,100,100,100,100,100,100,100,100
round_queries,100,300,1100,4500,21500,105300,522900,2625700,13282100,67206700
round_k,0,1,5,22,107,526,2614,13128,66410,336033
round_shots,200,100,100,100,100,100,100,100,100,100
round_queries,200,300,700,2900,12100,59100,283500,1424300,7199300,36231500
round_k,0,1,3,14,60,295,1417,7121,35996,181157
round_shots,200,100,100,100,100,100,100,100,100,100
round_queries,200,300,1100,4500,20300,97500,486100,2422500,12248900,62108100
round_k,0,1,5,22,101,487,2430,12112,61244,310540
round_shots,300,100,100,100,100,100,100,100,100
round_queries,300,500,2300,10100,49300,246500,1234700,6199100,31321500
round_k,0,2,11,50,246,1232,6173,30995,156607
round_shots,300,100,100,100,100,100,100,100,100,100
round_queries,300,300,1100,4100,18500,87300,435700,2181900,11059300,55665700
round_k,0,1,5,20,92,436,2178,10909,55296,278328
round_shots,100,100,100,100,100,100,100,100,100,100
round_queries,100,300,700,2900,11500,56700,285100,1437700,7248500,36733500
round_k,0,1,3,14,57,283,1425,7188,36242,183667
round_shots,200,100,100,100,100,100,100,100,100
round_queries,200,300,1100,5500,27700,136100,682900,3454500,18353100
round_k,0,1,5,27,138,680,3414,17272,91765
round_shots,200,100,100,100,100,100,100,100,100,100
round_queries,200,300,700,2700,12500,61900,307100,1551900,9426100,47343100
round_k,0,1,3,13,62,309,1535,7759,47130,236715
round_shots,200,100,100,100,100,100,100,100,100,100
round_queries,200,300,1100,3700,16700,82700,406100,2028100,10199100,51614100
round_k,0,1,5,18,83,413,2030,10140,50995,258070
round_shots,200,100,100,100,100,100,100,100,100,100
round_queries,200,300,1100,4500,22100,111500,540300,2695100,13667500,68905500
round_k,0,1,5,22,110,557,2701,13475,68337,344527
round_shots,100,100,100,100,100,100,100,100,100,100
round_queries,100,300,1100,3900,17100,83300,413500,2067300,10448500,52969700
round_k,0,1,5,19,85,416,2067,10336,52242,264848
round_shots,100,100,100,100,100,100,100,100,100,100
round_queries,100,300,1100,4500,21500,106500,527100,2650300,13433900,68150300
round_k,0,1,5,22,107,532,2635,13251,67169,340751
round_shots,100,100,100,100,100,100,100,100,100,100
round_queries,100,300,1100,4100,19100,91100,446700,2237300,11306700,57252500
round_k,0,1,5,20,95,455,2233,11186,56533,286262
round_shots,200,100,100,100,100,100,100,100,100,100
round_queries,200,300,700,1900,8500,40300,196100,980700,4921900,24864700
round_k,0,1,3,9,42,201,980,4903,24609,124323
round_shots,200,100,100,100,100,100,100,100,100
round_queries,200,500,2300,9500,44700,215900,1077300,5450100,27537300
round_k,0,2,11,47,223,1079,5386,27250,137686
round_shots,200,100,100,100,100,100,100,100,100,100
round_queries,200,300,1100,4100,19700,98100,490300,2429900,12268500,62192500
round_k,0,1,5,20,98,490,2451,12149,61342,310962
round_shots,100,100,100,100,100,100,100,100,100,100
round_queries,100,300,1100,4100,18500,92100,462500,2275300,11501300,57779700
round_k,0,1,5,20,92,460,2312,11376,57506,288898
round_shots,100,100,100,100,100,100,100,100,100,100
round_queries,100,300,1100,5100,23100,104700,515500,2603300,13160700,66517300
round_k,0,1,5,25,115,523,2577,13016,65803,332586
round_shots,100,100,100,100,100,100,100,100,100,100
round_queries,100,300,1100,5100,24300,115100,569900,2857300,14448300,73364100
round_k,0,1,5,25,121,575,2849,14286,72241,366820
round_shots,100,100,100,100,100,100,100,100,100,100
round_queries,100,300,700,2900,11700,58100,286100,1434100,7254100,36772100
round_k,0,1,3,14,58,290,1430,7170,36270,183860
round_shots,100,100,100,100,100,100,100,100,100,100
round_queries,100,300,1100,4100,18300,91300,430700,2155900,10902700,55342300
round_k,0,1,5,20,91,456,2153,10779,54513,276711
round_shots,100,100,100,100,100,100,100,100,100,100
round_queries,100,300,700,1900,9100,44500,221300,1115900,5619700,28477100
round_k,0,1,3,9,45,222,1106,5579,28098,142385
round_shots,200,100,100,100,100,100,100,100,100
round_queries,200,300,1500,7100,33700,167700,841500,4272700,21498700
round_k,0,1,7,35,168,838,4207,21363,107493
round_shots,200,100,100,100,100,100,100,100,100,100
round_queries,200,300,1100,4700,20900,97300,483300,2409900,12160100,61229700
round_k,0,1,5,23,104,486,2416,12049,60800,306148
round_shots,200,100,100,100,100,100,100,100,100
round_queries,200,500,1300,6500,31900,154500,772300,3877700,19601700
round_k,0,2,6,32,159,772,3861,19388,98008
round_shots,100,100,100,100,100,100,100,100,100,100
round_queries,100,300,1100,3700,17100,82700,412500,2059700,10329100,52459300
round_k,0,1,5,18,85,413,2062,10298,51645,262296
round_shots,200,100,100,100,100,100,100,100,100
round_queries,200,500,2300,10100,49300,243500,1226100,6177100,31193300
round_k,0,2,11,50,246,1217,6130,30885,155966
round_shots,200,100,100,100,100,100,100,100,100,100
round_queries,200,300,700,2900,11500,54300,267500,1350100,6749300,34233100
round_k,0,1,3,14,57,271,1337,6750,33746,171165
round_shots,100,100,100,100,100,100,100,100,100,100
round_queries,100,300,700,3100,14100,69900,337900,1654300,8325100,42220100
round_k,0,1,3,15,70,349,1689,8271,41625,211100
round_shots,100,100,100,100,100,100,100,100,100,100
round_queries,100,300,1100,3700,16300,77100,377300,1880700,11432700,57649100
round_k,0,1,5,18,81,385,1886,9403,57163,288245
round_shots,100,100,100,100,100,100,100,100,100,100
round_queries,100,300,1100,4300,19900,98100,487900,2468700,12485300,63086900
round_k,0,1,5,21,99,490,2439,12343,62426,315434
round_shots,200,100,100,100,100,100,100,100,100,100
round_queries,200,300,1100,4100,18900,90300,442700,2220900,11110100,56239500
round_k,0,1,5,20,94,451,2213,11104,55550,281197
round_shots,100,100,100,100,100,100,100,100,100,100
round_queries,100,300,1100,5100,24500,122100,597900,3007900,15226100,77077900
round_k,0,1,5,25,122,610,2989,15039,76130,385389
round_shots,100,100,100,100,100,100,100,100,100,100
round_queries,100,300,700,1900,8500,38700,188300,945300,4758100,24103500
round_k,0,1,3,9,42,193,941,4726,23790,120517
round_shots,100,100,100,100,100,100,100,100,100,100
round_queries,100,300,700,2700,12100,57900,290700,1446500,7192300,36410300
round_k,0,1,3,13,60,289,1453,7232,35961,182051
round_shots,100,100,100,100,100,100,100,100,100
round_queries,100,300,1500,5500,25900,128300,631500,3153500,15947900
round_k,0,1,7,27,129,641,3157,15767,79739
round_shots,100,100,100,100,100,100,100,100,100,100
round_queries,100,300,1100,4500,21100,101900,498100,2515900,12716500,64505300
round_k,0,1,5,22,105,509,2490,12579,63582,322526
round_shots,100,100,100,100,100,100,100,100,100,100
round_queries,100,300,1500,5700,25300,121100,604700,3051700,15441500,78169100
round_k,0,1,7,28,126,605,3023,15258,77207,390845
round_shots,100,100,100,100,100,100,100,100,100,100
round_queries,100,300,1100,4500,21300,101900,500500,2522900,12736500,64652100
round_k,0,1,5,22,106,509,2502,12614,63682,323260
round_shots,200,100,100,100,100,100,100,100,100,100
round_queries,200,300,700,1900,7900,37700,188900,951500,4771700,24106300
round_k,0,1,3,9,39,188,944,4757,23858,120531
round_shots,100,100,100,100,100,100,100,100,100,100
round_queries,100,300,1100,3100,14100,69300,342100,1690700,8429700,42675300
round_k,0,1,5,15,70,346,1710,8453,42148,213376
round_shots,100,100,100,100,100,100,100,100,100,100
round_queries,100,300,1100,4700,22300,102300,495500,2440100,12337900,62482300
round_k,0,1,5,23,111,511,2477,12200,61689,312411
round_shots,100,100,100,100,100,100,100,100,100,100
round_queries,100,300,1100,3700,17900,85100,420300,2103900,10579900,53402700
round_k,0,1,5,18,89,425,2101,10519,52899,267013
round_shots,100,100,100,100,100,100,100,100,100,100
round_queries,100,300,700,2500,11300,56500,274500,1366900,6920100,34911900
round_k,0,1,3,12,56,282,1372,6834,34600,174559
round_shots,100,100,100,100,100,100,100,100,100,100
round_queries,100,300,1100,4100,19900,99500,495100,2484300,12516900,63447300
round_k,0,1,5,20,99,497,2475,12421,62584,317236
round_shots,200,100,100,100,100,100,100,100,100,100
round_queries,200,300,1100,4700,20100,96900,480300,2416100,12255100,61915900
round_k,0,1,5,23,100,484,2401,12080,61275,309579
round_shots,200,100,100,100,100,100,100,100,100,100
round_queries,200,300,1100,4500,21500,103300,503300,2528500,12788100,64200500
round_k,0,1,5,22,107,516,2516,12642,63940,321002
round_shots,100,100,100,100,100,100,100,100,100,100
round_queries,100,300,1100,5500,24300,121900,598300,2999900,15075900,75939100
round_k,0,1,5,27,121,609,2991,14999,75379,379695
round_shots,200,100,100,100,100,100,100,100,100,100
round_queries,200,300,1100,3100,17300,79700,392700,1966300,9958700,50352300
round_k,0,1,5,15,86,398,1963,9831,49793,251761
round_shots,100,100,100,100,100,100,100,100,100,100
round_queries,100,300,1100,4500,20900,102700,513100,2590300,13085900,66249500
round_k,0,1,5,22,104,513,2565,12951,65429,331247
round_shots,100,100,100,100,100,100,100,100,100,100
round_queries,100,300,1100,4100,17900,85700,423500,2118300,10674100,54162300
round_k,0,1,5,20,89,428,2117,10591,53370,270811
round_shots,100,100,100,100,100,100,100,100,100,100
round_queries,100,300,1100,4700,23500,111300,550300,2751500,13947700,70225100
round_k,0,1,5,23,117,556,2751,13757,69738,351125
round_shots,100,100,100,100,100,100,100,100,100,100
round_queries,100,300,1100,4100,17100,82500,403900,2008100,10130100,51262100
round_k,0,1,5,20,85,412,2019,10040,50650,256310
round_shots,200,100,100,100,100,100,100,100,100,100
round_queries,200,300,700,2300,9100,42500,207300,1039700,5250700,26570100
round_k,0,1,3,11,45,212,1036,5198,26253,132850
round_shots,200,100,100,100,100,100,100,100,100
round_queries,200,300,1500,6700,29900,146900,739700,3752900,18950100
round_k,0,1,7,33,149,734,3698,18764,94750
round_shots,200,100,100,100,100,100,100,100,100,100
round_queries,200,300,1100,5100,24500,115700,580300,2939500,14841100,75261700
round_k,0,1,5,25,122,578,2901,14697,74205,376308
round_shots,200,100,100,100,100,100,100,100,100,100
round_queries,200,300,700,2300,9300,44900,213300,1066500,5353500,26995500
round_k,0,1,3,11,46,224,1066,5332,26767,134977
round_shots,200,100,100,100,100,100,100,100,100
round_queries,200,300,1500,6300,29500,143700,721500,3649700,18404700
round_k,0,1,7,31,147,718,3607,18248,92023
round_shots,200,100,100,100,100,100,100,100,100
round_queries,200,300,1100,4900,23300,115300,700100,3527500,17808900
round_k,0,1,5,24,116,576,3500,17637,89044
round_shots,200,100,100,100,100,100,100,100,100,100
round_queries,200,300,1100,4900,21300,106100,529900,2678100,13536300,68460500
round_k,0,1,5,24,106,530,2649,13390,67681,342302
round_shots,200,100,100,100,100,100,100,100,100,100
round_queries,200,300,1100,4900,23900,116700,575500,2889100,14572900,73679500
round_k,0,1,5,24,119,583,2877,14445,72864,368397
round_shots,300,100,100,100,100,100,100,100,100
round_queries,300,500,2300,9500,43900,219700,1091500,5518100,27895300
round_k,0,2,11,47,219,1098,5457,27590,139476
round_shots,100,100,100,100,100,100,100,100,100,100
round_queries,100,300,1100,4900,22500,108300,528100,2658500,13458700,68287900
round_k,0,1,5,24,112,541,2640,13292,67293,341439
round_shots,100,100,100,100,100,100,100,100,100,100
round_queries,100,300,1100,5100,24900,122300,602900,2998900,15012700,75334100
round_k,0,1,5,25,124,611,3014,14994,75063,376670
round_shots,200,100,100,100,100,100,100,100,100,100
round_queries,200,300,1100,3700,15900,74500,375300,1897700,9557100,48466900
round_k,0,1,5,18,79,372,1876,9488,47785,242334
round_shots,100,200,100,100,100,100,100,100,100,100
round_queries,100,600,1100,3100,14500,70300,351700,1750100,8855900,44525300
round_k,0,1,5,15,72,351,1758,8750,44279,222626
round_shots,100,100,100,100,100,100,100,100,100,100
round_queries,100,300,1100,4100,19700,95300,470500,2373900,12032500,60960500
round_k,0,1,5,20,98,476,2352,11869,60162,304802
round_shots,100,100,100,100,100,100,100,100,100,100
round_queries,100,300,1100,4100,17900,89100,451900,2263100,11461300,57504300
round_k,0,1,5,20,89,445,2259,11315,57306,287521
round_shots,200,100,100,100,100,100,100,100,100
round_queries,200,300,1500,6300,30100,141900,685300,3459900,17536300
round_k,0,1,7,31,150,709,3426,17299,87681
round_shots,100,100,100,100,100,100,100,100,100,100
round_queries,100,300,1100,4100,17900,82700,414300,2081100,10486700,53107500
round_k,0,1,5,20,89,413,2071,10405,52433,265537
round_shots,100,100,100,100,100,100,100,100,100,100
round_queries,100,300,1100,4700,23100,109300,528300,2665100,13476100,68205500
round_k,0,1,5,23,115,546,2641,13325,67380,341027
round_shots,200,100,100,100,100,100,100,100,100,100
round_queries,200,300,700,3300,15500,73700,365700,1841900,9318900,46853900
round_k,0,1,3,16,77,368,1828,9209,46594,234269
round_shots,100,100,100,100,100,100,100,100,100,100
round_queries,100,300,1100,4500,19500,91500,432100,2130500,10808900,54659900
round_k,0,1,5,22,97,457,2160,10652,54044,273299
round_shots,100,100,100,100,100,100,100,100,100,100
round_queries,100,300,1100,4900,24300,120300,603300,3019100,15158100,76655700
round_k,0,1,5,24,121,601,3016,15095,75790,383278
round_shots,100,100,100,100,100,100,100,100,100,100
round_queries,100,300,1100,4500,20500,99700,492900,2476300,12407300,62846300
round_k,0,1,5,22,102,498,2464,12381,62036,314231
round_shots,200,100,100,100,100,100,100,100,100,100
round_queries,200,300,1100,4900,22300,106100,520500,2612300,13221100,67071500
round_k,0,1,5,24,111,530,2602,13061,66105,335357
round_shots,100,100,100,100,100,100,100,100,100,100
round_queries,100,300,1100,5300,23300,116500,578100,2925900,14764500,74888500
round_k,0,1,5,26,116,582,2890,14629,73822,374442
round_shots,100,100,100,100,100,100,100,100,100,100
round_queries,100,300,1100,3700,18500,90900,455700,2293700,11588700,58781100
round_k,0,1,5,18,92,454,2278,11468,57943,293905
round_shots,100,100,100,100,100,100,100,100,100
round_queries,100,300,1500,6100,27100,131900,659100,3292900,16639900
round_k,0,1,7,30,135,659,3295,16464,83199
round_shots,100,100,100,100,100,100,100,100,100,100
round_queries,100,300,1100,4500,21100,99700,500900,2520700,12768300,64516500
round_k,0,1,5,22,105,498,2504,12603,63841,322582
round_shots,200,100,100,100,100,100,100,100,100,100
round_queries,200,300,700,2500,11100,53500,268100,1340500,6769500,34187300
round_k,0,1,3,12,55,267,1340,6702,33847,170936
round_shots,200,100,100,100,100,100,100,100,100,100
round_queries,200,300,1100,5100,22100,110100,543100,2700900,13640300,69140300
round_k,0,1,5,25,110,550,2715,13504,68201,345701
round_shots,100,100,100,100,100,100,100,100,100
round_queries,100,300,1500,7100,34500,172700,845900,4258500,21487500
round_k,0,1,7,35,172,863,4229,21292,107437
round_shots,200,100,100,100,100,100,100,100,100
round_queries,200,300,1500,6700,31500,149300,739900,3496100,17333100
round_k,0,1,7,33,157,746,3699,17480,86665
round_shots,100,100,100,100,100,100,100,100,100,100
round_queries,100,300,1100,4700,22100,108700,575500,2908700,14736900,74755300
round_k,0,1,5,23,110,543,2877,14543,73684,373776
round_shots,200,100,100,100,100,100,100,100,100,100
round_queries,200,300,1100,4100,19300,95900,476500,2397700,11990900,60767100
round_k,0,1,5,20,96,479,2382,11988,59954,303835
round_shots,100,100,100,100,100,100,100,100,100,100
round_queries,100,300,1100,5100,23700,114700,566900,2861100,14476100,73360900
round_k,0,1,5,25,118,573,2834,14305,72380,366804
round_shots,200,100,100,100,100,100,100,100,100,100
round_queries,200,300,1100,4100,19900,95900,471100,2345300,11823500,59874900
round_k,0,1,5,20,99,479,2355,11726,59117,299374
round_shots,100,100,100,100,100,100,100,100,100,100
round_queries,100,300,700,2700,13100,65500,317900,1593500,8075500,40785300
round_k,0,1,3,13,65,327,1589,7967,40377,203926
round_shots,100,100,100,100,100,100,100,100,100,100
round_queries,100,300,700,2900,13700,66500,333300,1661900,8396500,42579900
round_k,0,1,3,14,68,332,1666,8309,41982,212899
round_shots,200,100,100,100,100,100,100,100,100,100
round_queries,200,300,1100,4900,23100,110300,549500,2755300,13892900,70304900
round_k,0,1,5,24,115,551,2747,13776,69464,351524
round_shots,100,100,100,100,100,100,100,100,100
round_queries,100,300,1500,7300,33300,163100,810700,4081700,20563700
round_k,0,1,7,36,166,815,4053,20408,102818
round_shots,200,100,100,100,100,100,100,100,100,100
round_queries,200,300,700,2300,11100,53300,262700,1312100,6569700,33284300
round_k,0,1,3,11,55,266,1313,6560,32848,166421
round_shots,200,100,100,100,100,100,100,100,100,100
round_queries,200,300,1100,4900,23100,111500,557100,2808700,14194500,71915100
round_k,0,1,5,24,115,557,2785,14043,70972,359575
round_shots,200,100,100,100,100,100,100,100,100,100
round_queries,200,300,700,2500,11300,55500,275700,1375500,6946300,35223300
round_k,0,1,3,12,56,277,1378,6877,34731,176116
round_shots,200,100,100,100,100,100,100,100,100,100
round_queries,200,300,1100,4100,18900,92300,448300,2255500,11395500,57791100
round_k,0,1,5,20,94,461,2241,11277,56977,288955
round_shots,200,100,100,100,100,100,100,100,100,100
round_queries,200,300,1100,4500,21100,101300,506700,2568900,12983500,65809500
round_k,0,1,5,22,105,506,2533,12844,64917,329047
round_shots,200,100,100,100,100,100,100,100,100
round_queries,200,300,1500,6700,31500,153300,761700,3829700,19416700
round_k,0,1,7,33,157,766,3808,19148,97083
round_shots,100,100,100,100,100,100,100,100,100,100
round_queries,100,300,1100,3700,16700,79700,398500,2006700,10158700,51478100
round_k,0,1,5,18,83,398,1992,10033,50793,257390
round_shots,100,100,100,100,100,100,100,100,100,100
round_queries,100,300,700,2900,12500,61300,300500,1500100,7593300,38456300
round_k,0,1,3,14,62,306,1502,7500,37966,192281
round_shots,100,100,100,100,100,100,100,100,100,100
round_queries,100,300,700,2900,12700,60700,287500,1423100,7205100,36470900
round_k,0,1,3,14,63,303,1437,7115,36025,182354
round_shots,100,100,100,100,100,100,100,100,100,100
round_queries,100,300,1100,4100,17700,84300,415300,2061300,10344900,52506300
round_k,0,1,5,20,88,421,2076,10306,51724,262531
round_shots,200,100,100,100,100,100,100,100,100,100
round_queries,200,300,1100,4100,17300,82700,419100,2110700,10691500,54256300
round_k,0,1,5,20,86,413,2095,10553,53457,271281
round_shots,100,100,100,100,100,100,100,100,100,100
round_queries,100,300,1100,3700,16500,77500,384100,1923100,9641500,48690300
round_k,0,1,5,18,82,387,1920,9615,48207,243451
round_shots,200,100,100,100,100,100,100,100,100,100
round_queries,200,300,1100,5100,23500,110900,554100,2790900,14043500,71052900
round_k,0,1,5,25,117,554,2770,13954,70217,355264
round_shots,100,100,100,100,100,100,100,100,100,100
round_queries,100,300,700,1900,9300,45700,222700,1120300,5640900,28340500
round_k,0,1,3,9,46,228,1113,5601,28204,141702
round_shots,100,100,100,100,100,100,100,100,100,100
round_queries,100,300,700,3300,15100,72500,364100,1832900,9269900,46606300
round_k,0,1,3,16,75,362,1820,9164,46349,233031
round_shots,100,100,100,100,100,100,100,100,100,100
round_queries,100,300,1100,3900,17700,86300,431700,2162100,10970700,55193900
round_k,0,1,5,19,88,431,2158,10810,54853,275969
round_shots,200,100,100,100,100,100,100,100,100,100
round_queries,200,300,1100,5100,23700,113300,561900,2832100,14274500,72413300
round_k,0,1,5,25,118,566,2809,14160,71372,362066
round_shots,100,100,100,100,100,100,100,100,100,100
round_queries,100,300,1100,4500,19900,95900,479700,2425500,12164300,61109100
round_k,0,1,5,22,99,479,2398,12127,60821,305545
round_shots,100,100,100,100,100,100,100,100,100
round_queries,100,300,1500,6300,29100,139900,699100,3519300,17810300
round_k,0,1,7,31,145,699,3495,17596,89051
round_shots,100,100,100,100,100,100,100,100,100,100
round_queries,100,300,1100,3700,18300,88300,422700,2120500,10696700,53950500
round_k,0,1,5,18,91,441,2113,10602,53483,269752
round_shots,200,100,100,100,100,100,100,100,100,100
round_queries,200,300,1100,4500,20700,98500,494700,2509500,12688500,64004300
round_k,0,1,5,22,103,492,2473,12547,63442,320021
round_shots,100,100,100,100,100,100,100,100,100,100
round_queries,100,300,1100,3700,16500,79300,392300,1973900,9955300,50506300
round_k,0,1,5,18,82,396,1961,9869,49776,252531
round_shots,200,100,100,100,100,100,100,100,100
round_queries,200,500,1900,8500,41900,208900,1034500,5218900,26328900
round_k,0,2,9,42,209,1044,5172,26094,131644
round_shots,100,100,100,100,100,100,100,100,100
round_queries,100,300,1500,5700,25500,125500,627900,3169500,15948300
round_k,0,1,7,28,127,627,3139,15847,79741
round_shots,200,100,100,100,100,100,100,100,100,100
round_queries,200,300,700,1900,8700,39500,192900,961300,4836300,24339900
round_k,0,1,3,9,43,197,964,4806,24181,121699
round_shots,200,100,100,100,100,100,100,100,100,100
round_queries,200,300,700,2300,10700,49700,246900,1251900,6315300,31957700
round_k,0,1,3,11,53,248,1234,6259,31576,159788
round_shots,100,100,100,100,100,100,100,100,100,100
round_queries,100,300,700,2300,10100,49100,242900,1218900,6112100,30933300
round_k,0,1,3,11,50,245,1214,6094,30560,154666
round_shots,200,100,100,100,100,100,100,100,100,100
round_queries,200,300,700,1900,8700,41500,206100,1032500,5219900,26456500
round_k,0,1,3,9,43,207,1030,5162,26099,132282
round_shots,100,100,100,100,100,100,100,100,100,100
round_queries,100,300,700,2500,10100,48100,241500,1199500,6061500,30717900
round_k,0,1,3,12,50,240,1207,5997,30307,153589
round_shots,200,100,100,100,100,100,100,100,100,100
round_queries,200,300,1100,4100,19900,99700,493100,2497100,12601100,63963900
round_k,0,1,5,20,99,498,2465,12485,63005,319819
round_shots,100,100,100,100,100,100,100,100,100,100
round_queries,100,300,1100,3700,17500,85700,431300,2163100,10928100,55358500
round_k,0,1,5,18,87,428,2156,10815,54640,276792
round_shots,200,100,100,100,100,100,100,100,100,100
round_queries,200,300,1100,4100,17700,85300,413300,2081300,10391500,52627300
round_k,0,1,5,20,88,426,2066,10406,51957,263136
round_shots,100,100,100,100,100,100,100,100,100,100
round_queries,100,300,1100,4500,20900,105500,523100,2619100,13212500,67023900
round_k,0,1,5,22,104,527,2615,13095,66062,335119
round_shots,200,100,100,100,100,100,100,100,100,100
round_queries,200,300,1100,4300,19900,95100,479700,2430100,12301900,62399500
round_k,0,1,5,21,99,475,2398,12150,61509,311997
round_shots,200,100,100,100,100,100,100,100,100
round_queries,200,500,1900,9500,47900,234300,1169100,5823700,29417900
round_k,0,2,9,47,239,1171,5845,29118,147089
round_shots,100,100,100,100,100,100,100,100,100,100
round_queries,100,300,700,2900,12900,63500,309100,1545700,7801700,39501100
round_k,0,1,3,14,64,317,1545,7728,39008,197505
round_shots,100,100,100,100,100,100,100,100,100,100
round_queries,100,300,1100,4100,18300,84100,410900,2063300,10425700,52550100
round_k,0,1,5,20,91,420,2054,10316,52128,262750
round_shots,200,100,100,100,100,100,100,100,100,100
round_queries,200,300,1100,4100,18500,91100,447100,2235100,11230300,56814500
round_k,0,1,5,20,92,455,2235,11175,56151,284072
round_shots,100,100,100,100,100,100,100,100,100,100
round_queries,100,300,1100,4500,21700,102900,517700,2603900,13084300,66405900
round_k,0,1,5,22,108,514,2588,13019,65421,332029
round_shots,100,100,100,100,100,100,100,100,100,100
round_queries,100,300,1100,3700,16500,80300,393700,1971300,9993700,50588100
round_k,0,1,5,18,82,401,1968,9856,49968,252940
round_shots,100,100,100,100,100,100,100,100,100,100
round_queries,100,300,1100,4500,22500,106500,507500,2507300,12421100,60512700
round_k,0,1,5,22,112,532,2537,12536,62105,302563
round_shots,100,100,100,100,100,100,100,100,100,100
round_queries,100,300,1100,4500,19300,91900,459500,2312300,11701900,59347500
round_k,0,1,5,22,96,459,2297,11561,58509,296737
round_shots,100,100,100,100,100,100,100,100,100,100
round_queries,100,300,1100,5100,21900,104100,514500,2578700,13045300,66077100
round_k,0,1,5,25,109,520,2572,12893,65226,330385
round_shots,200,100,100,100,100,100,100,100,100,100
round_queries,200,300,700,3300,15300,74900,372100,1870100,9444500,47667300
round_k,0,1,3,16,76,374,1860,9350,47222,238336
round_shots,200,100,100,100,100,100,100,100,100,100
round_queries,200,300,1100,4900,21300,102900,518300,2621100,13145900,66667700
round_k,0,1,5,24,106,514,2591,13105,65729,333338
round_shots,100,100,100,100,100,100,100,100,100,100
round_queries,100,300,1100,4100,19500,91700,451300,2279700,11524100,58400300
round_k,0,1,5,20,97,458,2256,11398,57620,292001
round_shots,200,100,100,100,100,100,100,100,100,100
round_queries,200,300,700,1900,8900,41900,205100,1024100,5187300,26247100
round_k,0,1,3,9,44,209,1025,5120,25936,131235
round_shots,200,100,100,100,100,100,100,100,100
round_queries,200,500,1900,7100,32500,159300,784300,3920500,19868300
round_k,0,2,9,35,162,796,3921,19602,99341
round_shots,100,100,100,100,100,100,100,100,100,100
round_queries,100,300,1100,4300,19900,97500,489700,2463500,12448100,63180900
round_k,0,1,5,21,99,487,2448,12317,62240,315904
round_shots,200,100,100,100,100,100,100,100,100,100
round_queries,200,300,1100,3700,16900,79900,393100,1957900,9846900,50017700
round_k,0,1,5,18,84,399,1965,9789,49234,250088
round_shots,200,100,100,100,100,100,100,100,100,100
round_queries,200,300,700,2900,12900,60700,299300,1495100,7539900,38200500
round_k,0,1,3,14,64,303,1496,7475,37699,191002
round_shots,100,100,100,100,100,100,100,100,100,100
round_queries,100,300,700,1900,8900,42300,200300,991100,4997300,25203900
round_k,0,1,3,9,44,211,1001,4955,24986,126019
round_shots,100,100,100,100,100,100,100,100,100,100
round_queries,100,300,700,2900,14500,71300,346500,1720100,8569500,43408900
round_k,0,1,3,14,72,356,1732,8600,42847,217044
round_shots,200,100,100,100,100,100,100,100,100,100
round_queries,200,300,1100,3500,16900,81700,404100,2036500,10307900,52288300
round_k,0,1,5,17,84,408,2020,10182,51539,261441
round_shots,200,100,100,100,100,100,100,100,100
round_queries,200,300,1100,5100,24900,123700,618900,3136500,15839700
round_k,0,1,5,25,124,618,3094,15682,79198
round_shots,200,100,100,100,100,100,100,100,100,100
round_queries,200,300,1100,4500,22300,106100,526100,2659700,13390500,67745100
round_k,0,1,5,22,111,530,2630,13298,66952,338725
round_shots,200,100,100,100,100,100,100,100,100,100
round_queries,200,300,700,2900,12900,60100,294100,1486100,7513100,38147900
round_k,0,1,3,14,64,300,1470,7430,37565,190739
round_shots,100,100,100,100,100,100,100,100,100,100
round_queries,100,300,1100,4300,17900,84900,416700,2081500,10428100,52928500
round_k,0,1,5,21,89,424,2083,10407,52140,264642
round_shots,100,100,100,100,100,100,100,100,100,100
round_queries,100,300,700,3100,14300,67500,333700,1681700,8479700,42952700
round_k,0,1,3,15,71,337,1668,8408,42398,214763
round_shots,100,100,100,100,100,100,100,100,100,100
round_queries,100,300,1100,3700,17700,82900,408900,2041700,10324100,52341500
round_k,0,1,5,18,88,414,2044,10208,51620,261707
round_shots,200,100,100,100,100,100,100,100,100,100
round_queries,200,300,1100,4100,19100,94500,465700,2298100,11535900,58430900
round_k,0,1,5,20,95,472,2328,11490,57679,292154
round_shots,200,100,100,100,100,100,100,100,100,100
round_queries,200,300,700,2300,9100,43500,217500,1069700,5392300,27257900
round_k,0,1,3,11,45,217,1087,5348,26961,136289
round_shots,100,100,100,100,100,100,100,100,100,100
round_queries,100,300,700,3300,14100,68700,340700,1720900,8675500,43903300
round_k,0,1,3,16,70,343,1703,8604,43377,219516
round_shots,300,100,100,100,100,100,100,100,100,100
round_queries,300,300,700,2900,13500,66100,319900,1588500,7996100,40447900
round_k,0,1,3,14,67,330,1599,7942,39980,202239
round_shots,200,100,100,100,100,100,100,100,100,100
round_queries,200,300,1100,5300,24700,121100,601300,3030500,15272300,77114100
round_k,0,1,5,26,123,605,3006,15152,76361,385570
round_shots,100,100,100,100,100,100,100,100,100
round_queries,100,300,1500,6100,29900,148100,738300,3697500,18700300
round_k,0,1,7,30,149,740,3691,18487,93501
round_shots,200,100,100,100,100,100,100,100,100,100
round_queries,200,300,1100,4100,18900,93900,469900,2371500,11971300,60667500
round_k,0,1,5,20,94,469,2349,11857,59856,303337
round_shots,100,100,100,100,100,100,100,100,100,100
round_queries,100,300,700,2500,11100,51900,253300,1269900,6339900,32014500
round_k,0,1,3,12,55,259,1266,6349,31699,160072
round_shots,100,100,100,100,100,100,100,100,100
round_queries,100,300,1100,5500,27100,130900,644900,3247100,16421900
round_k,0,1,5,27,135,654,3224,16235,82109
round_shots,100,100,100,100,100,100,100,100,100,100
round_queries,100,300,700,1900,8100,38300,186300,929300,4658500,23568100
round_k,0,1,3,9,40,191,931,4646,23292,117840
round_shots,200,100,100,100,100,100,100,100,100,100
round_queries,200,300,1100,4100,18900,89300,445700,2253900,11405300,57842700
round_k,0,1,5,20,94,446,2228,11269,57026,289213
round_shots,100,100,100,100,100,100,100,100,100,100
round_queries,100,300,1100,4100,18300,87300,426500,2125700,10714100,53990300
round_k,0,1,5,20,91,436,2132,10628,53570,269951
round_shots,100,100,100,100,100,100,100,100,100
round_queries,100,500,1900,8700,41300,204700,1029700,5200900,26221300
round_k,0,2,9,43,206,1023,5148,26004,131106
round_shots,200,100,100,100,100,100,100,100,100,100
round_queries,200,300,1100,3100,14500,66700,333500,1649700,8328700,42134900
round_k,0,1,5,15,72,333,1667,8248,41643,210674
round_shots,100,100,100,100,100,100,100,100,100,100
round_queries,100,300,1100,3500,19700,94100,473500,2367100,11936700,60567300
round_k,0,1,5,17,98,470,2367,11835,59683,302836
round_shots,200,100,100,100,100,100,100,100,100,100
round_queries,200,300,1100,4500,22100,110900,550100,2738900,13755500,69584300
round_k,0,1,5,22,110,554,2750,13694,68777,347921
round_shots,100,100,100,100,100,100,100,100,100,100
round_queries,100,300,1100,4500,21700,105100,523300,2639300,13361500,67730500
round_k,0,1,5,22,108,525,2616,13196,66807,338652
round_shots,200,100,100,100,100,100,100,100,100,100
round_queries,200,300,1100,4100,18700,91500,460500,2298500,11636500,58571300
round_k,0,1,5,20,93,457,2302,11492,58182,292856
round_shots,100,100,100,100,100,100,100,100,100
round_queries,100,300,1500,5900,27500,136100,664300,3354900,16944700
round_k,0,1,7,29,137,680,3321,16774,84723
round_shots,300,100,100,100,100,100,100,100,100
round_queries,300,500,1500,7100,33500,160700,797300,4037700,20214700
round_k,0,2,7,35,167,803,3986,20188,101073
round_shots,100,100,100,100,100,100,100,100,100,100
round_queries,100,300,1100,4900,22900,109500,535900,2646700,13365900,67117500
round_k,0,1,5,24,114,547,2679,13233,66829,335587
round_shots,200,100,100,100,100,100,100,100,100,100
round_queries,200,300,1100,4500,21900,104700,525100,2608700,13176300,66753500
round_k,0,1,5,22,109,523,2625,13043,65881,333767
round_shots,100,100,100,100,100,100,100,100,100,100
round_queries,100,300,700,2500,11700,54700,275100,1389700,6937100,35166100
round_k,0,1,3,12,58,273,1375,6948,34685,175830
round_shots,200,100,100,100,100,100,100,100,100,100
round_queries,200,300,1100,4500,20900,101500,496100,2427300,12141100,61617700
round_k,0,1,5,22,104,507,2480,12136,60705,308088
round_shots,200,100,100,100,100,100,100,100,100,100
round_queries,200,300,1100,3100,14500,69100,327500,1624700,8201900,41602700
round_k,0,1,5,15,72,345,1637,8123,41009,208013
round_shots,100,100,100,100,100,100,100,100,100
round_queries,100,300,1100,5100,22900,109700,542900,2736300,13669900
round_k,0,1,5,25,114,548,2714,13681,68349
round_shots,100,100,100,100,100,100,100,100,100
round_queries,100,300,1100,5500,25900,126300,630100,3169300,15991700
round_k,0,1,5,27,129,631,3150,15846,79958
round_shots,100,100,100,100,100,100,100,100,100,100
round_queries,100,300,1100,4100,19500,95700,472300,2380300,12061100,60573900
round_k,0,1,5,20,97,478,2361,11901,60305,302869
round_shots,200,100,100,100,100,100,100,100,100,100
round_queries,200,300,1100,4500,21500,103300,495500,2353100,11663100,58940500
round_k,0,1,5,22,107,516,2477,11765,58315,294702
round_shots,200,100,100,100,100,100,100,100,100,100
round_queries,200,300,1100,4100,19700,95300,477300,2410500,12148900,61084300
round_k,0,1,5,20,98,476,2386,12052,60744,305421
round_shots,200,100,100,100,100,100,100,100,100,100
round_queries,200,300,1100,4100,17900,85300,422500,2121300,10611500,53593100
round_k,0,1,5,20,89,426,2112,10606,53057,267965
round_shots,100,100,100,100,100,100,100,100,100,100
round_queries,100,300,1100,5500,25300,120100,598500,3004500,15155700,76689300
round_k,0,1,5,27,126,600,2992,15022,75778,383446
round_shots,300,100,100,100,100,100,100,100,100,100
round_queries,300,300,700,3300,14100,65900,329300,1652700,8347300,42375100
round_k,0,1,3,16,70,329,1646,8263,41736,211875
round_shots,100,100,100,100,100,100,100,100,100
round_queries,100,500,1500,6700,30700,153100,748500,3731300,18908900
round_k,0,2,7,33,153,765,3742,18656,94544
round_shots,100,100,100,100,100,100,100,100,100
round_queries,100,500,2300,11100,52700,263700,1274300,6457500,32637500
round_k,0,2,11,55,263,1318,6371,32287,163187
round_shots,200,100,100,100,100,100,100,100,100,100
round_queries,200,300,1100,4100,18900,88100,436300,2196100,11137700,56114900
round_k,0,1,5,20,94,440,2181,10980,55688,280574
round_shots,100,100,100,100,100,100,100,100,100,100
round_queries,100,300,700,3300,14300,66900,334500,1675100,8465100,42700500
round_k,0,1,3,16,71,334,1672,8375,42325,213502
round_shots,200,100,100,100,100,100,100,100,100,100
round_queries,200,300,1100,3700,17700,86300,420100,2098100,10594700,53428900
round_k,0,1,5,18,88,431,2100,10490,52973,267144
round_shots,100,100,100,100,100,100,100,100,100,100
round_queries,100,300,1100,3700,17500,86700,434100,2178900,10951300,55302500
round_k,0,1,5,18,87,433,2170,10894,54756,276512
round_shots,200,100,100,100,100,100,100,100,100,100
round_queries,200,300,700,1900,8500,39100,190500,944500,4758700,23953100
round_k,0,1,3,9,42,195,952,4722,23793,119765
round_shots,100,100,100,100,100,100,100,100,100
round_queries,100,300,1500,7100,34500,172100,859900,4312900,21819900
round_k,0,1,7,35,172,860,4299,21564,109099
round_shots,100,100,100,100,100,100,100,100,100,100
round_queries,100,300,700,2900,12900,62900,310900,1553300,7785100,39114500
round_k,0,1,3,14,64,314,1554,7766,38925,195572
round_shots,100,100,100,100,100,100,100,100,100,100
round_queries,100,300,1100,4700,22700,108500,536300,2710100,13690500,69231700
round_k,0,1,5,23,113,542,2681,13550,68452,346158
round_shots,200,100,100,100,100,100,100,100,100,100
round_queries,200,300,900,4500,19300,95500,473500,2372100,11994700,60848100
round_k,0,1,4,22,96,477,2367,11860,59973,304240
round_shots,100,100,100,100,100,100,100,100,100,100
round_queries,100,300,700,3300,14100,69300,341100,1700500,8546100,43324300
round_k,0,1,3,16,70,346,1705,8502,42730,216621
round_shots,100,100,100,100,100,100,100,100,100,100
round_queries,100,300,1100,4900,21900,107100,533100,2674100,13526100,68564700
round_k,0,1,5,24,109,535,2665,13370,67630,342823
round_shots,200,100,100,100,100,100,100,100,100,100
round_queries,200,500,1500,4900,22700,107700,536700,2694100,13617700,68813100
round_k,0,2,7,24,113,538,2683,13470,68088,344065
round_shots,100,100,100,100,100,100,100,100,100,100
round_queries,100,300,1100,4900,23300,111100,550700,2753700,13898700,70458100
round_k,0,1,5,24,116,555,2753,13768,69493,352290
round_shots,300,100,100,100,100,100,100,100,100
round_queries,300,500,1900,8900,42500,205500,1033700,5200100,26374100
round_k,0,2,9,44,212,1027,5168,26000,131870
round_shots,100,100,100,100,100,100,100,100,100,100
round_queries,100,300,1100,3700,16500,80700,406700,2042700,10328700,52373300
round_k,0,1,5,18,82,403,2033,10213,51643,261866
round_shots,100,100,100,100,100,100,100,100,100
round_queries,100,300,1500,6300,29300,139100,698900,3475100,17555100
round_k,0,1,7,31,146,695,3494,17375,87775
round_shots,100,100,100,100,100,100,100,100,100,100
round_queries,100,300,1100,3500,15900,75300,381300,1917500,9635900,48840500
round_k,0,1,5,17,79,376,1906,9587,48179,244202
round_shots,100,100,100,100,100,100,100,100,100,100
round_queries,100,300,1100,4100,18300,91500,452900,2285100,11569300,58726700
round_k,0,1,5,20,91,457,2264,11425,57846,293633
round_shots,100,100,100,100,100,100,100,100,100,100
round_queries,100,300,1100,3700,17500,86500,430900,2145500,10816700,54558300
round_k,0,1,5,18,87,432,2154,10727,54083,272791
round_shots,200,100,100,100,100,100,100,100,100,100
round_queries,200,300,700,2300,8900,40700,200300,1002700,5086300,25606500
round_k,0,1,3,11,44,203,1001,5013,25431,128032
round_shots,100,100,100,100,100,100,100,100,100,100
round_queries,100,300,1100,4500,22100,107500,538500,2695500,13612900,68849500
round_k,0,1,5,22,110,537,2692,13477,68064,344247
round_shots,200,100,100,100,100,100,100,100,100,100
round_queries,200,300,1100,4500,20300,97700,481100,2380700,11999500,60451500
round_k,0,1,5,22,101,488,2405,11903,59997,302257
round_shots,100,100,100,100,100,100,100,100,100,100
round_queries,100,300,1100,4900,22700,107900,545300,2888900,14385300,72629900
round_k,0,1,5,24,113,539,2726,14444,71926,363149
round_shots,200,100,100,100,100,100,100,100,100,100
round_queries,200,300,1100,5100,23500,107500,526900,2643700,13277900,66912700
round_k,0,1,5,25,117,537,2634,13218,66389,334563
round_shots,200,100,100,100,100,100,100,100,100
round_queries,200,300,1500,6900,31100,151700,755100,3824900,19377300
round_k,0,1,7,34,155,758,3775,19124,96886
round_shots,200,100,100,100,100,100,100,100,100
round_queries,200,300,1100,5100,25700,127100,637500,3220500,16146300
round_k,0,1,5,25,128,635,3187,16102,80731
round_shots,100,100,100,100,100,100,100,100,100,100
round_queries,100,300,1100,4900,24300,114900,571700,2883300,14478900,73263700
round_k,0,1,5,24,121,574,2858,14416,72394,366318
round_shots,200,100,100,100,100,100,100,100,100,100
round_queries,200,300,1500,5900,27500,127700,594300,2972900,14963700,75384900
round_k,0,1,7,29,137,638,2971,14864,74818,376924
round_shots,100,100,100,100,100,100,100,100,100
round_queries,100,300,1500,6700,32300,152700,770700,3868700,19581300
round_k,0,1,7,33,161,763,3853,19343,97906
round_shots,200,100,100,100,100,100,100,100,100
round_queries,200,300,1500,7100,31900,158900,801100,4005900,20262700
round_k,0,1,7,35,159,794,4005,20029,101313
round_shots,200,100,100,100,100,100,100,100,100
round_queries,200,300,1500,6700,33500,168100,834300,4188900,21108100
round_k,0,1,7,33,167,840,4171,20944,105540
round_shots,100,100,100,100,100,100,100,100,100,100
round_queries,100,300,700,3500,16300,79300,391900,1976700,9981900,50382700
round_k,0,1,3,17,81,396,1959,9883,49909,251913
round_shots,100,100,100,100,100,100,100,100,100,100
round_queries,100,300,1100,4900,22900,112900,563300,2826300,14267100,72392300
round_k,0,1,5,24,114,564,2816,14131,71335,361961
round_shots,100,100,100,100,100,100,100,100,100,100
round_queries,100,300,1100,4100,18500,88500,436300,2184900,11071100,55997500
round_k,0,1,5,20,92,442,2181,10924,55355,279987
round_shots,100,100,100,100,100,100,100,100,100,100
round_queries,100,300,1100,4700,22300,109100,523500,2638900,13223300,66899500
round_k,0,1,5,23,111,545,2617,13194,66116,334497
round_shots,200,100,100,100,100,100,100,100,100
round_queries,200,500,1500,6100,30500,148900,746100,3615100,18207700
round_k,0,2,7,30,152,744,3730,18075,91038
round_shots,200,100,100,100,100,100,100,100,100,100
round_queries,200,300,1500,5500,25100,121500,605900,3067900,15510900,77767100
round_k,0,1,7,27,125,607,3029,15339,77554,388835
round_shots,200,100,100,100,100,100,100,100,100
round_queries,200,300,1500,5700,25900,121700,607100,3057500,15472500
round_k,0,1,7,28,129,608,3035,15287,77362
round_shots,100,100,100,100,100,100,100,100,100,100
round_queries,100,300,700,2900,12700,61900,310100,1550500,7811500,39562900
round_k,0,1,3,14,63,309,1550,7752,39057,197814
round_shots,200,100,100,100,100,100,100,100,100,100
round_queries,200,300,1100,5100,22700,109100,546900,2733100,13685700,68768100
round_k,0,1,5,25,113,545,2734,13665,68428,343840
round_shots,100,100,100,100,100,100,100,100,100,100
round_queries,100,300,1100,4500,19900,94300,469500,2349500,11840700,60049900
round_k,0,1,5,22,99,471,2347,11747,59203,300249
round_shots,200,100,100,100,100,100,100,100,100,100
round_queries,200,300,700,3300,15700,71700,348100,1750100,8695300,43841500
round_k,0,1,3,16,78,358,1740,8750,43476,219207
round_shots,300,100,100,100,100,100,100,100,100,100
round_queries,300,300,1100,4900,23900,118300,590500,2984100,15093300,76226700
round_k,0,1,5,24,119,591,2952,14920,75466,381133
round_shots,100,100,100,100,100,100,100,100,100,100
round_queries,100,300,1100,4100,20100,100500,500300,2508900,12707300,64223900
round_k,0,1,5,20,100,502,2501,12544,63536,321119
round_shots,200,100,100,100,100,100,100,100,100,100
round_queries,200,300,1100,3100,13300,66500,327300,1638900,8314700,41988300
round_k,0,1,5,15,66,332,1636,8194,41573,209941
round_shots,200,100,100,100,100,100,100,100,100,100
round_queries,200,300,1100,4500,22100,108300,540100,2733300,13829700,70128500
round_k,0,1,5,22,110,541,2700,13666,69148,350642
round_shots,100,100,100,100,100,100,100,100,100,100
round_queries,100,300,1100,4500,22100,106500,534900,2692300,13614100,69437100
round_k,0,1,5,22,110,532,2674,13461,68070,347185
round_shots,100,100,100,100,100,100,100,100,100,100
round_queries,100,300,1100,4100,18900,93700,461500,2304100,11589100,58317300
round_k,0,1,5,20,94,468,2307,11520,57945,291586
round_shots,100,100,100,100,100,100,100,100,100,100
round_queries,100,300,1100,4100,18500,88900,435900,2176100,10955700,55514300
round_k,0,1,5,20,92,444,2179,10880,54778,277571
round_shots,100,100,100,100,100,100,100,100,100,100
round_queries,100,300,1100,4500,21100,104700,523500,2637500,13348100,67645900
round_k,0,1,5,22,105,523,2617,13187,66740,338229
round_shots,100,100,100,100,100,100,100,100,100,100
round_queries,100,300,1100,4100,19100,94100,463500,2309300,11591900,58815900
round_k,0,1,5,20,95,470,2317,11546,57959,294079
round_shots,200,100,100,100,100,100,100,100,100,100
round_queries,200,300,700,1900,8100,37300,178900,895700,4525900,22893100
round_k,0,1,3,9,40,186,894,4478,22629,114465
round_shots,100,100,100,100,100,100,100,100,100
round_queries,100,300,1500,5300,25100,123900,621500,3128500,15659300
round_k,0,1,7,26,125,619,3107,15642,78296
round_shots,200,100,100,100,100,100,100,100,100,100
round_queries,200,300,1100,4100,18300,89500,442300,2223100,11289900,57187100
round_k,0,1,5,20,91,447,2211,11115,56449,285935
round_shots,200,100,100,100,100,100,100,100,100,100
round_queries,200,300,1100,3100,14500,70900,367900,1841100,9265500,46578700
round_k,0,1,5,15,72,354,1839,9205,46327,232893
round_shots,200,100,100,100,100,100,100,100,100,100
round_queries,200,300,1100,4100,18300,88300,439900,2192300,10983300,55371700
round_k,0,1,5,20,91,441,2199,10961,54916,276858
round_shots,200,100,100,100,100,100,100,100,100
round_queries,200,700,3300,15900,74100,363100,1827700,9123100,46249700
round_k,0,3,16,79,370,1815,9138,45615,231248
round_shots,100,100,100,100,100,100,100,100,100,100
round_queries,100,300,700,2300,11300,56300,281500,1413100,7116900,36100100
round_k,0,1,3,11,56,281,1407,7065,35584,180500
round_shots,100,100,100,100,100,100,100,100,100,100
round_queries,100,300,700,1900,8500,38700,190500,952300,4812100,24398900
round_k,0,1,3,9,42,193,952,4761,24060,121994
round_shots,100,100,100,100,100,100,100,100,100,100
round_queries,100,300,1100,4900,20900,102900,515300,2581700,13101700,66459500
round_k,0,1,5,24,104,514,2576,12908,65508,332297
round_shots,100,100,100,100,100,100,100,100,100,100
round_queries,100,300,700,1900,7300,36500,181900,957300,4822300,24269100
round_k,0,1,3,9,36,182,909,4786,24111,121345
round_shots,200,100,100,100,100,100,100,100,100
round_queries,200,300,1500,7100,31700,158100,796500,3996100,20174300
round_k,0,1,7,35,158,790,3982,19980,100871
round_shots,100,100,100,100,100,100,100,100,100,100
round_queries,100,300,1100,4500,20700,100900,504500,2556900,12883500,65309300
round_k,0,1,5,22,103,504,2522,12784,64417,326546
round_shots,200,100,100,100,100,100,100,100,100,100
round_queries,200,300,1100,4700,22100,100900,504900,2479500,12557100,63057900
round_k,0,1,5,23,110,504,2524,12397,62785,315289
round_shots,200,100,100,100,100,100,100,100,100,100
round_queries,200,300,1100,3700,15700,76900,376900,1870700,9455100,47946900
round_k,0,1,5,18,78,384,1884,9353,47275,239734
round_shots,100,100,100,100,100,100,100,100,100,100
round_queries,100,300,700,2900,12500,56500,280900,1421700,7152100,36061500
round_k,0,1,3,14,62,282,1404,7108,35760,180307
round_shots,100,100,100,100,100,100,100,100,100,100
round_queries,100,300,1100,3700,17700,85700,415900,2111300,10661100,53979100
round_k,0,1,5,18,88,428,2079,10556,53305,269895
round_shots,200,100,100,100,100,100,100,100,100,100
round_queries,200,300,700,1900,7900,35700,175100,867500,4381300,22056300
round_k,0,1,3,9,39,178,875,4337,21906,110281
round_shots,100,100,100,100,100,100,100,100,100,100
round_queries,100,300,1100,5300,24500,116700,570500,2849300,14448100,73205100
round_k,0,1,5,26,122,583,2852,14246,72240,366025
round_shots,200,100,100,100,100,100,100,100,100,100
round_queries,200,300,1500,5700,25500,120900,595100,2992700,15177700,76938700
round_k,0,1,7,28,127,604,2975,14963,75888,384693
round_shots,200,100,100,100,100,100,100,100,100,100
round_queries,200,300,1100,4700,20300,99900,493900,2440500,12339100,61701700
round_k,0,1,5,23,101,499,2469,12202,61695,308508
round_shots,100,100,100,100,100,100,100,100,100,100
round_queries,100,300,700,2300,11100,54300,269700,1359700,6849300,34643100
round_k,0,1,3,11,55,271,1348,6798,34246,173215
round_shots,200,100,100,100,100,100,100,100,100,100
round_queries,200,300,700,2700,12300,60300,297100,1466500,7397700,37379700
round_k,0,1,3,13,61,301,1485,7332,36988,186898
round_shots,100,100,100,100,100,100,100,100,100,100
round_queries,100,300,700,1900,7700,35700,173100,863900,4344900,22061500
round_k,0,1,3,9,38,178,865,4319,21724,110307
round_shots,300,100,100,100,100,100,100,100,100
round_queries,300,500,1900,8100,36900,185700,931500,4685700,23675900
round_k,0,2,9,40,184,928,4657,23428,118379
round_shots,100,100,100,100,100,100,100,100,100,100
round_queries,100,300,700,2100,10100,48500,244700,1216700,6146100,30822700
round_k,0,1,3,10,50,242,1223,6083,30730,154113
round_shots,100,100,100,100,100,100,100,100,100,100
round_queries,100,300,1100,4700,20500,93500,457900,2314700,11723500,59504900
round_k,0,1,5,23,102,467,2289,11573,58617,297524
round_shots,100,100,100,100,100,100,100,100,100,100
round_queries,100,300,700,2500,11300,53900,270100,1351300,6803900,34497300
round_k,0,1,3,12,56,269,1350,6756,34019,172486
round_shots,100,100,100,100,100,100,100,100,100,100
round_queries,100,300,1100,4100,18500,88900,441100,2213300,11141500,56059100
round_k,0,1,5,20,92,444,2205,11066,55707,280295
round_shots,200,100,100,100,100,100,100,100,100,100
round_queries,200,300,1100,3700,17300,82300,410500,2052500,10413100,52640900
round_k,0,1,5,18,86,411,2052,10262,52065,263204
round_shots,100,100,100,100,100,100,100,100,100,100
round_queries,100,300,700,1900,8500,39300,188300,938900,4698100,23637900
round_k,0,1,3,9,42,196,941,4694,23490,118189
round_shots,200,100,100,100,100,100,100,100,100
round_queries,200,500,2300,10100,49700,250500,1263100,6333700,31809700
round_k,0,2,11,50,248,1252,6315,31668,159048
round_shots,200,100,100,100,100,100,100,100,100,100
round_queries,200,300,1100,4700,21500,108500,541500,2713900,13723700,69589300
round_k,0,1,5,23,107,542,2707,13569,68618,347946
round_shots,300,100,100,100,100,100,100,100,100,100
round_queries,300,300,1100,4100,17700,88500,447500,2249300,11370500,57739300
round_k,0,1,5,20,88,442,2237,11246,56852,288696
round_shots,200,100,100,100,100,100,100,100,100,100
round_queries,200,300,1100,4500,21100,99700,500100,2515700,12657500,64113100
round_k,0,1,5,22,105,498,2500,12578,63287,320565
round_shots,100,100,100,100,100,100,100,100,100,100
round_queries,100,300,700,1900,8900,42300,205500,1040700,5232900,26393700
round_k,0,1,3,9,44,211,1027,5203,26164,131968
round_shots,100,100,100,100,100,100,100,100,100,100
round_queries,100,300,1100,3700,15900,72700,356500,1803900,9070100,45823700
round_k,0,1,5,18,79,363,1782,9019,45350,229118
round_shots,100,100,100,100,100,100,100,100,100,100
round_queries,100,300,1100,3700,15700,78100,384100,1929300,9735500,49350500
round_k,0,1,5,18,78,390,1920,9646,48677,246752
round_shots,200,100,100,100,100,100,100,100,100
round_queries,200,500,1900,8700,41700,209100,1041900,5251700,26485500
round_k,0,2,9,43,208,1045,5209,26258,132427
round_shots,200,100,100,100,100,100,100,100,100,100
round_queries,200,300,1500,5700,25700,121900,604900,3021500,15342300,77739700
round_k,0,1,7,28,128,609,3024,15107,76711,388698
round_shots,100,100,100,100,100,100,100,100,100,100
round_queries,100,300,700,1900,8100,36700,177900,875500,4335700,21817500
round_k,0,1,3,9,40,183,889,4377,21678,109087
round_shots,200,100,100,100,100,100,100,100,100,100
round_queries,200,300,1100,3700,17900,87700,433300,2172900,10989100,55683500
round_k,0,1,5,18,89,438,2166,10864,54945,278417
round_shots,200,100,100,100,100,100,100,100,100,100
round_queries,200,300,1100,3700,16300,76500,384300,1918100,9717900,49276900
round_k,0,1,5,18,81,382,1921,9590,48589,246384
round_shots,100,100,100,100,100,100,100,100,100,100
round_queries,100,300,1100,5100,23300,115500,566500,2857300,14330100,72152900
round_k,0,1,5,25,116,577,2832,14286,71650,360764
round_shots,100,100,100,100,100,100,100,100,100,100
round_queries,100,300,700,3300,15100,75500,368700,1852700,9362500,47236500
round_k,0,1,3,16,75,377,1843,9263,46812,236182
round_shots,100,100,100,100,100,100,100,100,100,100
round_queries,100,300,700,2700,10300,49300,243300,1197500,6027900,30484900
round_k,0,1,3,13,51,246,1216,5987,30139,152424
round_shots,100,100,100,100,100,100,100,100,100,100
round_queries,100,300,1100,4300,19500,96700,483300,2426100,12266900,61912700
round_k,0,1,5,21,97,483,2416,12130,61334,309563
round_shots,100,100,100,100,100,100,100,100,100
round_queries,100,300,1500,5700,25300,125300,616100,3070300,15498900
round_k,0,1,7,28,126,626,3080,15351,77494
round_shots,100,100,100,100,100,100,100,100,100,100
round_queries,100,300,1100,4700,21300,105900,517700,2621700,13137300,66345700
round_k,0,1,5,23,106,529,2588,13108,65686,331728
round_shots,100,100,100,100,100,100,100,100,100,100
round_queries,100,300,1100,4700,22300,108100,543100,2709500,13695100,69437300
round_k,0,1,5,23,111,540,2715,13547,68475,347186
round_shots,100,100,100,100,100,100,100,100,100,100
round_queries,100,300,1100,4500,20700,98700,493100,2479900,12517500,63428300
round_k,0,1,5,22,103,493,2465,12399,62587,317141
round_shots,100,100,100,100,100,100,100,100,100,100
round_queries,100,300,1100,4100,17500,85500,427700,2163500,10960500,55481100
round_k,0,1,5,20,87,427,2138,10817,54802,277405
round_shots,200,100,100,100,100,100,100,100,100,100
round_queries,200,300,700,2900,13300,65500,329300,1599700,8017100,40476700
round_k,0,1,3,14,66,327,1646,7998,40085,202383
round_shots,200,100,100,100,100,100,100,100,100,100
round_queries,200,300,700,2700,11500,52700,262900,1253100,6235900,31648700
round_k,0,1,3,13,57,263,1314,6265,31179,158243
round_shots,200,100,100,100,100,100,100,100,100,100
round_queries,200,300,1100,4100,18100,83500,406700,2023900,10128300,51048500
round_k,0,1,5,20,90,417,2033,10119,50641,255242
round_shots,200,100,100,100,100,100,100,100,100,100
round_queries,200,300,1100,4100,17700,85900,428300,2151500,10757300,54471900
round_k,0,1,5,20,88,429,2141,10757,53786,272359
round_shots,200,100,100,100,100,100,100,100,100,100
round_queries,200,300,1100,3700,18100,86300,421300,2136500,13003300,69173900
round_k,0,1,5,18,90,431,2106,10682,65016,345869
round_shots,100,100,100,100,100,100,100,100,100,100
round_queries,100,300,1100,4100,18900,91300,455700,2275300,11497300,58347900
round_k,0,1,5,20,94,456,2278,11376,57486,291739
round_shots,200,100,100,100,100,100,100,100,100,100
round_queries,200,300,1100,3700,16900,84500,417500,2111700,10678500,54102900
round_k,0,1,5,18,84,422,2087,10558,53392,270514
round_shots,100,100,100,100,100,100,100,100,100,100
round_queries,100,300,700,2700,12700,59500,293500,1482300,7487100,37809700
round_k,0,1,3,13,63,297,1467,7411,37435,189048
round_shots,100,100,100,100,100,100,100,100,100,100
round_queries,100,300,1100,4700,22700,107700,532300,2668700,13397900,67654100
round_k,0,1,5,23,113,538,2661,13343,66989,338270
round_shots,200,100,100,100,100,100,100,100,100,100
round_queries,200,300,1100,4500,21100,102500,509300,2554700,12966900,65296900
round_k,0,1,5,22,105,512,2546,12773,64834,326484
round_shots,200,100,100,100,100,100,100,100,100,100
round_queries,200,300,1100,4500,22500,108500,548100,2722300,13771300,69265500
round_k,0,1,5,22,112,542,2740,13611,68856,346327
round_shots,100,100,100,100,100,100,100,100,100,100
round_queries,100,300,1100,4700,20900,104500,528700,2655100,13418700,68001700
round_k,0,1,5,23,104,522,2643,13275,67093,340008
round_shots,300,100,100,100,100,100,100,100,100,100
round_queries,300,300,700,2700,11900,59500,289100,1437300,7269300,36714300
round_k,0,1,3,13,59,297,1445,7186,36346,183571
round_shots,100,100,100,100,100,100,100,100,100,100
round_queries,100,300,1100,3700,17300,86100,430900,2158700,10919900,54891500
round_k,0,1,5,18,86,430,2154,10793,54599,274457
round_shots,100,100,100,100,100,100,100,100,100,100
round_queries,100,300,1100,4700,20100,95500,459700,2308700,11666700,58793500
round_k,0,1,5,23,100,477,2298,11543,58333,293967
round_shots,200,100,100,100,100,100,100,100,100,100
round_queries,200,300,1100,4500,19900,91500,461900,2312100,11714900,59421100
round_k,0,1,5,22,99,457,2309,11560,58574,297105
round_shots,200,100,100,100,100,100,100,100,100,100
round_queries,200,300,1100,4100,18500,86900,419900,2120100,10712300,54340300
round_k,0,1,5,20,92,434,2099,10600,53561,271701
round_shots,200,100,100,100,100,100,100,100,100,100
round_queries,200,300,1100,4700,21500,107500,537900,2701900,13648100,69296900
round_k,0,1,5,23,107,537,2689,13509,68240,346484
round_shots,100,100,100,100,100,100,100,100,100
round_queries,100,300,1500,6300,29100,141700,700700,3538700,17771900
round_k,0,1,7,31,145,708,3503,17693,88859
round_shots,100,100,100,100,100,100,100,100,100,100
round_queries,100,300,700,2700,12100,57300,280900,1405500,7103300,35714300
round_k,0,1,3,13,60,286,1404,7027,35516,178571
round_shots,200,100,100,100,100,100,100,100,100,100
round_queries,200,300,1100,5100,21700,109700,539900,2692100,13623100,69033500
round_k,0,1,5,25,108,548,2699,13460,68115,345167
round_shots,100,100,100,100,100,100,100,100,100,100
round_queries,100,300,700,1900,8700,42500,214100,1061700,5312100,26758900
round_k,0,1,3,9,43,212,1070,5308,26560,133794
round_shots,100,100,100,100,100,100,100,100,100,100
round_queries,100,300,700,2900,13500,64300,320700,1611900,8138100,41243700
round_k,0,1,3,14,67,321,1603,8059,40690,206218
round_shots,100,100,100,100,100,100,100,100,100,100
round_queries,100,300,1100,4700,22100,109900,555300,2782300,14125300,71611900
round_k,0,1,5,23,110,549,2776,13911,70626,358059
round_shots,100,100,100,100,100,100,100,100,100,100
round_queries,100,300,1100,4500,19900,94700,465900,2357100,11892900,60290500
round_k,0,1,5,22,99,473,2329,11785,59464,301452
round_shots,200,100,100,100,100,100,100,100,100,100
round_queries,200,300,1100,4900,23900,119900,595100,2984100,14924300,75733300
round_k,0,1,5,24,119,599,2975,14920,74621,378666
round_shots,100,100,100,100,100,100,100,100,100
round_queries,100,300,1100,5500,27700,138100,696700,3530500,17802900
round_k,0,1,5,27,138,690,3483,17652,89014
round_shots,200,100,100,100,100,100,100,100,100,100
round_queries,200,300,1100,3700,17100,82100,406300,2028300,10207100,61998700
round_k,0,1,5,18,85,410,2031,10141,51035,309993
round_shots,200,100,100,100,100,100,100,100,100,100
round_queries,200,300,1500,4900,22700,111300,572100,2879900,14505500,73634300
round_k,0,1,7,24,113,556,2860,14399,72527,368171
round_shots,100,100,100,100,100,100,100,100,100
round_queries,100,300,1500,5900,27700,133300,667100,3397900,17143700
round_k,0,1,7,29,138,666,3335,16989,85718
round_shots,100,100,100,100,100,100,100,100,100
round_queries,100,300,1500,5900,28100,137700,680900,3401100,17089500
round_k,0,1,7,29,140,688,3404,17005,85447
round_shots,100,100,100,100,100,100,100,100,100,100
round_queries,100,300,700,1900,8100,40500,197100,981900,4970700,25205900
round_k,0,1,3,9,40,202,985,4909,24853,126029
round_shots,100,100,100,100,100,100,100,100,100,100
round_queries,100,300,1100,5100,23900,113300,555500,2781300,13960500,70815500
round_k,0,1,5,25,119,566,2777,13906,69802,354077
round_shots,200,100,100,100,100,100,100,100,100,100
round_queries,200,300,700,2300,10500,51100,248700,1243500,6284700,31795300
round_k,0,1,3,11,52,255,1243,6217,31423,158976
round_shots,100,100,100,100,100,100,100,100,100,100
round_queries,100,300,1100,4900,24300,118900,579900,2868900,14481500,73397900
round_k,0,1,5,24,121,594,2899,14344,72407,366989
round_shots,100,100,100,100,100,100,100,100,100
round_queries,100,300,1500,6700,31500,157500,780500,3908100,19668300
round_k,0,1,7,33,157,787,3902,19540,98341
round_shots,200,100,100,100,100,100,100,100,100,100
round_queries,200,300,1100,4900,22100,107700,532100,2684300,13632100,69034500
round_k,0,1,5,24,110,538,2660,13421,68160,345172
round_shots,300,100,100,100,100,100,100,100,100,100
round_queries,300,300,1100,4900,23700,116900,584500,2931300,14821100,74713700
round_k,0,1,5,24,118,584,2922,14656,74105,373568
round_shots,100,100,100,100,100,100,100,100,100
round_queries,100,300,1500,7100,34900,169700,836700,4186300,21081900
round_k,0,1,7,35,174,848,4183,20931,105409
round_shots,100,100,100,100,100,100,100,100,100,100
round_queries,100,300,700,2300,11100,53500,268300,1351300,6820900,34639900
round_k,0,1,3,11,55,267,1341,6756,34104,173199
round_shots,100,100,100,100,100,100,100,100,100,100
round_queries,100,300,1100,4900,22500,106700,531100,2642300,13329500,67590900
round_k,0,1,5,24,112,533,2655,13211,66647,337954
round_shots,200,100,100,100,100,100,100,100,100,100
round_queries,200,300,1100,4500,21100,100500,490100,2463500,12467700,63082100
round_k,0,1,5,22,105,502,2450,12317,62338,315410
round_shots,100,100,100,100,100,100,100,100,100,100
round_queries,100,300,700,2300,9100,44700,221900,1120300,5633100,28429500
round_k,0,1,3,11,45,223,1109,5601,28165,142147
round_shots,200,100,100,100,100,100,100,100,100,100
round_queries,200,300,700,2900,12500,59100,293100,1466500,7419300,37436100
round_k,0,1,3,14,62,295,1465,7332,37096,187180
round_shots,100,100,100,100,100,100,100,100,100
round_queries,100,300,1500,5900,28500,142500,715900,3582500,18022300
round_k,0,1,7,29,142,712,3579,17912,90111
round_shots,100,100,100,100,100,100,100,100,100,100
round_queries,100,300,1100,4300,19300,92300,464500,2774100,13895300,70552300
round_k,0,1,5,21,96,461,2322,13870,69476,352761
round_shots,200,100,100,100,100,100,100,100,100,100
round_queries,200,300,1100,3700,16900,79300,392500,1963100,9853300,49908100
round_k,0,1,5,18,84,396,1962,9815,49266,249540
round_shots,100,100,100,100,100,100,100,100,100,100
round_queries,100,300,1100,3700,17700,83900,418900,2110100,10602500,53270300
round_k,0,1,5,18,88,419,2094,10550,53012,266351
round_shots,100,100,100,100,100,100,100,100,100,100
round_queries,100,300,1100,4500,19700,96700,472100,2365900,11948900,60315500
round_k,0,1,5,22,98,483,2360,11829,59744,301577
round_shots,100,100,100,100,100,100,100,100,100
round_queries,100,300,1100,5100,24900,123700,615100,3135100,15903700
round_k,0,1,5,25,124,618,3075,15675,79518
round_shots,100,100,100,100,100,100,100,100,100
round_queries,100,300,1500,5900,27500,136900,675300,3381300,16883700
round_k,0,1,7,29,137,684,3376,16906,84418
round_shots,100,100,100,100,100,100,100,100,100,100
round_queries,100,300,1100,4900,21100,99700,491900,2481100,12578500,63357900
round_k,0,1,5,24,105,498,2459,12405,62892,316789
round_shots,200,100,100,100,100,100,100,100,100,100
round_queries,200,300,1100,4700,22500,110700,551500,2782300,14092700,71117500
round_k,0,1,5,23,112,553,2757,13911,70463,355587
round_shots,100,100,100,100,100,100,100,100,100,100
round_queries,100,300,700,1900,7500,33900,165100,817500,4116500,20803700
round_k,0,1,3,9,37,169,825,4087,20582,104018
round_shots,100,100,100,100,100,100,100,100,100,100
round_queries,100,300,700,2500,10500,51100,254900,1284900,6507900,32938500
round_k,0,1,3,12,52,255,1274,6424,32539,164692
round_shots,100,100,100,100,100,100,100,100,100,100
round_queries,100,300,700,2300,10500,49900,248700,1259900,6372300,32276500
round_k,0,1,3,11,52,249,1243,6299,31861,161382
round_shots,100,100,100,100,100,100,100,100,100,100
round_queries,100,300,1100,4700,21500,104700,529100,2629700,13312300,67586100
round_k,0,1,5,23,107,523,2645,13148,66561,337930
round_shots,200,100,100,100,100,100,100,100,100
round_queries,200,500,2300,10500,51900,254900,1268500,6408500,32471500
round_k,0,2,11,52,259,1274,6342,32042,162357
round_shots,200,100,100,100,100,100,100,100,100,100
round_queries,200,300,1100,3500,15700,75100,391900,1970300,9938500,50247700
round_k,0,1,5,17,78,375,1959,9851,49692,251238
round_shots,200,100,100,100,100,100,100,100,100,100
round_queries,200,300,1100,4900,21500,102300,510100,2569900,12962900,65766500
round_k,0,1,5,24,107,511,2550,12849,64814,328832
round_shots,200,100,100,100,100,100,100,100,100
round_queries,200,700,2300,9900,48700,240500,1200900,6055300,30670900
round_k,0,3,11,49,243,1202,6004,30276,153354
round_shots,100,100,100,100,100,100,100,100,100,100
round_queries,100,300,1100,4500,19900,98300,483700,2444300,12358900,62574100
round_k,0,1,5,22,99,491,2418,12221,61794,312870
round_shots,100,100,100,100,100,100,100,100,100,100
round_queries,100,300,700,2300,10700,49900,243100,1216700,6065500,30675300
round_k,0,1,3,11,53,249,1215,6083,30327,153376
round_shots,200,100,100,100,100,100,100,100,100
round_queries,200,500,1900,8500,38700,194700,974500,4891500,24762100
round_k,0,2,9,42,193,973,4872,24457,123810
round_shots,200,100,100,100,100,100,100,100,100,100
round_queries,200,300,1100,4500,19900,95900,474300,2387700,12076700,61276300
round_k,0,1,5,22,99,479,2371,11938,60383,306381
round_shots,300,100,100,100,100,100,100,100,100
round_queries,300,500,1500,6900,31500,154700,769500,3833700,19373700
round_k,0,2,7,34,157,773,3847,19168,96868
round_shots,200,100,100,100,100,100,100,100,100,100
round_queries,200,300,1100,3900,17100,80700,397100,1982100,10029900,50683100
round_k,0,1,5,19,85,403,1985,9910,50149,253415
round_shots,200,100,100,100,100,100,100,100,100
round_queries,200,500,1500,6300,30100,147700,734500,3719300,18823700
round_k,0,2,7,31,150,738,3672,18596,94118
round_shots,100,100,100,100,100,100,100,100,100
round_queries,100,300,1500,7100,34700,168700,837500,5083900,25625500
round_k,0,1,7,35,173,843,4187,25419,128127
round_shots,200,100,100,100,100,100,100,100,100
round_queries,200,500,1500,5900,27300,131100,651300,3270500,16527500
round_k,0,2,7,29,136,655,3256,16352,82637
round_shots,100,100,100,100,100,100,100,100,100,100
round_queries,100,300,1100,4100,20100,96300,462300,2304100,11670100,59129700
round_k,0,1,5,20,100,481,2311,11520,58350,295648
round_shots,100,100,100,100,100,100,100,100,100,100
round_queries,100,300,1100,4500,20300,99700,499100,2430700,12328900,62185100
round_k,0,1,5,22,101,498,2495,12153,61644,310925
round_shots,100,100,100,100,100,100,100,100,100,100
round_queries,100,300,700,2300,10500,48100,236300,1186500,5982700,29946100
round_k,0,1,3,11,52,240,1181,5932,29913,149730
round_shots,100,100,100,100,100,100,100,100,100,100
round_queries,100,300,1100,4900,21900,105500,523900,2633100,13340100,67563900
round_k,0,1,5,24,109,527,2619,13165,66700,337819
round_shots,100,100,100,100,100,100,100,100,100,100
round_queries,100,300,1100,4900,21100,97700,481100,2408300,12223300,61887700
round_k,0,1,5,24,105,488,2405,12041,61116,309438
round_shots,200,100,100,100,100,100,100,100,100,100
round_queries,200,300,1100,5100,23700,115100,569900,2851700,14435900,73169100
round_k,0,1,5,25,118,575,2849,14258,72179,365845
round_shots,100,100,100,100,100,100,100,100,100
round_queries,100,300,1500,7500,37300,183700,919700,4624100,23422700
round_k,0,1,7,37,186,918,4598,23120,117113
round_shots,100,100,100,100,100,100,100,100,100,100
round_queries,100,300,1100,5100,23700,112500,565100,2835300,14301100,72509900
round_k,0,1,5,25,118,562,2825,14176,71505,362549
round_shots,200,100,100,100,100,100,100,100,100
round_queries,200,700,1900,8500,40100,199300,981700,4961700,25170900
round_k,0,3,9,42,200,996,4908,24808,125854
round_shots,200,100,100,100,100,100,100,100,100,100
round_queries,200,300,1100,4500,22300,110100,547300,2718700,13677900,69188100
round_k,0,1,5,22,111,550,2736,13593,68389,345940
round_shots,100,100,100,100,100,100,100,100,100
round_queries,100,300,1500,6300,28100,136900,691300,3460100,17538100
round_k,0,1,7,31,140,684,3456,17300,87690
round_shots,200,100,100,100,100,100,100,100,100,100
round_queries,200,300,1100,3100,14900,71700,357700,1785900,9015100,45564100
round_k,0,1,5,15,74,358,1788,8929,45075,227820
round_shots,200,100,100,100,100,100,100,100,100,100
round_queries,200,300,1100,4500,22100,106300,529500,2653300,13436300,67907100
round_k,0,1,5,22,110,531,2647,13266,67181,339535
round_shots,100,100,100,100,100,100,100,100,100,100
round_queries,100,300,1100,4100,18900,90500,447100,2240100,11306100,57420300
round_k,0,1,5,20,94,452,2235,11200,56530,287101
round_shots,100,100,100,100,100,100,100,100,100,100
round_queries,100,300,1100,4100,19700,95300,468100,2352300,11865500,60129300
round_k,0,1,5,20,98,476,2340,11761,59327,300646
round_shots,100,100,100,100,100,100,100,100,100,100
round_queries,100,300,1100,4100,19900,95900,470700,2363700,11976100,60649900
round_k,0,1,5,20,99,479,2353,11818,59880,303249
round_shots,200,100,100,100,100,100,100,100,100
round_queries,200,300,1500,7300,35500,176300,874300,4407100,22316100
round_k,0,1,7,36,177,881,4371,22035,111580
round_shots,100,100,100,100,100,100,100,100,100,100
round_queries,100,300,1100,4100,17500,84900,417900,2114500,10683100,54024100
round_k,0,1,5,20,87,424,2089,10572,53415,270120
round_shots,100,100,100,100,100,100,100,100,100,100
round_queries,100,300,1100,5500,27100,124300,614100,3070700,15464100,78247700
round_k,0,1,5,27,135,621,3070,15353,77320,391238
round_shots,200,100,100,100,100,100,100,100,100
round_queries,200,500,2300,9300,45500,227700,1124100,5660100,28595900
round_k,0,2,11,46,227,1138,5620,28300,142979
round_shots,100,100,100,100,100,100,100,100,100,100
round_queries,100,300,1100,4100,20100,93700,466500,2346300,11754700,59634700
round_k,0,1,5,20,100,468,2332,11731,58773,298173
round_shots,100,100,100,100,100,100,100,100,100,100
round_queries,100,300,1100,3900,18700,88700,522500,2600700,12972700,64786500
round_k,0,1,5,19,93,443,2612,13003,64863,323932
round_shots,100,100,100,100,100,100,100,100,100,100
round_queries,100,300,1500,4900,24100,116300,582100,2882500,14511500,73501300
round_k,0,1,7,24,120,581,2910,14412,72557,367506
round_shots,200,100,100,100,100,100,100,100,100,100
round_queries,200,300,1100,4500,21900,108300,535700,2674500,13526300,68040900
round_k,0,1,5,22,109,541,2678,13372,67631,340204
round_shots,100,100,100,100,100,100,100,100,100,100
round_queries,100,300,1100,4700,21100,102700,509900,2545100,12800500,64721700
round_k,0,1,5,23,105,513,2549,12725,64002,323608
round_shots,200,100,100,100,100,100,100,100,100,100
round_queries,200,300,1100,4500,22500,107500,523900,2615700,12853300,65112500
round_k,0,1,5,22,112,537,2619,13078,64266,325562
round_shots,100,100,100,100,100,100,100,100,100,100
round_queries,100,300,1100,3700,17500,87100,433300,2194300,11095900,56309300
round_k,0,1,5,18,87,435,2166,10971,55479,281546
round_shots,200,100,100,100,100,100,100,100,100,100
round_queries,200,300,1100,5100,25300,119300,582500,2914700,14799700,75083700
round_k,0,1,5,25,126,596,2912,14573,73998,375418
round_shots,100,100,100,100,100,100,100,100,100,100
round_queries,100,300,1100,4700,21300,100900,504100,2541300,12803700,64723500
round_k,0,1,5,23,106,504,2520,12706,64018,323617
round_shots,200,100,100,100,100,100,100,100,100,100
round_queries,200,300,1100,4100,20100,98100,480300,2410900,12162300,61087500
round_k,0,1,5,20,100,490,2401,12054,60811,305437
round_shots,200,100,100,100,100,100,100,100,100,100
round_queries,200,300,700,2700,10300,50100,245100,1228100,6134700,31055500
round_k,0,1,3,13,51,250,1225,6140,30673,155277
round_shots,200,100,100,100,100,100,100,100,100
round_queries,200,300,1500,6700,30500,143300,714900,3600100,18206100
round_k,0,1,7,33,152,716,3574,18000,91030
round_shots,100,100,100,100,100,100,100,100,100,100
round_queries,100,300,1100,4500,21700,103500,509300,2548300,12794700,64512100
round_k,0,1,5,22,108,517,2546,12741,63973,322560
round_shots,300,100,100,100,100,100,100,100,100,100
round_queries,300,300,1100,4300,19900,99700,497300,2504300,12658900,63965500
round_k,0,1,5,21,99,498,2486,12521,63294,319827
round_shots,100,100,100,100,100,100,100,100,100,100
round_queries,100,300,700,2700,10900,52300,253500,1279900,6393300,32360500
round_k,0,1,3,13,54,261,1267,6399,31966,161802
round_shots,200,100,100,100,100,100,100,100,100
round_queries,200,700,3300,14500,66700,336500,1696100,8573500,43386900
round_k,0,3,16,72,333,1682,8480,42867,216934
round_shots,200,100,100,100,100,100,100,100,100
round_queries,200,500,1900,8700,41500,199500,996300,5037700,25505900
round_k,0,2,9,43,207,997,4981,25188,127529
round_shots,100,100,100,100,100,100,100,100,100,100
round_queries,100,300,700,1900,8900,42700,205900,1031700,5218100,26290700
round_k,0,1,3,9,44,213,1029,5158,26090,131453
round_shots,100,100,100,100,100,100,100,100,100,100
round_queries,100,300,700,2900,14500,66700,329900,1656900,8358900,42202300
round_k,0,1,3,14,72,333,1649,8284,41794,211011
round_shots,100,100,100,100,100,100,100,100,100,100
round_queries,100,300,1100,4700,21900,103300,502700,2512900,12705500,64288100
round_k,0,1,5,23,109,516,2513,12564,63527,321440
round_shots,100,100,100,100,100,100,100,100,100,100
round_queries,100,300,700,2900,12100,60900,294700,1478900,7406100,37351500
round_k,0,1,3,14,60,304,1473,7394,37030,186757
round_shots,100,100,100,100,100,100,100,100,100
round_queries,100,300,1500,5900,25900,125900,636300,3191500,16079100
round_k,0,1,7,29,129,629,3181,15957,80395
round_shots,100,100,100,100,100,100,100,100,100,100
round_queries,100,300,1100,3700,17900,87700,433300,2187500,10976900,55354500
round_k,0,1,5,18,89,438,2166,10937,54884,276772
round_shots,100,100,100,100,100,100,100,100,100,100
round_queries,100,300,1100,4700,20100,99500,501700,2523700,12778700,64752100
round_k,0,1,5,23,100,497,2508,12618,63893,323760
round_shots,100,100,100,100,100,100,100,100,100,100
round_queries,100,300,1100,4700,22300,106300,531500,2666700,13510500,68535100
round_k,0,1,5,23,111,531,2657,13333,67552,342675
round_shots,100,100,100,100,100,100,100,100,100,100
round_queries,100,300,700,1900,8500,42500,207300,1031100,5210500,26348300
round_k,0,1,3,9,42,212,1036,5155,26052,131741
round_shots,200,100,100,100,100,100,100,100,100,100
round_queries,200,300,1100,4500,20100,99100,487300,2449300,12251100,61738300
round_k,0,1,5,22,100,495,2436,12246,61255,308691
round_shots,100,100,100,100,100,100,100,100,100,100
round_queries,100,300,700,2700,12100,57500,287300,1453300,7290100,36845500
round_k,0,1,3,13,60,287,1436,7266,36450,184227
round_shots,200,100,100,100,100,100,100,100,100,100
round_queries,200,300,1100,4100,18500,91300,452900,2252500,11390500,57767300
round_k,0,1,5,20,92,456,2264,11262,56952,288836
round_shots,200,100,100,100,100,100,100,100,100,100
round_queries,200,300,1100,4500,21500,103900,509700,2560300,12937900,65561100
round_k,0,1,5,22,107,519,2548,12801,64689,327805
round_shots,200,100,100,100,100,100,100,100,100,100
round_queries,200,300,700,2300,10500,49300,244500,1207700,6115500,30886100
round_k,0,1,3,11,52,246,1222,6038,30577,154430
round_shots,100,100,100,100,100,100,100,100,100
round_queries,100,500,1900,8900,40100,198500,993500,5003700,25332900
round_k,0,2,9,44,200,992,4967,25018,126664
round_shots,100,100,100,100,100,100,100,100,100
round_queries,100,300,1100,5500,27700,135300,683500,3439500,17358300
round_k,0,1,5,27,138,676,3417,17197,86791
round_shots,200,100,100,100,100,100,100,100,100,100
round_queries,200,300,1100,4500,20900,104100,512100,2569100,13006900,65951300
round_k,0,1,5,22,104,520,2560,12845,65034,329756
round_shots,200,100,100,100,100,100,100,100,100,100
round_queries,200,300,1100,4100,19100,93100,463300,2335100,11785100,59568100
round_k,0,1,5,20,95,465,2316,11675,58925,297840
round_shots,200,100,100,100,100,100,100,100,100,100
round_queries,200,300,1100,4100,19100,93700,475700,2381700,12023900,60655300
round_k,0,1,5,20,95,468,2378,11908,60119,303276
round_shots,200,100,100,100,100,100,100,100,100
round_queries,200,300,1500,7100,34100,163900,830100,4177500,21128500
round_k,0,1,7,35,170,819,4150,20887,105642
round_shots,200,100,100,100,100,100,100,100,100
round_queries,200,500,2300,10500,50300,243700,1189500,5996900,30394900
round_k,0,2,11,52,251,1218,5947,29984,151974
round_shots,100,100,100,100,100,100,100,100,100,100
round_queries,100,300,700,1900,9100,43900,220100,1105100,5505100,27821900
round_k,0,1,3,9,45,219,1100,5525,27525,139109
round_shots,100,100,100,100,100,100,100,100,100
round_queries,100,300,1500,7100,34500,170700,854900,4329500,21711500
round_k,0,1,7,35,172,853,4274,21647,108557
round_shots,200,100,100,100,100,100,100,100,100,100
round_queries,200,300,1100,4100,17900,83700,421500,2098100,10549900,53274900
round_k,0,1,5,20,89,418,2107,10490,52749,266374
round_shots,100,100,100,100,100,100,100,100,100,100
round_queries,100,300,1100,4500,20700,103100,523300,2606900,13190100,66828300
round_k,0,1,5,22,103,515,2616,13034,65950,334141
round_shots,200,100,100,100,100,100,100,100,100
round_queries,200,300,1500,6700,31500,146300,696100,3464100,17427100
round_k,0,1,7,33,157,731,3480,17320,87135
round_shots,100,100,100,100,100,100,100,100,100,100
round_queries,100,300,1100,4700,21300,103100,512500,2566300,12956300,65642300
round_k,0,1,5,23,106,515,2562,12831,64781,328211
round_shots,300,100,100,100,100,100,100,100,100,100
round_queries,300,300,1100,4900,22100,107100,528100,2644700,13349500,67494500
round_k,0,1,5,24,110,535,2640,13223,66747,337472
round_shots,200,100,100,100,100,100,100,100,100,100
round_queries,200,300,1100,4100,20300,96500,478700,2416100,12189500,61322100
round_k,0,1,5,20,101,482,2393,12080,60947,306610
round_shots,200,100,100,100,100,100,100,100,100,100
round_queries,200,300,1100,4700,22300,107300,528700,2654500,13449900,68102100
round_k,0,1,5,23,111,536,2643,13272,67249,340510
round_shots,200,100,100,100,100,100,100,100,100,100
round_queries,200,300,1100,4700,21300,103100,522100,2630500,13294100,67395300
round_k,0,1,5,23,106,515,2610,13152,66470,336976
round_shots,100,100,100,100,100,100,100,100,100
round_queries,100,300,1500,5900,25700,128300,624900,3162500,15857300
round_k,0,1,7,29,128,641,3124,15812,79286
round_shots,100,100,100,100,100,100,100,100,100,100
round_queries,100,300,1100,4900,22700,106700,529500,2658300,13277100,66953500
round_k,0,1,5,24,113,533,2647,13291,66385,334767
round_shots,200,100,100,100,100,100,100,100,100,100
round_queries,200,300,700,2900,12900,61900,308900,1543700,7819900,39936700
round_k,0,1,3,14,64,309,1544,7718,39099,199683
round_shots,100,100,100,100,100,100,100,100,100,100
round_queries,100,300,1100,5100,24300,118500,592500,2978300,14992700,75899500
round_k,0,1,5,25,121,592,2962,14891,74963,379497
round_shots,200,100,100,100,100,100,100,100,100,100
round_queries,200,300,1100,4500,21300,100300,506300,2537900,12803900,65343300
round_k,0,1,5,22,106,501,2531,12689,64019,326716
round_shots,200,100,100,100,100,100,100,100,100,100
round_queries,200,300,700,2900,11700,55900,271900,1355700,6855300,34730100
round_k,0,1,3,14,58,279,1359,6778,34276,173650
round_shots,100,100,100,100,100,100,100,100,100,100
round_queries,100,300,1100,4100,18900,95100,469900,2332700,11723100,59460300
round_k,0,1,5,20,94,475,2349,11663,58615,297301
round_shots,200,100,100,100,100,100,100,100,100
round_queries,200,500,1900,7900,38900,189700,947100,4758700,24148100
round_k,0,2,9,39,194,948,4735,23793,120740
round_shots,100,100,100,100,100,100,100,100,100
round_queries,100,300,1100,5100,25500,123900,617100,3127300,15728100
round_k,0,1,5,25,127,619,3085,15636,78640
round_shots,200,100,100,100,100,100,100,100,100,100
round_queries,200,300,700,1900,8500,38700,188700,944700,4774100,24170100
round_k,0,1,3,9,42,193,943,4723,23870,120850
round_shots,100,100,100,100,100,100,100,100,100,100
round_queries,100,300,1100,4500,21500,106700,534100,2703300,13634500,69211700
round_k,0,1,5,22,107,533,2670,13516,68172,346058
round_shots,100,100,100,100,100,100,100,100,100,100
round_queries,100,300,1100,4100,20100,91900,453300,2282500,11382700,57458100
round_k,0,1,5,20,100,459,2266,11412,56913,287290
round_shots,200,100,100,100,100,100,100,100,100,100
round_queries,200,300,1100,4500,20300,97300,489900,2460500,12194300,61599300
round_k,0,1,5,22,101,486,2449,12302,60971,307996
round_shots,200,100,100,100,100,100,100,100,100,100
round_queries,200,300,1100,5100,22300,111300,551900,2772100,14042900,71120100
round_k,0,1,5,25,111,556,2759,13860,70214,355600
round_shots,200,100,100,100,100,100,100,100,100,100
round_queries,200,300,1100,4700,22900,111700,543300,2739900,13649500,69078900
round_k,0,1,5,23,114,558,2716,13699,68247,345394
round_shots,100,100,100,100,100,100,100,100,100,100
round_queries,100,300,1100,3500,15100,74900,370300,1875100,9405700,47758100
round_k,0,1,5,17,75,374,1851,9375,47028,238790
round_shots,100,100,100,100,100,100,100,100,100,100
round_queries,100,300,1100,5500,24300,119500,600900,3007900,15206100,77103500
round_k,0,1,5,27,121,597,3004,15039,76030,385517
round_shots,200,100,100,100,100,100,100,100,100,100
round_queries,200,300,1100,4100,20100,97700,473700,2351100,11866700,60091700
round_k,0,1,5,20,100,488,2368,11755,59333,300458
round_shots,100,100,100,100,100,100,100,100,100,100
round_queries,100,300,1100,3700,18100,88100,447100,2235100,11285700,57315100
round_k,0,1,5,18,90,440,2235,11175,56428,286575
round_shots,100,100,100,100,100,100,100,100,100,100
round_queries,100,300,1100,4500,20100,96700,479700,2387500,12091700,61268700
round_k,0,1,5,22,100,483,2398,11937,60458,306343
round_shots,100,100,100,100,100,100,100,100,100,100
round_queries,100,300,700,2300,9300,43900,217900,1092700,5500500,27931900
round_k,0,1,3,11,46,219,1089,5463,27502,139659
round_shots,100,100,100,100,100,100,100,100,100,100
round_queries,100,300,1100,4300,18700,87700,415100,2021300,10196900,51382100
round_k,0,1,5,21,93,438,2075,10106,50984,256910
round_shots,100,100,100,100,100,100,100,100,100,100
round_queries,100,300,700,2300,8900,43500,208500,1046900,5287500,26713100
round_k,0,1,3,11,44,217,1042,5234,26437,133565
round_shots,200,100,100,100,100,100,100,100,100,100
round_queries,200,300,1100,4500,19700,93500,460100,2314900,11623900,58535500
round_k,0,1,5,22,98,467,2300,11574,58119,292677
round_shots,100,100,100,100,100,100,100,100,100
round_queries,100,300,1500,6700,30300,147500,741700,3732100,18912500
round_k,0,1,7,33,151,737,3708,18660,94562
round_shots,200,100,100,100,100,100,100,100,100
round_queries,200,700,2900,13700,63100,305100,1525300,7666300,38690100
round_k,0,3,14,68,315,1525,7626,38331,193450
round_shots,100,100,100,100,100,100,100,100,100,100
round_queries,100,300,1100,3500,16300,80700,397900,1985100,10005500,50762900
round_k,0,1,5,17,81,403,1989,9925,50027,253814
round_shots,200,100,100,100,100,100,100,100,100,100
round_queries,200,300,700,2300,10100,50500,246100,1231700,6243100,31568500
round_k,0,1,3,11,50,252,1230,6158,31215,157842
round_shots,100,200,100,100,100,100,100,100,100,100
round_queries,100,600,1100,4500,20900,103700,515300,2599500,13147900,66238100
round_k,0,1,5,22,104,518,2576,12997,65739,331190
round_shots,100,100,100,100,100,100,100,100,100
round_queries,100,300,1500,5900,27900,133700,670700,3386100,17133100
round_k,0,1,7,29,139,668,3353,16930,85665
round_shots,100,100,100,100,100,100,100,100,100,100
round_queries,100,300,1100,4500,21900,104700,512900,2583700,13044700,66162900
round_k,0,1,5,22,109,523,2564,12918,65223,330814
round_shots,100,100,100,100,100,100,100,100,100
round_queries,100,300,1500,7500,34900,168900,847900,4274700,21633900
round_k,0,1,7,37,174,844,4239,21373,108169
round_shots,300,100,100,100,100,100,100,100,100,100
round_queries,300,300,700,2900,13100,62500,308300,1536500,7715300,39085700
round_k,0,1,3,14,65,312,1541,7682,38576,195428
round_shots,100,100,100,100,100,100,100,100,100,100
round_queries,100,300,700,1900,8300,39500,188900,957900,4820700,24328700
round_k,0,1,3,9,41,197,944,4789,24103,121643
round_shots,100,100,100,100,100,100,100,100,100,100
round_queries,100,300,1100,4500,20300,100300,501500,2516100,12742700,64459700
round_k,0,1,5,22,101,501,2507,12580,63713,322298
round_shots,200,100,100,100,100,100,100,100,100,100
round_queries,200,300,1100,3700,17300,83300,414500,2096900,11107500,55872700
round_k,0,1,5,18,86,416,2072,10484,55537,279363
round_shots,200,100,100,100,100,100,100,100,100
round_queries,200,500,1900,8900,42700,209300,1043300,5260100,26612100
round_k,0,2,9,44,213,1046,5216,26300,133060
round_shots,200,100,100,100,100,100,100,100,100
round_queries,200,300,1500,6500,29500,145700,715300,3569700,17981100
round_k,0,1,7,32,147,728,3576,17848,89905
round_shots,300,100,100,100,100,100,100,100,100,100
round_queries,300,300,1100,4700,20900,99700,497900,2528100,12685700,64090300
round_k,0,1,5,23,104,498,2489,12640,63428,320451
round_shots,200,100,100,100,100,100,100,100,100
round_queries,200,700,2300,10500,49300,240300,1191900,5988300,30204500
round_k,0,3,11,52,246,1201,5959,29941,151022
round_shots,200,100,100,100,100,100,100,100,100,100
round_queries,200,300,1100,3500,15100,72300,362500,1816500,9167500,46073700
round_k,0,1,5,17,75,361,1812,9082,45837,230368
round_shots,100,100,100,100,100,100,100,100,100,100
round_queries,100,300,1100,4500,21900,106300,534100,2669500,13517700,68416500
round_k,0,1,5,22,109,531,2670,13347,67588,342082
round_shots,100,100,100,100,100,100,100,100,100,100
round_queries,100,300,1100,4500,18900,92100,454300,2183700,11012300,55394100
round_k,0,1,5,22,94,460,2271,10918,55061,276970
round_shots,100,100,100,100,100,100,100,100,100,100
round_queries,100,300,1100,3100,12900,63300,315900,1593300,8038700,40753700
round_k,0,1,5,15,64,316,1579,7966,40193,203768
round_shots,200,100,100,100,100,100,100,100,100,100
round_queries,200,300,1100,4900,22500,108100,542100,2724100,13794100,69847300
round_k,0,1,5,24,112,540,2710,13620,68970,349236
round_shots,300,100,100,100,100,100,100,100,100,100
round_queries,300,300,1100,4100,18100,87700,434500,2184100,11075700,56126100
round_k,0,1,5,20,90,438,2172,10920,55378,280630
round_shots,200,100,100,100,100,100,100,100,100,100
round_queries,200,300,1100,5100,23500,115100,565900,2866300,14492500,73230300
round_k,0,1,5,25,117,575,2829,14331,72462,366151
round_shots,200,100,100,100,100,100,100,100,100
round_queries,200,500,1900,9300,43300,212700,1070100,5389300,27223100
round_k,0,2,9,46,216,1063,5350,26946,136115
round_shots,200,100,100,100,100,100,100,100,100,100
round_queries,200,300,1100,4900,23100,114100,569500,2856500,14456300,72700500
round_k,0,1,5,24,115,570,2847,14282,72281,363502
round_shots,200,100,100,100,100,100,100,100,100,100
round_queries,200,300,1100,4100,18500,85900,420500,2112100,10672100,54139500
round_k,0,1,5,20,92,429,2102,10560,53360,270697
round_shots,200,100,100,100,100,100,100,100,100
round_queries,200,700,2300,8700,41300,198500,973300,4897100,24826700
round_k,0,3,11,43,206,992,4866,24485,124133
round_shots,100,100,100,100,100,100,100,100,100,100
round_queries,100,300,1100,4300,19700,92500,457900,2306700,11673100,58961500
round_k,0,1,5,21,98,462,2289,11533,58365,294807
round_shots,100,100,100,100,100,100,100,100,100,100
round_queries,100,300,900,2700,13500,65300,317300,1608700,8073700,40940900
round_k,0,1,4,13,67,326,1586,8043,40368,204704
round_shots,100,100,100,100,100,100,100,100,100,100
round_queries,100,300,1100,4700,21900,107300,529500,2667500,13501700,68301700
round_k,0,1,5,23,109,536,2647,13337,67508,341508
round_shots,100,100,100,100,100,100,100,100,100
round_queries,100,300,1100,5500,25700,124700,613500,3076900,15603500
round_k,0,1,5,27,128,623,3067,15384,78017
round_shots,100,100,100,100,100,100,100,100,100,100
round_queries,100,300,1100,4100,19100,96300,479500,2376700,11910700,60242900
round_k,0,1,5,20,95,481,2397,11883,59553,301214
round_shots,100,100,100,100,100,100,100,100,100,100
round_queries,100,300,1100,4500,19700,91700,454900,2278500,11491500,58282300
round_k,0,1,5,22,98,458,2274,11392,57457,291411
round_shots,300,100,100,100,100,100,100,100,100,100
round_queries,300,300,1100,4500,21300,106700,527700,2633300,13318700,67409500
round_k,0,1,5,22,106,533,2638,13166,66593,337047
round_shots,100,100,100,100,100,100,100,100,100,100
round_queries,100,300,700,1900,8700,39500,190700,946100,4736500,23915100
round_k,0,1,3,9,43,197,953,4730,23682,119575
round_shots,100,100,100,100,100,100,100,100,100,100
round_queries,100,300,1100,4500,20300,100300,503900,2542500,12854700,65063700
round_k,0,1,5,22,101,501,2519,12712,64273,325318
round_shots,200,100,100,100,100,100,100,100,100,100
round_queries,200,300,1100,5100,24300,119700,602100,3031300,15334700,77732500
round_k,0,1,5,25,121,598,3010,15156,76673,388662
round_shots,200,100,100,100,100,100,100,100,100,100
round_queries,200,300,1100,3700,15900,75500,373900,1880300,9410100,47682700
round_k,0,1,5,18,79,377,1869,9401,47050,238413
round_shots,100,100,100,100,100,100,100,100,100,100
round_queries,100,300,1100,4500,21500,107100,533500,2682500,13537100,68705100
round_k,0,1,5,22,107,535,2667,13412,67685,343525
round_shots,100,100,100,100,100,100,100,100,100,100
round_queries,100,300,1100,5500,25100,121700,608500,3044700,15388300,77967700
round_k,0,1,5,27,125,608,3042,15223,76941,389838
round_shots,100,100,100,100,100,100,100,100,100,100
round_queries,100,300,1100,3700,15700,74700,370300,1838900,9252100,46898700
round_k,0,1,5,18,78,373,1851,9194,46260,234493
round_shots,200,100,100,100,100,100,100,100,100,100
round_queries,200,300,1100,4500,20500,99100,489900,2463500,12466700,62846900
round_k,0,1,5,22,102,495,2449,12317,62333,314234
round_shots,200,100,100,100,100,100,100,100,100,100
round_queries,200,300,700,2900,12900,59900,290700,1453300,7289900,37006700
round_k,0,1,3,14,64,299,1453,7266,36449,185033
round_shots,100,100,100,100,100,100,100,100,100,100
round_queries,100,300,1100,4900,22100,108700,531300,2605700,13146100,66630700
round_k,0,1,5,24,110,543,2656,13028,65730,333153
round_shots,100,100,100,100,100,100,100,100,100,100
round_queries,100,300,1100,4500,20900,103700,520500,2624300,13278900,67025100
round_k,0,1,5,22,104,518,2602,13121,66394,335125
round_shots,300,100,100,100,100,100,100,100,100
round_queries,300,500,1500,6500,29300,146700,683100,3238100,16094900
round_k,0,2,7,32,146,733,3415,16190,80474
round_shots,200,100,100,100,100,100,100,100,100,100
round_queries,200,300,1100,4700,20500,91900,465300,2431700,12293500,62370700
round_k,0,1,5,23,102,459,2326,12158,61467,311853
round_shots,100,100,100,100,100,100,100,100,100,100
round_queries,100,300,700,2900,12100,58700,289900,1444900,7260300,36272900
round_k,0,1,3,14,60,293,1449,7224,36301,181364
round_shots,100,200,100,100,100,100,100,100,100
round_queries,100,600,1900,8900,40300,197900,982900,4975500,25190300
round_k,0,1,9,44,201,989,4914,24877,125951
round_shots,100,100,100,100,100,100,100,100,100,100
round_queries,100,300,1100,4700,21500,101100,478500,2371900,11934100,60460900
round_k,0,1,5,23,107,505,2392,11859,59670,302304
round_shots,200,100,100,100,100,100,100,100,100,100
round_queries,200,300,1100,4100,19900,95100,467900,2340100,11837500,60124300
round_k,0,1,5,20,99,475,2339,11700,59187,300621
round_shots,100,100,100,100,100,100,100,100,100,100
round_queries,100,300,700,1900,9300,45900,226700,1121500,5667100,28538100
round_k,0,1,3,9,46,229,1133,5607,28335,142690
round_shots,300,100,100,100,100,100,100,100,100,100
round_queries,300,300,1100,4500,19500,94500,467500,2344100,11846700,59838500
round_k,0,1,5,22,97,472,2337,11720,59233,299192
round_shots,200,100,100,100,100,100,100,100,100
round_queries,200,300,1500,5300,24700,123900,615700,3114900,15739500
round_k,0,1,7,26,123,619,3078,15574,78697
round_shots,100,100,100,100,100,100,100,100,100,100
round_queries,100,300,700,3100,14500,67300,320500,1612100,8138100,41159500
round_k,0,1,3,15,72,336,1602,8060,40690,205797
round_shots,200,100,100,100,100,100,100,100,100,100
round_queries,200,300,1100,4100,17100,85500,427700,2150900,10876700,54905700
round_k,0,1,5,20,85,427,2138,10754,54383,274528
round_shots,100,100,100,100,100,100,100,100,100,100
round_queries,100,300,700,2900,12300,61100,301900,1509300,7643500,38684700
round_k,0,1,3,14,61,305,1509,7546,38217,193423
round_shots,100,100,100,100,100,100,100,100,100
round_queries,100,300,1500,5900,27700,134700,667100,3343500,16821500
round_k,0,1,7,29,138,673,3335,16717,84107
round_shots,100,100,100,100,100,100,100,100,100,100
round_queries,100,300,1100,4300,18900,88900,440100,2220100,11207500,56475900
round_k,0,1,5,21,94,444,2200,11100,56037,282379
round_shots,100,100,100,100,100,100,100,100,100,100
round_queries,100,300,1100,4100,19100,89500,439100,2202100,11098500,56186500
round_k,0,1,5,20,95,447,2195,11010,55492,280932
round_shots,200,100,100,100,100,100,100,100,100
round_queries,200,300,1100,5100,24700,123100,611700,3088700,15622700
round_k,0,1,5,25,123,615,3058,15443,78113
round_shots,200,100,100,100,100,100,100,100,100
round_queries,200,500,1500,6500,31500,151900,760700,3819700,19348100
round_k,0,2,7,32,157,759,3803,19098,96740
round_shots,300,100,100,100,100,100,100,100,100,100
round_queries,300,300,700,2700,12300,57300,280100,1399700,7010500,35483700
round_k,0,1,3,13,61,286,1400,6998,35052,177418
round_shots,200,100,100,100,100,100,100,100,100,100
round_queries,200,300,1100,4500,21100,105500,520500,2625500,13081300,65732700
round_k,0,1,5,22,105,527,2602,13127,65406,328663
round_shots,200,100,100,100,100,100,100,100,100,100
round_queries,200,300,700,2300,9700,44500,218700,1095500,5498900,27781100
round_k,0,1,3,11,48,222,1093,5477,27494,138905
round_shots,100,100,100,100,100,100,100,100,100,100
round_queries,100,300,700,1900,8100,36100,181300,899500,4550700,23036900
round_k,0,1,3,9,40,180,906,4497,22753,115184
round_shots,100,100,100,100,100,100,100,100,100
round_queries,100,500,1900,6900,30700,148900,739700,3711500,18728300
round_k,0,2,9,34,153,744,3698,18557,93641
round_shots,100,100,100,100,100,100,100,100,100,100
round_queries,100,300,1100,4500,21900,109900,537900,2688700,13601100,68552100
round_k,0,1,5,22,109,549,2689,13443,68005,342760
round_shots,100,100,100,100,100,100,100,100,100,100
round_queries,100,300,1100,3700,17900,85500,424700,2134700,10813100,54844500
round_k,0,1,5,18,89,427,2123,10673,54065,274222
round_shots,200,100,100,100,100,100,100,100,100,100
round_queries,200,300,700,2300,9900,49300,247700,1230300,6233100,31501300
round_k,0,1,3,11,49,246,1238,6151,31165,157506
round_shots,200,100,100,100,100,100,100,100,100,100
round_queries,200,300,700,2300,9700,45500,221300,1104900,5582500,28195100
round_k,0,1,3,11,48,227,1106,5524,27912,140975
round_shots,100,100,100,100,100,100,100,100,100,100
round_queries,100,300,1100,3700,16300,92100,457100,2295700,11582900,58758700
round_k,0,1,5,18,81,460,2285,11478,57914,293793
round_shots,100,100,100,100,100,100,100,100,100,100
round_queries,100,300,700,2900,13100,64900,317500,1594100,8062500,40431700
round_k,0,1,3,14,65,324,1587,7970,40312,202158
round_shots,200,100,100,100,100,100,100,100,100,100
round_queries,200,300,700,1900,8700,40700,195900,957900,4804900,24324700
round_k,0,1,3,9,43,203,979,4789,24024,121623
round_shots,100,100,100,100,100,100,100,100,100,100
round_queries,100,300,1100,5100,22900,113900,569100,2870700,14494300,73516300
round_k,0,1,5,25,114,569,2845,14353,72471,367581
round_shots,200,100,100,100,100,100,100,100,100,100
round_queries,200,300,1100,4900,23900,119900,594300,2995300,15180900,76998300
round_k,0,1,5,24,119,599,2971,14976,75904,384991
round_shots,200,100,100,100,100,100,100,100,100,100
round_queries,200,300,700,2700,12700,58700,291900,1472100,7429900,37736700
round_k,0,1,3,13,63,293,1459,7360,37149,188683
round_shots,200,100,100,100,100,100,100,100,100
round_queries,200,300,1500,5900,27500,132500,660500,3312700,16622500
round_k,0,1,7,29,137,662,3302,16563,83112
round_shots,100,100,100,100,100,100,100,100,100,100
round_queries,100,300,1100,4500,20500,97300,481900,2531700,13425700,67439500
round_k,0,1,5,22,102,486,2409,12658,67128,337197
round_shots,100,100,100,100,100,100,100,100,100,100
round_queries,100,300,1100,4300,19900,96500,471900,2381100,12015500,60341100
round_k,0,1,5,21,99,482,2359,11905,60077,301705
round_shots,200,100,100,100,100,100,100,100,100,100
round_queries,200,300,1100,4500,21100,102100,504700,2526900,12766700,64019900
round_k,0,1,5,22,105,510,2523,12634,63833,320099
round_shots,200,100,100,100,100,100,100,100,100,100
round_queries,200,300,700,2300,9700,47100,233900,1177700,5926300,30083500
round_k,0,1,3,11,48,235,1169,5888,29631,150417
round_shots,200,100,100,100,100,100,100,100,100
round_queries,200,300,1100,5500,26500,125300,632900,3201300,16123300
round_k,0,1,5,27,132,626,3164,16006,80616
round_shots,100,100,100,100,100,100,100,100,100,100
round_queries,100,300,700,2300,10900,50500,249500,1260100,6301100,31799900
round_k,0,1,3,11,54,252,1247,6300,31505,158999
round_shots,100,100,100,100,100,100,100,100,100,100
round_queries,100,300,1100,4900,21100,97900,489100,2420900,12245500,62110500
round_k,0,1,5,24,105,489,2445,12104,61227,310552
round_shots,200,100,100,100,100,100,100,100,100,100
round_queries,200,300,1100,4900,21700,105500,531100,2681100,13600700,68995300
round_k,0,1,5,24,108,527,2655,13405,68003,344976
round_shots,200,100,100,100,100,100,100,100,100,100
round_queries,200,300,1100,4100,18700,88300,434500,2178500,10975100,55514900
round_k,0,1,5,20,93,441,2172,10892,54875,277574
round_shots,100,100,100,100,100,100,100,100,100,100
round_queries,100,300,1100,5100,22700,112300,564300,2828300,14349500,72730900
round_k,0,1,5,25,113,561,2821,14141,71747,363654
round_shots,100,100,100,100,100,100,100,100,100,100
round_queries,100,300,1100,4500,22300,105500,527500,2658700,13390100,67928300
round_k,0,1,5,22,111,527,2637,13293,66950,339641
round_shots,200,200,100,100,100,100,100,100,100
round_queries,200,600,1500,5900,28100,165100,822300,4109900,20785700
round_k,0,1,7,29,140,825,4111,20549,103928
round_shots,100,100,100,100,100,100,100,100,100,100
round_queries,100,300,1100,4500,20300,99500,493900,2471100,12424900,62534700
round_k,0,1,5,22,101,497,2469,12355,62124,312673
round_shots,200,100,100,100,100,100,100,100,100
round_queries,200,300,1500,6300,30300,146900,736300,3726700,18687300
round_k,0,1,7,31,151,734,3681,18633,93436
round_shots,100,100,100,100,100,100,100,100,100
round_queries,100,300,1500,6300,29900,148700,742300,3712700,18775100
round_k,0,1,7,31,149,743,3711,18563,93875
round_shots,100,100,100,100,100,100,100,100,100,100
round_queries,100,300,1100,3500,15100,74300,365100,1821700,9128300,46109500
round_k,0,1,5,17,75,371,1825,9108,45641,230547
round_shots,200,100,100,100,100,100,100,100,100,100
round_queries,200,300,700,2500,10500,47700,229700,1159100,5812500,29198700
round_k,0,1,3,12,52,238,1148,5795,29062,145993
round_shots,300,100,100,100,100,100,100,100,100
round_queries,300,500,1900,6900,32700,164900,805900,4037300,20388300
round_k,0,2,9,34,163,824,4029,20186,101941
round_shots,100,100,100,100,100,100,100,100,100,100
round_queries,100,300,1100,4900,24500,117300,576500,2906100,14661300,74300500
round_k,0,1,5,24,122,586,2882,14530,73306,371502
round_shots,100,100,100,100,100,100,100,100,100,100
round_queries,100,300,1100,4700,21500,106500,508500,2549900,12805100,64938900
round_k,0,1,5,23,107,532,2542,12749,64025,324694
round_shots,200,100,100,100,100,100,100,100,100,100
round_queries,200,300,1100,3700,18300,85900,514100,2570900,12952900,65420700
round_k,0,1,5,18,91,429,2570,12854,64764,327103
round_shots,100,100,100,100,100,100,100,100,100,100
round_queries,100,300,1100,4700,21900,104300,512300,2589300,13093500,66222500
round_k,0,1,5,23,109,521,2561,12946,65467,331112
round_shots,100,100,100,100,100,100,100,100,100
round_queries,100,300,1100,5500,25500,126900,631900,3194300,16142300
round_k,0,1,5,27,127,634,3159,15971,80711
round_shots,100,100,100,100,100,100,100,100,100
round_queries,100,300,1500,7100,34500,173300,852900,4251300,21554700
round_k,0,1,7,35,172,866,4264,21256,107773
round_shots,200,100,100,100,100,100,100,100,100,100
round_queries,200,300,1100,3700,17900,89900,445100,2232700,11297700,57169500
round_k,0,1,5,18,89,449,2225,11163,56488,285847
round_shots,200,100,100,100,100,100,100,100,100,100
round_queries,200,300,1100,4700,20300,98900,497900,2500300,12599100,63773700
round_k,0,1,5,23,101,494,2489,12501,62995,318868
round_shots,200,100,100,100,100,100,100,100,100,100
round_queries,200,300,1100,4700,20900,104100,493700,2451300,12313300,62206300
round_k,0,1,5,23,104,520,2468,12256,61566,311031
round_shots,200,100,100,100,100,100,100,100,100,100
round_queries,200,300,1100,3700,18300,88100,440900,2231500,11281900,56939300
round_k,0,1,5,18,91,440,2204,11157,56409,284696
round_shots,100,100,100,100,100,100,100,100,100
round_queries,100,300,1100,5500,26100,127700,634100,3157700,15875700
round_k,0,1,5,27,130,638,3170,15788,79378
round_shots,100,100,100,100,100,100,100,100,100,100
round_queries,100,300,1100,4900,20900,101300,497700,2488700,12571500,63723900
round_k,0,1,5,24,104,506,2488,12443,62857,318619
round_shots,100,100,100,100,100,100,100,100,100,100
round_queries,100,300,1100,4500,19900,92500,467100,2358700,11939900,60582900
round_k,0,1,5,22,99,462,2335,11793,59699,302914
round_shots,100,100,100,100,100,100,100,100,100,100
round_queries,100,300,1100,4100,18300,85700,420500,2089900,10599700,53704700
round_k,0,1,5,20,91,428,2102,10449,52998,268523
round_shots,100,100,100,100,100,100,100,100,100,100
round_queries,100,300,1100,4900,22700,108900,540100,2712500,13690900,69328900
round_k,0,1,5,24,113,544,2700,13562,68454,346644
round_shots,200,100,100,100,100,100,100,100,100,100
round_queries,200,300,1100,5100,22300,108500,545700,2726900,13770500,69897300
round_k,0,1,5,25,111,542,2728,13634,68852,349486
round_shots,200,100,100,100,100,100,100,100,100,100
round_queries,200,300,1100,4500,20300,97300,479500,2409900,12187500,61725900
round_k,0,1,5,22,101,486,2397,12049,60937,308629
round_shots,100,100,100,100,100,100,100,100,100,100
round_queries,100,300,700,2300,9700,46100,224300,1080300,5421700,27462500
round_k,0,1,3,11,48,230,1121,5401,27108,137312
round_shots,300,100,100,100,100,100,100,100,100,100
round_queries,300,300,1100,4500,20500,101700,506500,2532500,12750100,64641300
round_k,0,1,5,22,102,508,2532,12662,63750,323206
round_shots,200,100,100,100,100,100,100,100,100,100
round_queries,200,300,700,2300,9300,44700,224100,1123300,5698300,28892100
round_k,0,1,3,11,46,223,1120,5616,28491,144460
round_shots,200,100,100,100,100,100,100,100,100,100
round_queries,200,300,700,2300,8700,41900,203300,996100,4961100,25012100
round_k,0,1,3,11,43,209,1016,4980,24805,125060
round_shots,200,100,100,100,100,100,100,100,100,100
round_queries,200,300,1100,5100,23500,113300,546300,2859500,14328900,72492100
round_k,0,1,5,25,117,566,2731,14297,71644,362460
round_shots,100,100,100,100,100,100,100,100,100,100
round_queries,100,300,1100,4900,20900,100900,502100,2510500,12688100,64385100
round_k,0,1,5,24,104,504,2510,12552,63440,321925
round_shots,100,100,100,100,100,100,100,100,100,100
round_queries,100,300,700,2300,10100,46100,223500,1124100,5694500,28893100
round_k,0,1,3,11,50,230,1117,5620,28472,144465
round_shots,100,100,100,100,100,100,100,100,100,100
round_queries,100,300,1100,3500,16500,77500,377900,1895900,9582300,48583300
round_k,0,1,5,17,82,387,1889,9479,47911,242916
round_shots,200,100,100,100,100,100,100,100,100,100
round_queries,200,300,1100,4100,18300,91900,454700,2300100,11646700,58968900
round_k,0,1,5,20,91,459,2273,11500,58233,294844
round_shots,100,100,100,100,100,100,100,100,100
round_queries,100,300,1500,6500,29900,140900,693300,3509900,17750300
round_k,0,1,7,32,149,704,3466,17549,88751
round_shots,200,100,100,100,100,100,100,100,100,100
round_queries,200,300,1100,3700,17900,90500,453500,2263300,11280700,57092700
round_k,0,1,5,18,89,452,2267,11316,56403,285463
round_shots,200,100,100,100,100,100,100,100,100,100
round_queries,200,300,1100,3700,16900,82100,410500,2071300,10475700,53183500
round_k,0,1,5,18,84,410,2052,10356,52378,265917
round_shots,300,100,100,100,100,100,100,100,100,100
round_queries,300,300,1100,5100,24700,120900,595500,2982300,15058100,76098300
round_k,0,1,5,25,123,604,2977,14911,75290,380491
round_shots,100,100,100,100,100,100,100,100,100,100
round_queries,100,300,700,3300,15100,75500,378500,1902100,9530900,48294700
round_k,0,1,3,16,75,377,1892,9510,47654,241473
round_shots,100,100,100,100,100,100,100,100,100,100
round_queries,100,300,1100,4100,19300,96300,483100,2426700,12239700,61565900
round_k,0,1,5,20,96,481,2415,12133,61198,307829
round_shots,100,100,100,100,100,100,100,100,100
round_queries,100,300,1500,7100,31700,153700,765500,3841100,19343300
round_k,0,1,7,35,158,768,3827,19205,96716
round_shots,100,100,100,100,100,100,100,100,100
round_queries,100,300,1100,5500,26100,126900,630100,3193900,16042900
round_k,0,1,5,27,130,634,3150,15969,80214
round_shots,100,100,100,100,100,100,100,100,100,100
round_queries,100,300,1100,4100,18500,90900,449300,2243500,11286500,57268100
round_k,0,1,5,20,92,454,2246,11217,56432,286340
round_shots,100,100,100,100,100,100,100,100,100,100
round_queries,100,300,700,1900,8100,37500,176900,885300,4470300,22567500
round_k,0,1,3,9,40,187,884,4426,22351,112837
round_shots,100,100,100,100,100,100,100,100,100,100
round_queries,100,300,700,2700,12100,57500,286700,1424300,7216700,36325500
round_k,0,1,3,13,60,287,1433,7121,36083,181627
round_shots,100,100,100,100,100,100,100,100,100,100
round_queries,100,300,1100,4500,21300,103300,520500,2601100,13184900,66674100
round_k,0,1,5,22,106,516,2602,13005,65924,333370
round_shots,200,100,100,100,100,100,100,100,100,100
round_queries,200,300,1100,4500,21100,102100,508500,2558900,12919300,65354300
round_k,0,1,5,22,105,510,2542,12794,64596,326771
round_shots,200,100,100,100,100,100,100,100,100,100
round_queries,200,300,1100,4100,20300,100500,495500,2495500,12607300,63758500
round_k,0,1,5,20,101,502,2477,12477,63036,318792
round_shots,100,100,100,100,100,100,100,100,100
round_queries,100,300,1500,5900,28300,137300,692700,3473300,17626900
round_k,0,1,7,29,141,686,3463,17366,88134
round_shots,100,100,100,100,100,100,100,100,100,100
round_queries,100,300,700,1900,8500,37900,177900,865700,4343500,21982100
round_k,0,1,3,9,42,189,889,4328,21717,109910
round_shots,200,100,100,100,100,100,100,100,100,100
round_queries,200,300,1100,4900,23100,114500,574300,2898500,14612100,74043100
round_k,0,1,5,24,115,572,2871,14492,73060,370215
round_shots,200,100,100,100,100,100,100,100,100,100
round_queries,200,300,1100,3700,16500,77100,383100,1935300,9809900,49635500
round_k,0,1,5,18,82,385,1915,9676,49049,248177
round_shots,100,100,100,100,100,100,100,100,100,100
round_queries,100,300,1100,3700,17900,83100,406100,2047100,10351700,52244300
round_k,0,1,5,18,89,415,2030,10235,51758,261221
round_shots,200,100,100,100,100,100,100,100,100
round_queries,200,500,2300,11500,54300,270100,1347500,6804500,34446700
round_k,0,2,11,57,271,1350,6737,34022,172233
round_shots,200,100,100,100,100,100,100,100,100,100
round_queries,200,300,1100,4500,19900,98500,487900,2452900,12378500,62635700
round_k,0,1,5,22,99,492,2439,12264,61892,313178
round_shots,200,100,100,100,100,100,100,100,100,100
round_queries,200,300,1100,3700,17100,81300,400700,2027300,10223500,51938100
round_k,0,1,5,18,85,406,2003,10136,51117,259690
round_shots,200,100,100,100,100,100,100,100,100,100
round_queries,200,300,1100,3700,16100,76100,378500,1904900,9601300,48224100
round_k,0,1,5,18,80,380,1892,9524,48006,241120
round_shots,200,100,100,100,100,100,100,100,100,100
round_queries,200,300,700,2300,9900,46900,232900,1167100,5881300,29698900
round_k,0,1,3,11,49,234,1164,5835,29406,148494
round_shots,100,100,100,100,100,100,100,100,100,100
round_queries,100,300,1100,4900,22100,104300,524900,2652300,13388100,67270900
round_k,0,1,5,24,110,521,2624,13261,66940,336354
round_shots,300,100,100,100,100,100,100,100,100,100
round_queries,300,300,1100,4500,20100,99900,485900,2460500,12381700,62891900
round_k,0,1,5,22,100,499,2429,12302,61908,314459
round_shots,200,100,100,100,100,100,100,100,100
round_queries,200,300,1500,6300,30300,148100,731500,3679300,18582700
round_k,0,1,7,31,151,740,3657,18396,92913
round_shots,100,100,100,100,100,100,100,100,100,100
round_queries,100,300,700,2300,9900,45700,224300,1125900,5673300,28553900
round_k,0,1,3,11,49,228,1121,5629,28366,142769
round_shots,100,100,100,100,100,100,100,100,100
round_queries,100,500,2300,10700,52500,263500,1321300,6663300,33745500
round_k,0,2,11,53,262,1317,6606,33316,168727
round_shots,200,100,100,100,100,100,100,100,100
round_queries,200,500,1500,5900,26700,133100,665500,3341500,16926100
round_k,0,2,7,29,133,665,3327,16707,84630
round_shots,100,100,100,100,100,100,100,100,100,100
round_queries,100,300,1100,4100,19700,98500,491900,2600100,13162500,66664500
round_k,0,1,5,20,98,492,2459,13000,65812,333322
round_shots,100,100,100,100,100,100,100,100,100,100
round_queries,100,300,1100,4500,22300,109700,542900,2727300,13805300,69732900
round_k,0,1,5,22,111,548,2714,13636,69026,348664
round_shots,100,100,100,100,100,100,100,100,100
round_queries,100,300,1100,5500,25700,126500,636700,3206100,16262300
round_k,0,1,5,27,128,632,3183,16030,81311
round_shots,200,100,100,100,100,100,100,100,100,100
round_queries,200,300,1100,4900,22900,113300,565500,2854300,14493500,73581500
round_k,0,1,5,24,114,566,2827,14271,72467,367907
round_shots,200,100,100,100,100,100,100,100,100,100
round_queries,200,300,700,2900,12300,59900,300300,1805700,10996900,55785500
round_k,0,1,3,14,61,299,1501,9028,54984,278927
round_shots,100,100,100,100,100,100,100,100,100,100
round_queries,100,300,700,2300,11300,52900,255500,1279300,6451900,32729700
round_k,0,1,3,11,56,264,1277,6396,32259,163648
round_shots,100,100,100,100,100,100,100,100,100,100
round_queries,100,300,1100,4100,18300,87100,428900,2146300,10811300,54809500
round_k,0,1,5,20,91,435,2144,10731,54056,274047
round_shots,200,100,100,100,100,100,100,100,100,100
round_queries,200,500,1500,5300,24900,118500,577700,2916500,14757100,74838500
round_k,0,2,7,26,124,592,2888,14582,73785,374192
round_shots,100,200,100,100,100,100,100,100,100
round_queries,100,600,1500,6700,31300,150300,743100,3730300,18833700
round_k,0,1,7,33,156,751,3715,18651,94168
round_shots,200,100,100,100,100,100,100,100,100
round_queries,200,300,1500,5900,27900,130100,639900,3233700,16262500
round_k,0,1,7,29,139,650,3199,16168,81312
round_shots,200,100,100,100,100,100,100,100,100,100
round_queries,200,300,700,2300,9900,48900,240100,1200900,6044300,30504900
round_k,0,1,3,11,49,244,1200,6004,30221,152524
round_shots,200,100,100,100,100,100,100,100,100,100
round_queries,200,300,1100,4100,19700,96700,477300,2399100,12039900,60980300
round_k,0,1,5,20,98,483,2386,11995,60199,304901
round_shots,100,100,100,100,100,100,100,100,100,100
round_queries,100,300,1100,5100,23500,117500,593300,2994500,15038900,76114900
round_k,0,1,5,25,117,587,2966,14972,75194,380574
round_shots,100,100,100,100,100,100,100,100,100,100
round_queries,100,300,1100,3700,16500,82900,413500,2089100,10573500,53492900
round_k,0,1,5,18,82,414,2067,10445,52867,267464
round_shots,100,100,100,100,100,100,100,100,100
round_queries,100,300,1100,5500,26700,128300,635500,3221900,16248100
round_k,0,1,5,27,133,641,3177,16109,81240
round_shots,100,100,100,100,100,100,100,100,100,100
round_queries,100,300,1100,3100,13100,64100,317300,1584100,7987900,40445300
round_k,0,1,5,15,65,320,1586,7920,39939,202226
round_shots,100,100,100,100,100,100,100,100,100,100
round_queries,100,300,700,3300,14700,72300,342500,1642700,8232500,41735900
round_k,0,1,3,16,73,361,1712,8213,41162,208679
round_shots,200,100,100,100,100,100,100,100,100,100
round_queries,200,300,1100,4500,20700,101100,505300,2549100,12884100,65327700
round_k,0,1,5,22,103,505,2526,12745,64420,326638
round_shots,100,100,100,100,100,100,100,100,100,100
round_queries,100,300,700,3100,13700,67700,336700,1696900,8570300,43469500
round_k,0,1,3,15,68,338,1683,8484,42851,217347
round_shots,200,100,100,100,100,100,100,100,100,100
round_queries,200,300,700,2900,13100,60700,298900,1502300,7595300,38194500
round_k,0,1,3,14,65,303,1494,7511,37976,190972
round_shots,100,100,100,100,100,100,100,100,100
round_queries,100,300,1500,6900,33100,160100,803500,4049500,20556500
round_k,0,1,7,34,165,800,4017,20247,102782
round_shots,100,100,100,100,100,100,100,100,100,100
round_queries,100,300,1100,4500,20900,99100,487100,2424900,12228100,61939900
round_k,0,1,5,22,104,495,2435,12124,61140,309699
round_shots,200,100,100,100,100,100,100,100,100,100
round_queries,200,300,1100,5100,23300,113500,570100,2883500,14471300,73418700
round_k,0,1,5,25,116,567,2850,14417,72356,367093
round_shots,100,100,100,100,100,100,100,100,100,100
round_queries,100,300,1100,4900,24300,119300,600300,3010100,15153100,76723700
round_k,0,1,5,24,121,596,3001,15050,75765,383618
round_shots,100,100,100,100,100,100,100,100,100,100
round_queries,100,300,700,2900,12700,60300,301500,1512900,7623500,38494700
round_k,0,1,3,14,63,301,1507,7564,38117,192473
round_shots,100,100,100,100,100,100,100,100,100,100
round_queries,100,300,1100,4900,23100,114100,574300,2890100,14606100,74067900
round_k,0,1,5,24,115,570,2871,14450,73030,370339
round_shots,100,100,100,100,100,100,100,100,100,100
round_queries,100,300,700,2900,11900,58700,293700,1457300,7366100,37116700
round_k,0,1,3,14,59,293,1468,7286,36830,185583
round_shots,200,100,100,100,100,100,100,100,100,100
round_queries,200,300,700,2300,10300,48700,241900,1203900,6054500,30647900
round_k,0,1,3,11,51,243,1209,6019,30272,153239
round_shots,100,100,100,100,100,100,100,100,100,100
round_queries,100,300,1100,4500,19900,96300,483300,2434500,14836300,75206900
round_k,0,1,5,22,99,481,2416,12172,74181,376034
round_shots,200,100,100,100,100,100,100,100,100,100
round_queries,200,300,1100,5100,24100,112500,554100,2794300,14105300,71535100
round_k,0,1,5,25,120,562,2770,13971,70526,357675
round_shots,200,100,100,100,100,100,100,100,100,100
round_queries,200,300,1100,4900,22900,113300,565500,2823300,14283300,72419500
round_k,0,1,5,24,114,566,2827,14116,71416,362097
round_shots,100,100,100,100,100,100,100,100,100,100
round_queries,100,300,1100,3700,16100,79100,396500,1990900,10102700,51172100
round_k,0,1,5,18,80,395,1982,9954,50513,255860
round_shots,200,100,100,100,100,100,100,100,100,100
round_queries,200,300,1100,3700,17100,80700,399500,1996100,10088900,50983300
round_k,0,1,5,18,85,403,1997,9980,50444,254916
round_shots,100,100,100,100,100,100,100,100,100,100
round_queries,100,300,1100,4100,18900,93700,463700,2346100,11795300,59550300
round_k,0,1,5,20,94,468,2318,11730,58976,297751
round_shots,100,100,100,100,100,100,100,100,100,100
round_queries,100,300,700,3300,14500,66700,336100,1677700,8411500,42453500
round_k,0,1,3,16,72,333,1680,8388,42057,212267
round_shots,200,100,100,100,100,100,100,100,100
round_queries,200,300,1100,5500,25900,125500,626100,3777900,19189100
round_k,0,1,5,27,129,627,3130,18889,95945
round_shots,100,100,100,100,100,100,100,100,100,100
round_queries,100,300,1100,4500,20900,104100,507300,2492500,12617700,63483900
round_k,0,1,5,22,104,520,2536,12462,63088,317419
round_shots,200,100,100,100,100,100,100,100,100,100
round_queries,200,300,1100,5100,24100,117500,576300,2870300,14573700,73180900
round_k,0,1,5,25,120,587,2881,14351,72868,365904
round_shots,200,100,100,100,100,100,100,100,100
round_queries,200,300,1500,6700,30100,144100,727900,3650300,18427100
round_k,0,1,7,33,150,720,3639,18251,92135
round_shots,100,100,100,100,100,100,100,100,100
round_queries,100,300,1500,6700,32900,156300,773900,3910700,19726300
round_k,0,1,7,33,164,781,3869,19553,98631
round_shots,300,100,100,100,100,100,100,100,100,100
round_queries,300,300,1100,3100,14500,71100,359100,1817100,9151900,46166500
round_k,0,1,5,15,72,355,1795,9085,45759,230832
round_shots,200,100,100,100,100,100,100,100,100
round_queries,200,500,1300,6100,28500,136300,676300,3408100,17202700
round_k,0,2,6,30,142,681,3381,17040,86013
round_shots,200,100,100,100,100,100,100,100,100,100
round_queries,200,300,1100,3700,17300,84700,429500,2147300,10839300,54651900
round_k,0,1,5,18,86,423,2147,10736,54196,273259
round_shots,100,100,100,100,100,100,100,100,100,100
round_queries,100,300,1100,4100,18300,90500,452300,2286500,11456900,58171900
round_k,0,1,5,20,91,452,2261,11432,57284,290859
round_shots,100,100,100,100,100,100,100,100,100,100
round_queries,100,300,1100,4900,24300,118500,584700,2840500,14400500,72658300
round_k,0,1,5,24,121,592,2923,14202,72002,363291
round_shots,200,100,100,100,100,100,100,100,100
round_queries,200,500,1500,5700,25300,125900,617100,3069300,15537500
round_k,0,2,7,28,126,629,3085,15346,77687
round_shots,100,100,100,100,100,100,100,100,100,100
round_queries,100,300,700,1900,8500,40100,195700,969700,4854700,24634300
round_k,0,1,3,9,42,200,978,4848,24273,123171
round_shots,200,100,100,100,100,100,100,100,100,100
round_queries,200,300,1100,4500,20900,99700,499700,2505700,12708700,63926500
round_k,0,1,5,22,104,498,2498,12528,63543,319632
round_shots,100,100,100,100,100,100,100,100,100,100
round_queries,100,300,1100,3700,17300,82300,407300,2053500,10357900,52345100
round_k,0,1,5,18,86,411,2036,10267,51789,261725
round_shots,200,100,100,100,100,100,100,100,100
round_queries,200,300,1100,5500,26900,130100,653700,3282500,16569300
round_k,0,1,5,27,134,650,3268,16412,82846
round_shots,200,100,100,100,100,100,100,100,100,100
round_queries,200,300,1100,5500,24300,121500,601100,3013700,15281700,76989700
round_k,0,1,5,27,121,607,3005,15068,76408,384948
round_shots,200,100,100,100,100,100,100,100,100,100
round_queries,200,300,1100,4700,21300,102100,517100,2594300,13102100,65893300
round_k,0,1,5,23,106,510,2585,12971,65510,329466
round_shots,100,100,100,100,100,100,100,100,100
round_queries,100,300,1100,4900,24500,120700,609700,3064700,15502100
round_k,0,1,5,24,122,603,3048,15323,77510
round_shots,200,100,100,100,100,100,100,100,100,100
round_queries,200,300,1100,3100,13500,66700,330100,1650500,8272500,41823100
round_k,0,1,5,15,67,333,1650,8252,41362,209115
round_shots,200,100,100,100,100,100,100,100,100,100
round_queries,200,300,1100,4900,22900,106700,535300,2700300,13660500,69207300
round_k,0,1,5,24,114,533,2676,13501,68302,346036
round_shots,100,100,100,100,100,100,100,100,100,100
round_queries,100,300,1100,4500,21700,103500,514900,2556100,12954300,65713500
round_k,0,1,5,22,108,517,2574,12780,64771,328567
round_shots,100,100,100,100,100,100,100,100,100,100
round_queries,100,300,1100,4500,20300,95500,474100,2365500,12000900,60907900
round_k,0,1,5,22,101,477,2370,11827,60004,304539
round_shots,100,100,100,100,100,100,100,100,100
round_queries,100,300,1100,4900,24300,116100,697900,4237900,21128300
round_k,0,1,5,24,121,580,3489,21189,105641
round_shots,100,100,100,100,100,100,100,100,100,100
round_queries,100,300,1100,3500,15700,75900,379300,1898100,9601300,48604900
round_k,0,1,5,17,78,379,1896,9490,48006,243024
round_shots,100,100,100,100,100,100,100,100,100,100
round_queries,100,300,1100,4100,18300,91500,446500,2240300,11227300,56424900
round_k,0,1,5,20,91,457,2232,11201,56136,282124
round_shots,100,100,100,100,100,100,100,100,100,100
round_queries,100,300,1100,4900,21500,100900,505300,2553500,12841700,64976900
round_k,0,1,5,24,107,504,2526,12767,64208,324884
round_shots,200,100,100,100,100,100,100,100,100,100
round_queries,200,300,1100,4700,22500,109100,552100,2776300,13990500,70702100
round_k,0,1,5,23,112,545,2760,13881,69952,353510
round_shots,100,100,100,100,100,100,100,100,100,100
round_queries,100,300,1100,5300,25500,125900,605900,3062100,15409100,78178700
round_k,0,1,5,26,127,629,3029,15310,77045,390893
round_shots,100,100,100,100,100,100,100,100,100,100
round_queries,100,300,1100,4100,19100,90500,442300,2174700,10912700,54841500
round_k,0,1,5,20,95,452,2211,10873,54563,274207
round_shots,100,100,100,100,100,100,100,100,100,100
round_queries,100,300,1100,4100,19700,98500,491900,2447700,12263900,62087100
round_k,0,1,5,20,98,492,2459,12238,61319,310435
round_shots,200,100,100,100,100,100,100,100,100,100
round_queries,200,300,1100,4900,22700,107300,528700,2662300,13501300,68089700
round_k,0,1,5,24,113,536,2643,13311,67506,340448
round_shots,100,100,100,100,100,100,100,100,100,100
round_queries,100,300,1100,4100,19500,96900,484900,2444700,12382500,62382700
round_k,0,1,5,20,97,484,2424,12223,61912,311913
round_shots,200,100,100,100,100,100,100,100,100,100
round_queries,200,300,1100,4100,19300,89700,451300,2240900,11321500,56942300
round_k,0,1,5,20,96,448,2256,11204,56607,284711
round_shots,200,100,100,100,100,100,100,100,100,100
round_queries,200,300,1100,4700,20500,97700,489300,2448700,12383500,62734300
round_k,0,1,5,23,102,488,2446,12243,61917,313671
round_shots,100,100,100,100,100,100,100,100,100,100
round_queries,100,300,1100,4900,22900,113500,563300,2837100,14332100,72785900
round_k,0,1,5,24,114,567,2816,14185,71660,363929
round_shots,100,100,100,100,100,100,100,100,100,100
round_queries,100,300,1100,4700,21900,105500,527700,2665300,13479100,67924900
round_k,0,1,5,23,109,527,2638,13326,67395,339624
round_shots,100,100,100,100,100,100,100,100,100,100
round_queries,100,300,1100,3700,16700,78900,391300,1959500,9896100,50087500
round_k,0,1,5,18,83,394,1956,9797,49480,250437
round_shots,200,100,100,100,100,100,100,100,100,100
round_queries,200,300,1100,5100,22300,108100,533700,2673700,13494500,68153300
round_k,0,1,5,25,111,540,2668,13368,67472,340766
round_shots,300,100,100,100,100,100,100,100,100
round_queries,300,500,2500,10700,51100,249500,1254300,6338100,31948500
round_k,0,2,12,53,255,1247,6271,31690,159742
round_shots,300,100,100,100,100,100,100,100,100,100
round_queries,300,300,1500,5300,25900,122700,601500,3035100,15340100,77846700
round_k,0,1,7,26,129,613,3007,15175,76700,389233
round_shots,200,100,100,100,100,100,100,100,100,100
round_queries,200,300,1100,5100,22700,109900,530100,2657700,13354700,67806900
round_k,0,1,5,25,113,549,2650,13288,66773,339034
round_shots,100,100,100,100,100,100,100,100,100,100
round_queries,100,300,700,1900,7900,39100,195900,973500,4888500,24719500
round_k,0,1,3,9,39,195,979,4867,24442,123597
round_shots,100,100,100,100,100,100,100,100,100,100
round_queries,100,300,700,2900,12900,62500,310300,1548100,7848300,39825700
round_k,0,1,3,14,64,312,1551,7740,39241,199128
round_shots,100,100,100,100,100,100,100,100,100,100
round_queries,100,300,1100,4300,18900,91900,457700,2285900,11496700,58282300
round_k,0,1,5,21,94,459,2288,11429,57483,291411
round_shots,300,100,100,100,100,100,100,100,100,100
round_queries,300,300,700,2900,12500,58100,289300,1442700,7305900,37036900
round_k,0,1,3,14,62,290,1446,7213,36529,185184
round_shots,300,100,100,100,100,100,100,100,100,100
round_queries,300,300,700,2300,9700,44900,219700,1091300,5461100,27660700
round_k,0,1,3,11,48,224,1098,5456,27305,138303
round_shots,300,100,100,100,100,100,100,100,100,100
round_queries,300,300,1100,5100,22300,103100,514100,2578300,13034700,66103900
round_k,0,1,5,25,111,515,2570,12891,65173,330519
round_shots,200,100,100,100,100,100,100,100,100,100
round_queries,200,300,1100,4100,19300,95100,471700,2385300,11967900,60447300
round_k,0,1,5,20,96,475,2358,11926,59839,302236
round_shots,200,100,100,100,100,100,100,100,100,100
round_queries,200,300,1100,4700,20900,98300,492300,2443900,12335500,62580300
round_k,0,1,5,23,104,491,2461,12219,61677,312901
round_shots,200,100,100,100,100,100,100,100,100,100
round_queries,200,300,1100,3700,17700,85700,422900,2124700,10681500,54093100
round_k,0,1,5,18,88,428,2114,10623,53407,270465
round_shots,100,100,100,100,100,100,100,100,100,100
round_queries,100,300,700,2300,9900,49700,246300,1225300,6196500,31124100
round_k,0,1,3,11,49,248,1231,6126,30982,155620
round_shots,200,100,100,100,100,100,100,100,100,100
round_queries,200,300,1100,4700,21900,109900,551100,2779100,14019700,71160900
round_k,0,1,5,23,109,549,2755,13895,70098,355804
round_shots,100,100,100,100,100,100,100,100,100,100
round_queries,100,300,700,3300,14700,69500,342700,1727700,8695500,44003300
round_k,0,1,3,16,73,347,1713,8638,43477,220016
round_shots,100,100,100,100,100,100,100,100,100,100
round_queries,100,300,700,3300,15500,75500,376500,1902100,9611300,48783700
round_k,0,1,3,16,77,377,1882,9510,48056,243918
round_shots,200,100,100,100,100,100,100,100,100,100
round_queries,200,300,1100,4500,21300,104500,522100,2615100,13242700,66827700
round_k,0,1,5,22,106,522,2610,13075,66213,334138
round_shots,200,100,100,100,100,100,100,100,100
round_queries,200,500,1500,5300,26500,130300,647300,3264100,16520900
round_k,0,2,7,26,132,651,3236,16320,82604
round_shots,100,100,100,100,100,100,100,100,100,100
round_queries,100,300,700,2900,11700,54300,268700,1336100,6766300,34305500
round_k,0,1,3,14,58,271,1343,6680,33831,171527
round_shots,200,100,100,100,100,100,100,100,100
round_queries,200,300,1500,7100,35300,173500,835900,4232100,21325300
round_k,0,1,7,35,176,867,4179,21160,106626
round_shots,300,100,100,100,100,100,100,100,100
round_queries,300,500,1900,7500,33900,163100,815700,4104900,20575300
round_k,0,2,9,37,169,815,4078,20524,102876
round_shots,100,100,100,100,100,100,100,100,100,100
round_queries,100,300,1100,4500,21700,106500,513500,2586300,13023300,66050900
round_k,0,1,5,22,108,532,2567,12931,65116,330254
round_shots,100,100,100,100,100,100,100,100,100,100
round_queries,100,300,1100,4500,22500,109900,546500,2746100,13956300,70253500
round_k,0,1,5,22,112,549,2732,13730,69781,351267
round_shots,100,100,100,100,100,100,100,100,100,100
round_queries,100,300,700,3100,14500,71500,352900,1772300,8974700,45549700
round_k,0,1,3,15,72,357,1764,8861,44873,227748
round_shots,100,100,100,100,100,100,100,100,100
round_queries,100,300,1500,6900,30700,151100,758500,3806700,19089300
round_k,0,1,7,34,153,755,3792,19033,95446
round_shots,100,100,100,100,100,100,100,100,100
round_queries,100,300,1100,5500,26300,128100,630100,3153500,15978100
round_k,0,1,5,27,131,640,3150,15767,79890
round_shots,100,100,100,100,100,100,100,100,100,100
round_queries,100,300,1100,4500,20700,97300,481500,2425900,12219100,61998900
round_k,0,1,5,22,103,486,2407,12129,61095,309994
round_shots,100,200,100,100,100,100,100,100,100
round_queries,100,600,1900,8100,40500,197300,984900,4932900,24740300
round_k,0,1,9,40,202,986,4924,24664,123701
round_shots,100,100,100,100,100,100,100,100,100,100
round_queries,100,300,1100,4700,20900,101700,503100,2501100,12556100,63301700
round_k,0,1,5,23,104,508,2515,12505,62780,316508
round_shots,100,100,100,100,100,100,100,100,100,100
round_queries,100,300,700,3300,16100,80700,390100,1942700,9858700,49973700
round_k,0,1,3,16,80,403,1950,9713,49293,249868
round_shots,200,100,100,100,100,100,100,100,100,100
round_queries,200,300,1100,3700,16300,76300,377500,1871700,9390700,47654900
round_k,0,1,5,18,81,381,1887,9358,46953,238274
round_shots,200,100,100,100,100,100,100,100,100
round_queries,200,300,1500,5900,27700,136700,673300,3376700,17067700
round_k,0,1,7,29,138,683,3366,16883,85338
round_shots,200,100,100,100,100,100,100,100,100,100
round_queries,200,300,1100,3700,17100,82100,399700,1878700,8890900,44974500
round_k,0,1,5,18,85,410,1998,9393,44454,224872
round_shots,300,100,100,100,100,100,100,100,100,100
round_queries,300,300,1100,4100,19900,100500,499300,2502900,12643700,63940500
round_k,0,1,5,20,99,502,2496,12514,63218,319702
round_shots,100,100,100,100,100,100,100,100,100,100
round_queries,100,300,1100,4100,19900,96700,480300,2392100,12721300,64101300
round_k,0,1,5,20,99,483,2401,11960,63606,320506
round_shots,100,100,100,100,100,100,100,100,100,100
round_queries,100,300,1100,4100,18300,89500,423700,2120500,10604500,53256300
round_k,0,1,5,20,91,447,2118,10602,53022,266281
round_shots,100,100,100,100,100,100,100,100,100,100
round_queries,100,300,1100,4100,19700,95900,472900,2372100,11992100,60746900
round_k,0,1,5,20,98,479,2364,11860,59960,303734
round_shots,200,100,100,100,100,100,100,100,100,100
round_queries,200,300,1100,4500,20500,102500,512700,2578900,12877900,65235900
round_k,0,1,5,22,102,512,2563,12894,64389,326179
round_shots,200,100,100,100,100,100,100,100,100
round_queries,200,300,1100,5100,24500,123300,616100,3109700,15601900
round_k,0,1,5,25,122,616,3080,15548,78009
round_shots,100,100,100,100,100,100,100,100,100,100
round_queries,100,300,1100,3500,13900,65100,321100,1621100,8210100,41613900
round_k,0,1,5,17,69,325,1605,8105,41050,208069
round_shots,100,100,100,100,100,100,100,100,100,100
round_queries,100,300,700,2500,11700,54500,257900,1288900,6505700,32863300
round_k,0,1,3,12,58,272,1289,6444,32528,164316
round_shots,100,100,100,100,100,100,100,100,100,100
round_queries,100,300,1100,4500,20500,99300,487300,2461300,12463100,63098900
round_k,0,1,5,22,102,496,2436,12306,62315,315494
round_shots,200,100,100,100,100,100,100,100,100
round_queries,200,300,1500,6300,29100,142500,713500,3593500,18082300
round_k,0,1,7,31,145,712,3567,17967,90411
round_shots,200,100,100,100,100,100,100,100,100,100
round_queries,200,300,1100,3900,16300,76300,380100,1904100,9617900,48809900
round_k,0,1,5,19,81,381,1900,9520,48089,244049
round_shots,200,100,100,100,100,100,100,100,100,100
round_queries,200,300,1100,4100,18300,90100,449900,2257300,11359700,57598500
round_k,0,1,5,20,91,450,2249,11286,56798,287992
round_shots,100,100,100,100,100,100,100,100,100,100
round_queries,100,300,1100,3700,17500,86300,434700,2185700,11058500,55944300
round_k,0,1,5,18,87,431,2173,10928,55292,279721
round_shots,100,100,100,100,100,100,100,100,100,100
round_queries,100,300,700,2300,11500,54100,264100,1338100,6785900,34401500
round_k,0,1,3,11,57,270,1320,6690,33929,172007
round_shots,200,100,100,100,100,100,100,100,100,100
round_queries,200,300,700,2700,10700,50900,257100,1291100,6534900,33075700
round_k,0,1,3,13,53,254,1285,6455,32674,165378
round_shots,200,100,100,100,100,100,100,100,100,100
round_queries,200,300,1100,3500,15100,70900,344700,1740100,8794100,44561700
round_k,0,1,5,17,75,354,1723,8700,43970,222808
round_shots,200,100,100,100,100,100,100,100,100,100
round_queries,200,300,1100,4300,17900,87700,423700,2127300,10664700,53691900
round_k,0,1,5,21,89,438,2118,10636,53323,268459
round_shots,100,100,100,100,100,100,100,100,100,100
round_queries,100,300,1100,4100,19100,94300,461900,2321100,11732300,59532500
round_k,0,1,5,20,95,471,2309,11605,58661,297662
round_shots,100,100,100,100,100,100,100,100,100,100
round_queries,100,300,1100,4500,20500,96300,480900,2392500,12077100,61249900
round_k,0,1,5,22,102,481,2404,11962,60385,306249
round_shots,100,100,100,100,100,100,100,100,100,100
round_queries,100,300,1100,3100,15300,72300,357300,1780700,9025100,45492500
round_k,0,1,5,15,76,361,1786,8903,45125,227462
round_shots,100,100,100,100,100,100,100,100,100,100
round_queries,100,300,1100,3700,17100,82100,406300,2045100,10213900,51877700
round_k,0,1,5,18,85,410,2031,10225,51069,259388
round_shots,200,100,100,100,100,100,100,100,100,100
round_queries,200,300,1100,4500,19900,98100,490300,2486900,12583500,63516300
round_k,0,1,5,22,99,490,2451,12434,62917,317581
round_shots,100,100,100,100,100,100,100,100,100,100
round_queries,100,300,1100,4900,20900,101700,504100,2523300,12748500,64575300
round_k,0,1,5,24,104,508,2520,12616,63742,322876
round_shots,100,100,100,100,100,100,100,100,100,100
round_queries,100,300,1100,4100,18900,90500,445300,2238100,11318700,57078900
round_k,0,1,5,20,94,452,2226,11190,56593,285394
round_shots,200,100,100,100,100,100,100,100,100
round_queries,200,300,1500,6700,30300,145900,729900,3631100,18200300
round_k,0,1,7,33,151,729,3649,18155,91001
round_shots,200,100,100,100,100,100,100,100,100,100
round_queries,200,300,900,2700,12700,58700,292500,1472500,7382300,37257100
round_k,0,1,4,13,63,293,1462,7362,36911,186285
round_shots,200,100,100,100,100,100,100,100,100,100
round_queries,200,300,1100,4900,21700,104500,528700,2657500,13431100,68152100
round_k,0,1,5,24,108,522,2643,13287,67155,340760
round_shots,200,100,100,100,100,100,100,100,100,100
round_queries,200,300,1100,4100,18500,85100,428100,2151900,10880300,55241100
round_k,0,1,5,20,92,425,2140,10759,54401,276205
round_shots,200,100,100,100,100,100,100,100,100,100
round_queries,200,300,700,3500,17500,86300,431500,2143500,10813700,54833500
round_k,0,1,3,17,87,431,2157,10717,54068,274167
round_shots,200,100,100,100,100,100,100,100,100,100
round_queries,200,300,1100,4700,22500,109100,545900,2727300,13835500,69452500
round_k,0,1,5,23,112,545,2729,13636,69177,347262
round_shots,100,100,100,100,100,100,100,100,100,100
round_queries,100,300,1100,4700,23500,116100,577100,2883900,14647100,74202700
round_k,0,1,5,23,117,580,2885,14419,73235,371013
round_shots,200,100,100,100,100,100,100,100,100,100
round_queries,200,300,700,2300,9300,42700,210700,1061100,5322100,26988100
round_k,0,1,3,11,46,213,1053,5305,26610,134940
round_shots,200,100,100,100,100,100,100,100,100,100
round_queries,200,500,1500,5700,26300,124900,610500,2970500,15052700,76359500
round_k,0,2,7,28,131,624,3052,14852,75263,381797
round_shots,100,100,100,100,100,100,100,100,100,100
round_queries,100,300,1100,3700,16700,82900,413300,2072700,10452300,52952900
round_k,0,1,5,18,83,414,2066,10363,52261,264764
round_shots,100,100,100,100,100,100,100,100,100,100
round_queries,100,300,1100,4700,22300,108300,534100,2679900,13485900,68324100
round_k,0,1,5,23,111,541,2670,13399,67429,341620
round_shots,100,100,100,100,100,100,100,100,100,100
round_queries,100,300,1100,4900,22500,111900,563300,2823500,14221700,72112300
round_k,0,1,5,24,112,559,2816,14117,71108,360561
round_shots,300,100,100,100,100,100,100,100,100,100
round_queries,300,300,1100,5100,23900,118100,591700,2985100,14956300,75092500
round_k,0,1,5,25,119,590,2958,14925,74781,375462
round_shots,100,100,100,100,100,100,100,100,100,100
round_queries,100,300,1100,4100,18500,86300,433900,2196500,11101700,56171500
round_k,0,1,5,20,92,431,2169,10982,55508,280857
round_shots,100,100,100,100,100,100,100,100,100,100
round_queries,100,300,700,1900,7100,32700,158700,776700,3908900,19551700
round_k,0,1,3,9,35,163,793,3883,19544,97758
round_shots,100,100,100,100,100,100,100,100,100,100
round_queries,100,300,1100,4700,21900,107500,537100,2700700,13695300,69106900
round_k,0,1,5,23,109,537,2685,13503,68476,345534
round_shots,100,100,100,100,100,100,100,100,100,100
round_queries,100,300,700,2900,12900,63100,317500,1487500,7523700,38078900
round_k,0,1,3,14,64,315,1587,7437,37618,190394
round_shots,100,100,100,100,100,100,100,100,100,100
round_queries,100,300,1100,4100,20100,97300,487500,2451100,12421100,63024700
round_k,0,1,5,20,100,486,2437,12255,62105,315123
round_shots,100,100,100,100,100,100,100,100,100,100
round_queries,100,300,1100,4100,19500,90700,453500,2267300,11450300,57867500
round_k,0,1,5,20,97,453,2267,11336,57251,289337
round_shots,100,100,100,100,100,100,100,100,100
round_queries,100,300,1500,6300,30100,148900,744500,3741900,18844700
round_k,0,1,7,31,150,744,3722,18709,94223
round_shots,200,100,100,100,100,100,100,100,100,100
round_queries,200,300,1100,4100,19300,95100,477900,2373300,12021700,60591100
round_k,0,1,5,20,96,475,2389,11866,60108,302955
round_shots,200,100,100,100,100,100,100,100,100,100
round_queries,200,300,700,2300,10700,50300,305300,1539100,7695300,39033300
round_k,0,1,3,11,53,251,1526,7695,38476,195166
round_shots,100,100,100,100,100,100,100,100,100,100
round_queries,100,300,700,3300,13900,63900,321100,1613900,8149500,41062500
round_k,0,1,3,16,69,319,1605,8069,40747,205312
round_shots,100,100,100,100,100,100,100,100,100,100
round_queries,100,300,1100,3700,17100,80300,398300,2003100,10146300,51503900
round_k,0,1,5,18,85,401,1991,10015,50731,257519
round_shots,200,100,100,100,100,100,100,100,100,100
round_queries,200,300,1100,4500,22300,104700,502700,2509700,12666900,64245500
round_k,0,1,5,22,111,523,2513,12548,63334,321227
round_shots,100,100,100,100,100,100,100,100,100,100
round_queries,100,300,1100,3900,18100,84700,420500,2111700,10709300,54261100
round_k,0,1,5,19,90,423,2102,10558,53546,271305
round_shots,300,100,100,100,100,100,100,100,100,100
round_queries,300,300,700,1900,8100,37300,185900,931300,4685300,23677900
round_k,0,1,3,9,40,186,929,4656,23426,118389
round_shots,200,100,100,100,100,100,100,100,100,100
round_queries,200,300,700,2300,9900,47500,234300,1156100,5821300,29428700
round_k,0,1,3,11,49,237,1171,5780,29106,147143
round_shots,200,100,100,100,100,100,100,100,100,100
round_queries,200,300,1100,4100,17500,82900,417500,2070300,10400700,52550300
round_k,0,1,5,20,87,414,2087,10351,52003,262751
round_shots,100,100,100,100,100,100,100,100,100,100
round_queries,100,300,1100,4900,24500,117300,580500,2910300,14694500,74040300
round_k,0,1,5,24,122,586,2902,14551,73472,370201
round_shots,200,100,100,100,100,100,100,100,100
round_queries,200,500,2300,9100,42500,208900,1037900,5245100,26233900
round_k,0,2,11,45,212,1044,5189,26225,131169
round_shots,100,100,100,100,100,100,100,100,100,100
round_queries,100,300,1100,4900,22700,113500,563700,2776900,14032700,71135300
round_k,0,1,5,24,113,567,2818,13884,70163,355676
round_shots,200,100,100,100,100,100,100,100,100,100
round_queries,200,300,1100,4900,24100,120700,588500,2965700,14959500,75929700
round_k,0,1,5,24,120,603,2942,14828,74797,379648
round_shots,200,100,100,100,100,100,100,100,100
round_queries,200,700,2900,13100,60700,295900,1488700,7488500,37840500
round_k,0,3,14,65,303,1479,7443,37442,189202
round_shots,100,100,100,100,100,100,100,100,100,100
round_queries,100,300,1100,4700,20900,103900,519900,2597900,12986700,65769300
round_k,0,1,5,23,104,519,2599,12989,64933,328846
round_shots,100,100,100,100,100,100,100,100,100,100
round_queries,100,300,700,1900,8100,36500,184700,928900,4666500,23468500
round_k,0,1,3,9,40,182,923,4644,23332,117342
round_shots,100,100,100,100,100,100,100,100,100,100
round_queries,100,300,1100,4900,24100,117900,590900,2950900,14917700,75579300
round_k,0,1,5,24,120,589,2954,14754,74588,377896
round_shots,200,100,100,100,100,100,100,100,100,100
round_queries,200,300,1100,5100,23300,112700,564700,2842500,14384300,72467300
round_k,0,1,5,25,116,563,2823,14212,71921,362336
round_shots,100,100,100,100,100,100,100,100,100,100
round_queries,100,300,1100,5100,24900,121100,599300,2998100,15189500,77042700
round_k,0,1,5,25,124,605,2996,14990,75947,385213
round_shots,100,100,100,100,100,100,100,100,100,100
round_queries,100,300,700,2300,10700,50900,250300,1245100,6288100,31671300
round_k,0,1,3,11,53,254,1251,6225,31440,158356
round_shots,100,100,100,100,100,100,100,100,100,100
round_queries,100,300,1100,4500,20500,99500,495500,2484700,12573500,63636300
round_k,0,1,5,22,102,497,2477,12423,62867,318181
round_shots,300,100,100,100,100,100,100,100,100,100
round_queries,300,300,1100,5500,26100,123500,611500,3063100,15311700,77732700
round_k,0,1,5,27,130,617,3057,15315,76558,388663
round_shots,100,100,100,100,100,100,100,100,100,100
round_queries,100,300,1100,4500,20900,103500,513500,2573100,13012700,65812100
round_k,0,1,5,22,104,517,2567,12865,65063,329060
round_shots,100,100,100,100,100,100,100,100,100,100
round_queries,100,300,700,2900,13700,66500,325500,1624100,8214500,41362700
round_k,0,1,3,14,68,332,1627,8120,41072,206813
round_shots,300,100,100,100,100,100,100,100,100,100
round_queries,300,300,1100,4100,19700,94900,468300,2343900,11844100,59999500
round_k,0,1,5,20,98,474,2341,11719,59220,299997
round_shots,300,100,100,100,100,100,100,100,100,100
round_queries,300,300,700,2900,12500,60700,301900,1509500,7638300,38502300
round_k,0,1,3,14,62,303,1509,7547,38191,192511
round_shots,200,100,100,100,100,100,100,100,100,100
round_queries,200,300,900,2700,11500,52900,260500,1307900,6600300,33375700
round_k,0,1,4,13,57,264,1302,6539,33001,166878
round_shots,200,100,100,100,100,100,100,100,100,100
round_queries,200,300,700,1900,9100,44500,216300,1080900,5438700,27231900
round_k,0,1,3,9,45,222,1081,5404,27193,136159
round_shots,200,100,100,100,100,100,100,100,100,100
round_queries,200,300,1100,3700,16700,78900,387500,1945900,9755900,49173700
round_k,0,1,5,18,83,394,1937,9729,48779,245868
round_shots,200,100,100,100,100,100,100,100,100,100
round_queries,200,300,1100,4900,24100,117700,568300,2850900,14390500,72820900
round_k,0,1,5,24,120,588,2841,14254,71952,364104
round_shots,100,100,100,100,100,100,100,100,100,100
round_queries,100,300,1100,4900,22900,112100,553500,2764700,13810900,70033500
round_k,0,1,5,24,114,560,2767,13823,69054,350167
round_shots,200,100,100,100,100,100,100,100,100
round_queries,200,500,1900,9100,41700,197700,1000500,5046500,25597500
round_k,0,2,9,45,208,988,5002,25232,127987
round_shots,200,100,100,100,100,100,100,100,100,100
round_queries,200,300,1500,4900,23500,115100,567300,2865300,14542100,73775500
round_k,0,1,7,24,117,575,2836,14326,72710,368877
round_shots,200,100,100,100,100,100,100,100,100,100
round_queries,200,300,700,2300,9900,45300,211300,1036300,5233900,26476900
round_k,0,1,3,11,49,226,1056,5181,26169,132384
round_shots,200,100,100,100,100,100,100,100,100
round_queries,200,300,1500,6300,29500,147900,739500,3697900,18693100
round_k,0,1,7,31,147,739,3697,18489,93465
round_shots,100,100,100,100,100,100,100,100,100,100
round_queries,100,300,700,2300,11500,53900,260300,1297300,6522300,32804300
round_k,0,1,3,11,57,269,1301,6486,32611,164021
round_shots,200,100,100,100,100,100,100,100,100,100
round_queries,200,300,1100,3700,17300,85100,425100,2120300,10723500,54360700
round_k,0,1,5,18,86,425,2125,10601,53617,271803
round_shots,100,100,100,100,100,100,100,100,100,100
round_queries,100,300,1100,5500,25300,118500,583300,2925900,14801300,75021700
round_k,0,1,5,27,126,592,2916,14629,74006,375108
round_shots,100,100,100,100,100,100,100,100,100,100
round_queries,100,300,1100,4500,20100,94500,476900,2390500,12049100,60759900
round_k,0,1,5,22,100,472,2384,11952,60245,303799
round_shots,100,100,100,100,100,100,100,100,100,100
round_queries,100,300,1100,4500,19300,94900,467100,2346900,11738500,59340900
round_k,0,1,5,22,96,474,2335,11734,58692,296704
round_shots,100,100,100,100,100,100,100,100,100
round_queries,100,300,1100,4100,19300,92500,463900,2294300,13764100
round_k,0,1,5,20,96,462,2319,11471,68820
round_shots,200,100,100,100,100,100,100,100,100,100
round_queries,200,300,700,2900,12900,60700,304500,1522500,7667300,38869500
round_k,0,1,3,14,64,303,1522,7612,38336,194347
round_shots,300,100,100,100,100,100,100,100,100
round_queries,300,500,1500,6500,29100,139100,693300,3479700,17604300
round_k,0,2,7,32,145,695,3466,17398,88021
round_shots,100,100,100,100,100,100,100,100,100,100
round_queries,100,300,1100,4100,20500,98500,482900,2459100,12410300,62901900
round_k,0,1,5,20,102,492,2414,12295,62051,314509
round_shots,200,100,100,100,100,100,100,100,100,100
round_queries,200,300,700,1900,8500,38700,190900,951900,4780100,24245500
round_k,0,1,3,9,42,193,954,4759,23900,121227
round_shots,200,100,100,100,100,100,100,100,100,100
round_queries,200,300,1100,3700,16500,78900,383300,1927300,9687700,49073900
round_k,0,1,5,18,82,394,1916,9636,48438,245369
round_shots,200,100,100,100,100,100,100,100,100,100
round_queries,200,300,700,1900,7300,34700,172300,855900,4306900,21790100
round_k,0,1,3,9,36,173,861,4279,21534,108950
round_shots,200,100,100,100,100,100,100,100,100,100
round_queries,200,500,1500,4900,22300,110900,553300,2778500,14060500,70745900
round_k,0,2,7,24,111,554,2766,13892,70302,353729
round_shots,100,100,100,100,100,100,100,100,100,100
round_queries,100,300,1100,5500,24700,119300,590100,2982300,15031900,76044700
round_k,0,1,5,27,123,596,2950,14911,75159,380223
round_shots,200,100,100,100,100,100,100,100,100,100
round_queries,200,300,1100,4500,20500,97700,492300,2446500,12352300,62191500
round_k,0,1,5,22,102,488,2461,12232,61761,310957
round_shots,100,100,100,100,100,100,100,100,100,100
round_queries,100,300,700,1900,8100,39700,199300,995900,5016300,25393100
round_k,0,1,3,9,40,198,996,4979,25081,126965
round_shots,300,100,100,100,100,100,100,100,100,100
round_queries,300,300,1100,3700,15900,77300,382500,1927700,9760700,49362300
round_k,0,1,5,18,79,386,1912,9638,48803,246811
round_shots,100,100,100,100,100,100,100,100,100,100
round_queries,100,300,1100,4100,18700,91900,453900,2271700,11379500,57462700
round_k,0,1,5,20,93,459,2269,11358,56897,287313
round_shots,100,100,100,100,100,100,100,100,100,100
round_queries,100,300,700,2300,10300,50100,248500,1239300,6260300,31602500
round_k,0,1,3,11,51,250,1242,6196,31301,158012
round_shots,100,100,100,100,100,100,100,100,100,100
round_queries,100,300,1100,3700,17900,88500,442900,2218900,11225700,56876700
round_k,0,1,5,18,89,442,2214,11094,56128,284383
round_shots,100,100,100,100,100,100,100,100,100,100
round_queries,100,300,700,1900,7700,34900,167100,814100,4092300,20707700
round_k,0,1,3,9,38,174,835,4070,20461,103538
round_shots,200,100,100,100,100,100,100,100,100,100
round_queries,200,300,1100,3900,19500,94500,488900,2440100,12253900,61904300
round_k,0,1,5,19,97,472,2444,12200,61269,309521
round_shots,100,100,100,100,100,100,100,100,100,100
round_queries,100,300,1100,4900,21700,104100,513100,2568100,13042700,65926300
round_k,0,1,5,24,108,520,2565,12840,65213,329631
round_shots,100,100,100,100,100,100,100,100,100,100
round_queries,100,300,1100,4100,19700,91900,462300,2318300,11743900,59616900
round_k,0,1,5,20,98,459,2311,11591,58719,298084
round_shots,200,100,100,100,100,100,100,100,100,100
round_queries,200,300,1100,3700,17500,83700,413300,2070900,10426100,52834700
round_k,0,1,5,18,87,418,2066,10354,52130,264173
round_shots,100,100,100,100,100,100,100,100,100,100
round_queries,100,300,1100,3700,17300,82900,408900,2029100,10277500,51853500
round_k,0,1,5,18,86,414,2044,10145,51387,259267
round_shots,200,100,100,100,100,100,100,100,100,100
round_queries,200,300,1100,4500,20900,98900,487700,2468900,12451900,62976300
round_k,0,1,5,22,104,494,2438,12344,62259,314881
round_shots,200,100,100,100,100,100,100,100,100
round_queries,200,300,1500,5900,27500,137300,652100,3247100,16348100
round_k,0,1,7,29,137,686,3260,16235,81740
round_shots,100,100,100,100,100,100,100,100,100
round_queries,100,300,1500,6900,31700,151900,757500,3751100,19032500
round_k,0,1,7,34,158,759,3787,18755,95162
round_shots,200,100,100,100,100,100,100,100,100,100
round_queries,200,300,1100,4700,21500,107500,539100,2696300,13650700,69234900
round_k,0,1,5,23,107,537,2695,13481,68253,346174
round_shots,300,100,100,100,100,100,100,100,100
round_queries,300,300,1100,5300,24500,116300,580700,2943100,14848300
round_k,0,1,5,26,122,581,2903,14715,74241
round_shots,100,100,100,100,100,100,100,100,100,100
round_queries,100,300,1100,3700,16500,79300,400500,2007100,10151500,51454100
round_k,0,1,5,18,82,396,2002,10035,50757,257270
round_shots,200,100,100,100,100,100,100,100,100,100
round_queries,200,300,1100,4100,18700,91100,455900,2291300,11491100,57948700
round_k,0,1,5,20,93,455,2279,11456,57455,289743
round_shots,100,100,100,100,100,100,100,100,100
round_queries,100,500,2300,8900,40700,200500,1015900,5090300,25504900
round_k,0,2,11,44,203,1002,5079,25451,127524
round_shots,200,100,100,100,100,100,100,100,100
round_queries,200,300,1500,6900,39700,193700,968900,4884100,24752500
round_k,0,1,7,34,198,968,4844,24420,123762
round_shots,100,100,100,100,100,100,100,100,100,100
round_queries,100,300,1100,4100,19500,94500,475900,2386900,12082500,60996900
round_k,0,1,5,20,97,472,2379,11934,60412,304984
round_shots,100,100,100,100,100,100,100,100,100,100
round_queries,100,300,1100,4500,20100,95300,476500,2412500,12158900,61633500
round_k,0,1,5,22,100,476,2382,12062,60794,308167
round_shots,100,100,100,100,100,100,100,100,100,100
round_queries,100,300,1100,3700,16500,79700,391500,1978300,9956300,50546500
round_k,0,1,5,18,82,398,1957,9891,49781,252732
round_shots,200,100,100,100,100,100,100,100,100
round_queries,200,500,2300,10900,51700,256700,1288700,6527100,32862100
round_k,0,2,11,54,258,1283,6443,32635,164310
round_shots,200,100,100,100,100,100,100,100,100
round_queries,200,300,1100,5500,26300,126900,635700,3184700,16135900
round_k,0,1,5,27,131,634,3178,15923,80679
round_shots,200,100,100,100,100,100,100,100,100,100
round_queries,200,300,1100,4500,20300,99100,482300,2431300,12196500,61706500
round_k,0,1,5,22,101,495,2411,12156,60982,308532
round_shots,200,100,100,100,100,100,100,100,100,100
round_queries,200,300,1100,4900,22900,113700,548700,2766700,13966100,70885500
round_k,0,1,5,24,114,568,2743,13833,69830,354427
round_shots,100,100,100,100,100,100,100,100,100,100
round_queries,100,300,1100,4100,18500,89300,444100,2239500,11256500,57195500
round_k,0,1,5,20,92,446,2220,11197,56282,285977
round_shots,100,100,100,100,100,100,100,100,100,100
round_queries,100,300,1100,5300,23300,111700,548300,2746500,13897700,70313300
round_k,0,1,5,26,116,558,2741,13732,69488,351566
round_shots,200,100,100,100,100,100,100,100,100,100
round_queries,200,300,1100,4300,20100,96500,447300,2263300,11011700,55933300
round_k,0,1,5,21,100,482,2236,11316,55058,279666
round_shots,100,100,100,100,100,100,100,100,100,100
round_queries,100,300,1100,3700,16900,80900,401900,1992100,10086700,50790500
round_k,0,1,5,18,84,404,2009,9960,50433,253952
round_shots,100,100,100,100,100,100,100,100,100,100
round_queries,100,300,1100,4700,20300,97500,486500,2456100,12378900,62867900
round_k,0,1,5,23,101,487,2432,12280,61894,314339
round_shots,200,100,100,100,100,100,100,100,100,100
round_queries,200,300,1100,3700,16300,80300,400700,2024700,10237900,51670300
round_k,0,1,5,18,81,401,2003,10123,51189,258351
round_shots,100,100,100,100,100,100,100,100,100,100
round_queries,100,300,700,1900,8500,37900,185100,916900,4618700,23285100
round_k,0,1,3,9,42,189,925,4584,23093,116425
round_shots,100,100,100,100,100,100,100,100,100,100
round_queries,100,300,700,2900,13500,64300,331700,1663900,8430700,42763900
round_k,0,1,3,14,67,321,1658,8319,42153,213819
round_shots,100,100,100,100,100,100,100,100,100,100
round_queries,100,300,700,2300,9100,43100,210900,1043300,5253300,26618300
round_k,0,1,3,11,45,215,1054,5216,26266,133091
round_shots,100,100,100,100,100,100,100,100,100,100
round_queries,100,300,700,2700,10900,54900,269900,1340900,6771500,34087900
round_k,0,1,3,13,54,274,1349,6704,33857,170439
round_shots,100,100,100,100,100,100,100,100,100,100
round_queries,100,300,1100,4900,21500,106900,519900,2622300,13231100,67037300
round_k,0,1,5,24,107,534,2599,13111,66155,335186
round_shots,100,100,100,100,100,100,100,100,100,100
round_queries,100,300,700,1900,7500,36100,170500,853500,4233300,21013700
round_k,0,1,3,9,37,180,852,4267,21166,105068
round_shots,100,100,100,100,100,100,100,100,100,100
round_queries,100,300,1100,4100,17700,86500,434500,2191300,11066300,56147100
round_k,0,1,5,20,88,432,2172,10956,55331,280735
round_shots,200,100,100,100,100,100,100,100,100,100
round_queries,200,300,1100,4500,21100,101500,512700,2582100,13072100,65723900
round_k,0,1,5,22,105,507,2563,12910,65360,328619
round_shots,100,100,100,100,100,100,100,100,100,100
round_queries,100,300,1100,4500,21100,100700,498300,2514700,12736300,64558300
round_k,0,1,5,22,105,503,2491,12573,63681,322791
round_shots,100,100,100,100,100,100,100,100,100,100
round_queries,100,300,1100,4900,21300,101500,497500,2499500,12597900,63807300
round_k,0,1,5,24,106,507,2487,12497,62989,319036
round_shots,100,100,100,100,100,100,100,100,100,100
round_queries,100,300,1500,4900,22500,109500,545500,2752500,13868100,70393100
round_k,0,1,7,24,112,547,2727,13762,69340,351965
round_shots,200,100,100,100,100,100,100,100,100
round_queries,200,500,1900,8500,39700,197700,979100,4950700,24901900
round_k,0,2,9,42,198,988,4895,24753,124509
round_shots,100,100,100,100,100,100,100,100,100,100
round_queries,100,300,1100,4900,21500,103900,515300,2589700,13103300,66370100
round_k,0,1,5,24,107,519,2576,12948,65516,331850
round_shots,200,100,100,100,100,100,100,100,100,100
round_queries,200,300,1100,4900,22300,109700,538500,2686700,13595300,68449100
round_k,0,1,5,24,111,548,2692,13433,67976,342245
round_shots,100,200,100,100,100,100,100,100,100,100
round_queries,100,600,1100,4500,20900,103300,510300,2551700,12873100,65339300
round_k,0,1,5,22,104,516,2551,12758,64365,326696
round_shots,200,100,100,100,100,100,100,100,100,100
round_queries,200,300,700,3100,13900,66300,327300,1651900,8338300,42269900
round_k,0,1,3,15,69,331,1636,8259,41691,211349
round_shots,100,100,100,100,100,100,100,100,100,100
round_queries,100,300,700,2300,10100,45100,222900,1116900,5602100,28251700
round_k,0,1,3,11,50,225,1114,5584,28010,141258
round_shots,100,100,100,100,100,100,100,100,100,100
round_queries,100,300,1100,4100,18100,88700,440700,2220900,11256900,57020500
round_k,0,1,5,20,90,443,2203,11104,56284,285102
round_shots,100,100,100,100,100,100,100,100,100,100
round_queries,100,300,1100,3700,16500,77900,382900,1921900,9729500,49346100
round_k,0,1,5,18,82,389,1914,9609,48647,246730
round_shots,100,100,100,100,100,100,100,100,100,100
round_queries,100,300,1100,4500,19900,95100,473300,2368700,11915700,60185500
round_k,0,1,5,22,99,475,2366,11843,59578,300927
round_shots,200,100,100,100,100,100,100,100,100,100
round_queries,200,300,1100,4500,19700,96100,476100,2377300,12024500,60866500
round_k,0,1,5,22,98,480,2380,11886,60122,304332
round_shots,200,100,100,100,100,100,100,100,100,100
round_queries,200,300,1100,4500,20300,101500,496500,2479100,12576100,63815700
round_k,0,1,5,22,101,507,2482,12395,62880,319078
round_shots,100,100,100,100,100,100,100,100,100,100
round_queries,100,300,1100,4500,22500,111100,550100,2772500,14010100,71156900
round_k,0,1,5,22,112,555,2750,13862,70050,355784
round_shots,100,100,100,100,100,100,100,100,100,100
round_queries,100,300,1100,4100,19100,90300,454500,2291500,11512300,58246700
round_k,0,1,5,20,95,451,2272,11457,57561,291233
round_shots,100,100,100,100,100,100,100,100,100,100
round_queries,100,300,1100,4900,24500,117900,585300,2939100,14816100,75227500
round_k,0,1,5,24,122,589,2926,14695,74080,376137
round_shots,200,100,100,100,100,100,100,100,100,100
round_queries,200,300,1100,4500,21700,104900,524900,2639100,13281300,66952900
round_k,0,1,5,22,108,524,2624,13195,66406,334764
round_shots,100,100,100,100,100,100,100,100,100,100
round_queries,100,300,700,3300,15300,73100,355500,1783300,8939900,45254500
round_k,0,1,3,16,76,365,1777,8916,44699,226272
round_shots,100,100,100,100,100,100,100,100,100
round_queries,100,300,1100,5500,24100,120100,717500,3610300,18194500
round_k,0,1,5,27,120,600,3587,18051,90972
round_shots,100,100,100,100,100,100,100,100,100
round_queries,100,300,1500,7300,33100,156900,795500,3974300,20133100
round_k,0,1,7,36,165,784,3977,19871,100665
round_shots,200,100,100,100,100,100,100,100,100,100
round_queries,200,300,700,1900,7100,32900,162300,804900,4023100,20416700
round_k,0,1,3,9,35,164,811,4024,20115,102083
round_shots,100,100,100,100,100,100,100,100,100,100
round_queries,100,300,1100,4700,20100,98500,493500,2489100,12592300,63812100
round_k,0,1,5,23,100,492,2467,12445,62961,319060
round_shots,100,100,100,100,100,100,100,100,100
round_queries,100,300,1500,6100,26500,128300,633900,3203100,16200900
round_k,0,1,7,30,132,641,3169,16015,81004
round_shots,200,100,100,100,100,100,100,100,100
round_queries,200,500,1500,5900,28700,139700,694300,3498100,17735700
round_k,0,2,7,29,143,698,3471,17490,88678
round_shots,200,100,100,100,100,100,100,100,100,100
round_queries,200,300,1100,4900,20900,103300,511500,2570300,12919900,65335300
round_k,0,1,5,24,104,516,2557,12851,64599,326676
round_shots,100,100,100,100,100,100,100,100,100,100
round_queries,100,300,1100,4700,21900,104500,517700,2614100,13178300,66883900
round_k,0,1,5,23,109,522,2588,13070,65891,334419
round_shots,200,100,100,100,100,100,100,100,100
round_queries,200,300,1100,5500,25700,127100,634100,3190100,19443500
round_k,0,1,5,27,128,635,3170,15950,97217
round_shots,100,100,100,100,100,100,100,100,100,100
round_queries,100,300,1100,4300,20500,95700,470500,2368300,11951900,60521700
round_k,0,1,5,21,102,478,2352,11841,59759,302608
round_shots,100,100,100,100,100,100,100,100,100,100
round_queries,100,300,700,3300,14500,70300,350700,1741700,8796500,44319100
round_k,0,1,3,16,72,351,1753,8708,43982,221595
round_shots,100,100,100,100,100,100,100,100,100,100
round_queries,100,300,1100,4900,21500,103900,521700,2616300,13107300,66402700
round_k,0,1,5,24,107,519,2608,13081,65536,332013
round_shots,200,100,100,100,100,100,100,100,100,100
round_queries,200,300,1100,4100,17900,85500,423300,2121900,10545500,53541900
round_k,0,1,5,20,89,427,2116,10609,52727,267709
round_shots,200,100,100,100,100,100,100,100,100,100
round_queries,200,300,1100,4500,19700,90700,446700,2224700,11162700,56579500
round_k,0,1,5,22,98,453,2233,11123,55813,282897
round_shots,200,100,100,100,100,100,100,100,100,100
round_queries,200,300,1100,5500,26100,121100,598100,3003500,15197100,77110700
round_k,0,1,5,27,130,605,2990,15017,75985,385553
round_shots,100,200,100,100,100,100,100,100,100
round_queries,100,600,1500,6700,33100,159500,787900,3969500,20128500
round_k,0,1,7,33,165,797,3939,19847,100642
round_shots,100,100,100,100,100,100,100,100,100,100
round_queries,100,300,1100,4500,19700,97900,491700,2476900,12532900,63575700
round_k,0,1,5,22,98,489,2458,12384,62664,317878
round_shots,200,100,100,100,100,100,100,100,100,100
round_queries,200,300,1100,4100,18900,93700,454900,2295300,11579700,58656500
round_k,0,1,5,20,94,468,2274,11476,57898,293282
round_shots,100,100,100,100,100,100,100,100,100,100
round_queries,100,300,1100,4500,20300,95900,475300,2388700,12023500,61049100
round_k,0,1,5,22,101,479,2376,11943,60117,305245
round_shots,200,100,100,100,100,100,100,100,100,100
round_queries,200,300,1100,4700,22300,110700,549300,2772500,13908900,70515900
round_k,0,1,5,23,111,553,2746,13862,69544,352579
round_shots,100,100,100,100,100,100,100,100,100,100
round_queries,100,300,700,2300,9900,49700,249300,1261300,6341100,32156500
round_k,0,1,3,11,49,248,1246,6306,31705,160782
round_shots,100,100,100,100,100,100,100,100,100,100
round_queries,100,300,1100,5100,24700,120100,599300,3007900,15262500,77460300
round_k,0,1,5,25,123,600,2996,15039,76312,387301
round_shots,100,100,100,100,100,100,100,100,100,100
round_queries,100,300,1100,4100,19900,90700,455500,2296900,11604500,58762100
round_k,0,1,5,20,99,453,2277,11484,58022,293810
round_shots,100,100,100,100,100,100,100,100,100,100
round_queries,100,300,1100,4300,19900,95300,471500,2392500,12116100,61037100
round_k,0,1,5,21,99,476,2357,11962,60580,305185
round_shots,100,100,100,100,100,100,100,100,100,100
round_queries,100,300,1100,4900,22100,106900,530900,2641100,13361500,67679700
round_k,0,1,5,24,110,534,2654,13205,66807,338398
round_shots,100,100,100,100,100,100,100,100,100,100
round_queries,100,300,1100,4100,18500,87100,434700,2175500,10992500,55799500
round_k,0,1,5,20,92,435,2173,10877,54962,278997
round_shots,200,100,100,100,100,100,100,100,100
round_queries,200,500,1900,6900,33300,163100,810900,4091300,20731500
round_k,0,2,9,34,166,815,4054,20456,103657
round_shots,100,100,100,100,100,100,100,100,100,100
round_queries,100,300,1100,4900,22300,107300,528100,2630700,13221700,66813100
round_k,0,1,5,24,111,536,2640,13153,66108,334065
round_shots,200,100,100,100,100,100,100,100,100,100
round_queries,200,300,1100,5100,23500,116300,558100,2763500,13938700,70560700
round_k,0,1,5,25,117,581,2790,13817,69693,352803
round_shots,100,100,100,100,100,100,100,100,100,100
round_queries,100,300,1100,4900,21100,97900,486500,2436100,12262300,62123900
round_k,0,1,5,24,105,489,2432,12180,61311,310619
round_shots,200,100,100,100,100,100,100,100,100
round_queries,200,500,1500,5700,25300,124700,615900,3107900,15637500
round_k,0,2,7,28,126,623,3079,15539,78187
round_shots,200,100,100,100,100,100,100,100,100,100
round_queries,200,300,1100,4700,20300,98900,481500,2398100,12099900,60795900
round_k,0,1,5,23,101,494,2407,11990,60499,303979
round_shots,100,100,100,100,100,100,100,100,100,100
round_queries,100,300,1100,3500,16100,74300,368700,1869500,9378700,47548100
round_k,0,1,5,17,80,371,1843,9347,46893,237740
round_shots,200,100,100,100,100,100,100,100,100
round_queries,200,300,1500,7300,34300,168500,830500,4177100,20998100
round_k,0,1,7,36,171,842,4152,20885,104990
round_shots,200,100,100,100,100,100,100,100,100,100
round_queries,200,300,1100,4100,20500,99700,493500,2484700,12562900,63364900
round_k,0,1,5,20,102,498,2467,12423,62814,316824
round_shots,200,100,100,100,100,100,100,100,100,100
round_queries,200,300,700,1900,7300,33300,161300,808900,4071300,20608500
round_k,0,1,3,9,36,166,806,4044,20356,103042
round_shots,200,100,100,100,100,100,100,100,100
round_queries,200,300,1500,6500,30100,147700,730100,3699700,18714300
round_k,0,1,7,32,150,738,3650,18498,93571
round_shots,100,100,100,100,100,100,100,100,100,100
round_queries,100,300,700,2300,9900,46300,233900,1162700,5841300,29611900
round_k,0,1,3,11,49,231,1169,5813,29206,148059
round_shots,200,100,100,100,100,100,100,100,100,100
round_queries,200,300,1100,4900,21500,108900,542500,2737100,13817700,69601100
round_k,0,1,5,24,107,544,2712,13685,69088,348005
round_shots,100,100,100,100,100,100,100,100,100,100
round_queries,100,300,1100,4700,22300,107700,546700,2743500,13853900,70038500
round_k,0,1,5,23,111,538,2733,13717,69269,350192
round_shots,100,100,100,100,100,100,100,100,100
round_queries,100,300,1100,5500,25100,121700,612900,3087300,15519100
round_k,0,1,5,27,125,608,3064,15436,77595
round_shots,100,100,100,100,100,100,100,100,100,100
round_queries,100,300,700,2700,10300,50700,247100,1244100,6276100,31675700
round_k,0,1,3,13,51,253,1235,6220,31380,158378
round_shots,200,100,100,100,100,100,100,100,100
round_queries,200,500,2300,9500,44500,219700,1069500,5342300,26985500
round_k,0,2,11,47,222,1098,5347,26711,134927
round_shots,200,100,100,100,100,100,100,100,100,100
round_queries,200,300,1100,5100,24100,118100,591900,2969300,15025700,76139700
round_k,0,1,5,25,120,590,2959,14846,75128,380698
round_shots,100,100,100,100,100,100,100,100,100,100
round_queries,100,300,1100,5100,24700,120100,601700,3005900,15185300,77025900
round_k,0,1,5,25,123,600,3008,15029,75926,385129
round_shots,100,100,100,100,100,100,100,100,100,100
round_queries,100,300,700,2300,10500,50100,243900,1221100,6157700,31189900
round_k,0,1,3,11,52,250,1219,6105,30788,155949
round_shots,300,100,100,100,100,100,100,100,100
round_queries,300,500,1500,6300,29300,143700,712900,3591700,18180700
round_k,0,2,7,31,146,718,3564,17958,90903
round_shots,200,100,100,100,100,100,100,100,100,100
round_queries,200,300,1100,3100,15300,72700,360300,1814100,9093300,46162900
round_k,0,1,5,15,76,363,1801,9070,45466,230814
round_shots,100,100,100,100,100,100,100,100,100,100
round_queries,100,300,1100,5100,23500,116700,558700,2794100,14114700,71513300
round_k,0,1,5,25,117,583,2793,13970,70573,357566
round_shots,200,100,100,100,100,100,100,100,100
round_queries,200,300,1500,6900,32900,164700,823300,4134300,20953900
round_k,0,1,7,34,164,823,4116,20671,104769
round_shots,200,100,100,100,100,100,100,100,100,100
round_queries,200,300,700,2900,12500,60900,305900,1486500,7426100,37591100
round_k,0,1,3,14,62,304,1529,7432,37130,187955
round_shots,200,100,100,100,100,100,100,100,100,100
round_queries,200,300,1100,4300,20300,100900,498900,2508500,12614700,63949100
round_k,0,1,5,21,101,504,2494,12542,63073,319745
round_shots,200,100,100,100,100,100,100,100,100
round_queries,200,300,1500,6500,30900,148100,742100,3770100,19051300
round_k,0,1,7,32,154,740,3710,18850,95256
round_shots,100,100,100,100,100,100,100,100,100,100
round_queries,100,300,1100,4100,18300,90100,445100,2251300,11376700,57570100
round_k,0,1,5,20,91,450,2225,11256,56883,287850
round_shots,100,100,100,100,100,100,100,100,100,100
round_queries,100,300,700,2300,11300,54300,271100,1356500,6845500,34655100
round_k,0,1,3,11,56,271,1355,6782,34227,173275
round_shots,200,100,100,100,100,100,100,100,100
round_queries,200,300,1500,6300,29100,139500,692100,3476100,17593700
round_k,0,1,7,31,145,697,3460,17380,87968
round_shots,100,100,100,100,100,100,100,100,100,100
round_queries,100,300,700,3300,13900,66100,328100,1640300,8272900,41911300
round_k,0,1,3,16,69,330,1640,8201,41364,209556
round_shots,200,100,100,100,100,100,100,100,100,100
round_queries,200,300,1100,4500,20300,101300,505100,2495500,12621500,63832900
round_k,0,1,5,22,101,506,2525,12477,63107,319164
round_shots,100,100,100,100,100,100,100,100,100
round_queries,100,300,1500,7100,33300,161100,815100,4062100,20500300
round_k,0,1,7,35,166,805,4075,20310,102501
round_shots,100,100,100,100,100,100,100,100,100,100
round_queries,100,300,1100,4500,22500,110500,537100,2708900,13655500,69257100
round_k,0,1,5,22,112,552,2685,13544,68277,346285
round_shots,200,100,100,100,100,100,100,100,100,100
round_queries,200,300,1100,4300,18500,86500,435500,2174700,10964700,55400700
round_k,0,1,5,21,92,432,2177,10873,54823,277003
round_shots,200,100,100,100,100,100,100,100,100,100
round_queries,200,300,1100,4100,17700,84100,416500,2092700,10614100,53636900
round_k,0,1,5,20,88,420,2082,10463,53070,268184
round_shots,100,100,100,100,100,100,100,100,100,100
round_queries,100,300,1100,4900,22500,106300,532300,2674900,13490900,67804100
round_k,0,1,5,24,112,531,2661,13374,67454,339020
round_shots,100,100,100,100,100,100,100,100,100,100
round_queries,100,300,700,3100,13900,68300,336100,1684500,8522900,43195500
round_k,0,1,3,15,69,341,1680,8422,42614,215977
round_shots,200,100,100,100,100,100,100,100,100,100
round_queries,200,300,1100,4900,22300,109900,538900,2695500,13379500,67888500
round_k,0,1,5,24,111,549,2694,13477,66897,339442
round_shots,200,100,100,100,100,100,100,100,100,100
round_queries,200,300,700,1900,7900,37100,184300,924100,4681300,23583500
round_k,0,1,3,9,39,185,921,4620,23406,117917
round_shots,100,100,100,100,100,100,100,100,100,100
round_queries,100,300,1100,4100,18100,87700,441500,2222700,11156300,56667100
round_k,0,1,5,20,90,438,2207,11113,55781,283335
round_shots,100,100,100,100,100,100,100,100,100
round_queries,100,300,1500,7100,32700,165300,787700,3815300,19378500
round_k,0,1,7,35,163,826,3938,19076,96892
round_shots,200,100,100,100,100,100,100,100,100,100
round_queries,200,300,700,2700,12700,60700,293300,1478500,7446100,37593500
round_k,0,1,3,13,63,303,1466,7392,37230,187967
round_shots,200,100,100,100,100,100,100,100,100,100
round_queries,200,300,1100,4500,20100,96300,485900,2430900,12290700,61787100
round_k,0,1,5,22,100,481,2429,12154,61453,308935
round_shots,100,100,100,100,100,100,100,100,100,100
round_queries,100,300,1100,5500,24300,115500,573900,2910300,14751500,74465500
round_k,0,1,5,27,121,577,2869,14551,73757,372327
round_shots,100,100,100,100,100,100,100,100,100,100
round_queries,100,300,1100,4900,22500,110300,534500,2658700,13496500,68555300
round_k,0,1,5,24,112,551,2672,13293,67482,342776
round_shots,200,100,100,100,100,100,100,100,100,100
round_queries,200,300,1100,4500,19700,95900,471100,2363300,11406100,56764900
round_k,0,1,5,22,98,479,2355,11816,57030,283824
round_shots,100,100,100,100,100,100,100,100,100,100
round_queries,100,300,700,2300,9700,46900,230900,1157700,5819500,29499700
round_k,0,1,3,11,48,234,1154,5788,29097,147498
round_shots,100,100,100,100,100,100,100,100,100
round_queries,100,300,1500,5700,26100,130900,650300,3272500,16528500
round_k,0,1,7,28,130,654,3251,16362,82642
round_shots,100,100,100,100,100,100,100,100,100,100
round_queries,100,300,1100,3900,16900,81900,406100,2028100,10238700,51886500
round_k,0,1,5,19,84,409,2030,10140,51193,259432
round_shots,200,100,100,100,100,100,100,100,100,100
round_queries,200,300,700,2900,13300,63700,314300,1579300,7976500,40385700
round_k,0,1,3,14,66,318,1571,7896,39882,201928
round_shots,100,100,100,100,100,100,100,100,100,100
round_queries,100,300,1100,4500,21300,104500,524100,2626500,13252900,66594500
round_k,0,1,5,22,106,522,2620,13132,66264,332972
round_shots,200,100,100,100,100,100,100,100,100
round_queries,200,500,1900,7900,36900,183100,912500,4564100,23152500
round_k,0,2,9,39,184,915,4562,22820,115762
round_shots,100,100,100,100,100,100,100,100,100,100
round_queries,100,300,700,2300,10100,47500,237300,1175500,5930500,29953900
round_k,0,1,3,11,50,237,1186,5877,29652,149769
round_shots,100,100,100,100,100,100,100,100,100,100
round_queries,100,300,700,3300,14500,70500,342500,1719300,8626700,43764500
round_k,0,1,3,16,72,352,1712,8596,43133,218822
round_shots,100,100,100,100,100,100,100,100,100,100
round_queries,100,300,1100,4500,22300,104100,509900,2574500,13092300,66339100
round_k,0,1,5,22,111,520,2549,12872,65461,331695
round_shots,100,100,100,100,100,100,100,100,100,100
round_queries,100,300,700,1900,8500,40100,193300,964500,4882700,24586900
round_k,0,1,3,9,42,200,966,4822,24413,122934
round_shots,100,100,100,100,100,100,100,100,100,100
round_queries,100,300,1100,4900,22900,108900,544100,2750100,13771700,69774300
round_k,0,1,5,24,114,544,2720,13750,68858,348871
round_shots,200,100,100,100,100,100,100,100,100,100
round_queries,200,300,1100,4100,17500,85900,404300,2021700,10183100,51481500
round_k,0,1,5,20,87,429,2021,10108,50915,257407
round_shots,100,100,100,100,100,100,100,100,100,100
round_queries,100,300,1100,4100,17100,83900,393700,1951900,9866300,50035900
round_k,0,1,5,20,85,419,1968,9759,49331,250179
round_shots,200,100,100,100,100,100,100,100,100,100
round_queries,200,300,1100,3500,16500,80700,399100,2004300,10111300,51317900
round_k,0,1,5,17,82,403,1995,10021,50556,256589
round_shots,200,100,100,100,100,100,100,100,100,100
round_queries,200,300,700,2700,11700,57100,289100,1430900,7179300,36029500
round_k,0,1,3,13,58,285,1445,7154,35896,180147
round_shots,200,100,100,100,100,100,100,100,100,100
round_queries,200,300,700,2300,9900,45900,223300,1069900,5424900,27468700
round_k,0,1,3,11,49,229,1116,5349,27124,137343
round_shots,100,100,100,100,100,100,100,100,100,100
round_queries,100,300,1100,3700,16500,82500,410100,2075900,10466900,52667900
round_k,0,1,5,18,82,412,2050,10379,52334,263339
round_shots,100,100,100,100,100,100,100,100,100,100
round_queries,100,300,1100,4500,20900,103100,507700,2548900,12914500,65370700
round_k,0,1,5,22,104,515,2538,12744,64572,326853
round_shots,200,100,100,100,100,100,100,100,100,100
round_queries,200,300,1100,4700,22900,111100,549100,2781300,14086500,71329900
round_k,0,1,5,23,114,555,2745,13906,70432,356649
round_shots,200,100,100,100,100,100,100,100,100
round_queries,200,500,1900,7500,34100,162700,797900,4038500,20219700
round_k,0,2,9,37,170,813,3989,20192,101098
round_shots,200,100,100,100,100,100,100,100,100
round_queries,200,300,1500,5700,28300,137300,684500,3438900,17185700
round_k,0,1,7,28,141,686,3422,17194,85928
round_shots,100,100,100,100,100,100,100,100,100,100
round_queries,100,300,1100,4100,17100,82900,411100,2053700,10386700,51820100
round_k,0,1,5,20,85,414,2055,10268,51933,259100
round_shots,100,100,100,100,100,100,100,100,100,100
round_queries,100,300,700,2300,10100,47900,239300,1182900,5967100,30294500
round_k,0,1,3,11,50,239,1196,5914,29835,151472
round_shots,300,100,100,100,100,100,100,100,100,100
round_queries,300,300,700,2700,11700,57100,278500,1400300,7025900,35445900
round_k,0,1,3,13,58,285,1392,7001,35129,177229
round_shots,100,100,100,100,100,100,100,100,100,100
round_queries,100,300,1100,4700,21700,105500,520100,2598900,13082900,66026500
round_k,0,1,5,23,108,527,2600,12994,65414,330132
round_shots,100,100,100,100,100,100,100,100,100,100
round_queries,100,300,1100,4500,19900,96500,478900,2405500,12020900,60813700
round_k,0,1,5,22,99,482,2394,12027,60104,304068
round_shots,300,100,100,100,100,100,100,100,100
round_queries,300,500,2300,11500,56300,278900,1391300,7016700,35537700
round_k,0,2,11,57,281,1394,6956,35083,177688
round_shots,100,100,100,100,100,100,100,100,100,100
round_queries,100,300,1100,3700,16100,77300,382700,1914700,9662700,49018900
round_k,0,1,5,18,80,386,1913,9573,48313,245094
round_shots,100,100,100,100,100,100,100,100,100,100
round_queries,100,300,1100,4500,19500,97300,482300,2434300,12343300,62625900
round_k,0,1,5,22,97,486,2411,12171,61716,313129
round_shots,200,100,100,100,100,100,100,100,100
round_queries,200,700,2300,9100,43900,213500,1059100,5289900,26663100
round_k,0,3,11,45,219,1067,5295,26449,133315
round_shots,100,200,100,100,100,100,100,100,100,100
round_queries,100,600,1100,4100,17900,84900,420500,2123300,10740300,54226100
round_k,0,1,5,20,89,424,2102,10616,53701,271130
round_shots,200,100,100,100,100,100,100,100,100,100
round_queries,200,300,1100,4500,19700,93900,462900,2311500,11679700,59214700
round_k,0,1,5,22,98,469,2314,11557,58398,296073
round_shots,100,100,100,100,100,100,100,100,100
round_queries,100,300,1100,5500,26900,131500,655900,3307700,16682300
round_k,0,1,5,27,134,657,3279,16538,83411
round_shots,200,100,100,100,100,100,100,100,100,100
round_queries,200,300,1100,3700,16900,78900,384700,1928900,9774900,49528700
round_k,0,1,5,18,84,394,1923,9644,48874,247643
round_shots,200,100,100,100,100,100,100,100,100,100
round_queries,200,300,1100,4900,21700,107100,540500,2719700,13661700,69340900
round_k,0,1,5,24,108,535,2702,13598,68308,346704
round_shots,100,100,100,100,100,100,100,100,100
round_queries,100,500,1900,7100,34500,164100,824300,4164300,21036900
round_k,0,2,9,35,172,820,4121,20821,105184
round_shots,200,100,100,100,100,100,100,100,100,100
round_queries,200,300,1100,4500,21300,103100,506100,2531100,12790300,64679100
round_k,0,1,5,22,106,515,2530,12655,63951,323395
round_shots,100,100,100,100,100,100,100,100,100,100
round_queries,100,300,1100,5300,24700,120700,593500,2999300,15144500,76741300
round_k,0,1,5,26,123,603,2967,14996,75722,383706
round_shots,200,100,100,100,100,100,100,100,100,100
round_queries,200,300,700,2300,10100,46700,231900,1137300,5722100,28699100
round_k,0,1,3,11,50,233,1159,5686,28610,143495
round_shots,200,100,100,100,100,100,100,100,100,100
round_queries,200,300,1100,4500,21100,101700,498300,2513900,12726700,64572900
round_k,0,1,5,22,105,508,2491,12569,63633,322864
round_shots,200,100,100,100,100,100,100,100,100,100
round_queries,200,300,1100,4700,22100,107900,530500,2664700,13403900,68067500
round_k,0,1,5,23,110,539,2652,13323,67019,340337
round_shots,200,100,100,100,100,100,100,100,100,100
round_queries,200,300,1100,4100,19700,96300,472500,2358300,11959100,60026100
round_k,0,1,5,20,98,481,2362,11791,59795,300130
round_shots,200,100,100,100,100,100,100,100,100,100
round_queries,200,300,1100,3700,18300,86900,435300,2158100,10732300,53566700
round_k,0,1,5,18,91,434,2176,10790,53661,267833
round_shots,200,100,100,100,100,100,100,100,100
round_queries,200,700,2900,13300,63100,314700,1571100,7961100,39991300
round_k,0,3,14,66,315,1573,7855,39805,199956
round_shots,200,100,100,100,100,100,100,100,100,100
round_queries,200,300,1100,4100,19700,94900,470100,2364900,11956100,60379700
round_k,0,1,5,20,98,474,2350,11824,59780,301898
round_shots,200,100,100,100,100,100,100,100,100,100
round_queries,200,300,700,1900,7100,31700,156700,774700,3908100,19725100
round_k,0,1,3,9,35,158,783,3873,19540,98625
round_shots,100,100,100,100,100,100,100,100,100,100
round_queries,100,300,1100,3700,16700,82300,406100,2039900,10284700,52192300
round_k,0,1,5,18,83,411,2030,10199,51423,260961
round_shots,100,100,100,100,100,100,100,100,100,100
round_queries,100,300,1500,5500,25300,121500,590100,2982900,14964900,75682300
round_k,0,1,7,27,126,607,2950,14914,74824,378411
round_shots,100,100,100,100,100,100,100,100,100,100
round_queries,100,300,1100,3100,13300,61500,298700,1501500,7446500,37423900
round_k,0,1,5,15,66,307,1493,7507,37232,187119
round_shots,100,100,100,100,100,100,100,100,100
round_queries,100,500,1500,6500,32500,157100,786300,3974300,19914100
round_k,0,2,7,32,162,785,3931,19871,99570
round_shots,200,100,100,100,100,100,100,100,100,100
round_queries,200,300,1100,4100,19100,91100,458300,2313700,11700300,59315700
round_k,0,1,5,20,95,455,2291,11568,58501,296578
round_shots,100,100,100,100,100,100,100,100,100,100
round_queries,100,300,1100,5100,23900,116500,575900,2899100,14604300,74139100
round_k,0,1,5,25,119,582,2879,14495,73021,370695
round_shots,200,100,100,100,100,100,100,100,100,100
round_queries,200,300,700,1900,7100,33700,167900,843100,4249700,21488500
round_k,0,1,3,9,35,168,839,4215,21248,107442
round_shots,100,100,100,100,100,100,100,100,100,100
round_queries,100,300,1100,4500,21900,104500,527300,2659100,13481100,68231300
round_k,0,1,5,22,109,522,2636,13295,67405,341156
round_shots,100,100,100,100,100,100,100,100,100,100
round_queries,100,300,1100,4700,20900,100700,501300,2490500,12548700,63624100
round_k,0,1,5,23,104,503,2506,12452,62743,318120
round_shots,100,100,100,100,100,100,100,100,100,100
round_queries,100,300,1100,4100,16900,83300,420300,2123700,10659500,54018900
round_k,0,1,5,20,84,416,2101,10618,53297,270094
round_shots,200,100,100,100,100,100,100,100,100,100
round_queries,200,300,1100,4700,22900,110500,555100,2805500,14184100,71604100
round_k,0,1,5,23,114,552,2775,14027,70920,358020
round_shots,100,100,100,100,100,100,100,100,100,100
round_queries,100,300,1100,5100,23900,119500,555700,2805700,14159700,71845500
round_k,0,1,5,25,119,597,2778,14028,70798,359227
round_shots,100,100,100,100,100,100,100,100,100,100
round_queries,100,300,700,2700,12100,55300,276700,1371100,6889900,34536900
round_k,0,1,3,13,60,276,1383,6855,34449,172684
round_shots,200,100,100,100,100,100,100,100,100,100
round_queries,200,300,1100,3700,17300,86100,436900,2163500,10909700,55130900
round_k,0,1,5,18,86,430,2184,10817,54548,275654
round_shots,100,100,100,100,100,100,100,100,100,100
round_queries,100,300,700,2300,10300,49100,245700,1232300,6238500,31327500
round_k,0,1,3,11,51,245,1228,6161,31192,156637
round_shots,100,100,100,100,100,100,100,100,100,100
round_queries,100,300,1100,5500,25700,124500,603100,3039100,15386500,77533100
round_k,0,1,5,27,128,622,3015,15195,76932,387665
round_shots,100,100,100,100,100,100,100,100,100,100
round_queries,100,300,1100,4100,18500,88500,440700,2180700,11001300,55670500
round_k,0,1,5,20,92,442,2203,10903,55006,278352
round_shots,200,100,100,100,100,100,100,100,100
round_queries,200,300,1500,6300,28900,141100,693700,3468100,17549500
round_k,0,1,7,31,144,705,3468,17340,87747
round_shots,100,100,100,100,100,100,100,100,100,100
round_queries,100,300,1100,4100,19100,88100,431300,2184100,11044700,55920900
round_k,0,1,5,20,95,440,2156,10920,55223,279604
round_shots,200,100,100,100,100,100,100,100,100,100
round_queries,200,300,700,2900,13700,60900,294500,1470100,7393900,37418700
round_k,0,1,3,14,68,304,1472,7350,36969,187093
round_shots,100,100,100,100,100,100,100,100,100,100
round_queries,100,300,1100,4900,23100,114700,575900,2884500,14578100,73948700
round_k,0,1,5,24,115,573,2879,14422,72890,369743
round_shots,200,100,100,100,100,100,100,100,100,100
round_queries,200,300,1100,4700,22300,102900,507900,2536500,12787100,64682500
round_k,0,1,5,23,111,514,2539,12682,63935,323412
round_shots,100,100,100,100,100,100,100,100,100,100
round_queries,100,300,1100,3700,17500,85700,432900,2187500,11059100,55831300
round_k,0,1,5,18,87,428,2164,10937,55295,279156
round_shots,200,100,100,100,100,100,100,100,100,100
round_queries,200,300,700,2900,13100,61900,301500,1509300,7626700,38598900
round_k,0,1,3,14,65,309,1507,7546,38133,192994
round_shots,200,100,100,100,100,100,100,100,100
round_queries,200,500,1900,7900,37100,181700,907300,4558700,23078900
round_k,0,2,9,39,185,908,4536,22793,115394
round_shots,200,100,100,100,100,100,100,100,100,100
round_queries,200,300,700,2300,8900,41500,201900,1003300,5063700,25511900
round_k,0,1,3,11,44,207,1009,5016,25318,127559
round_shots,100,100,100,100,100,100,100,100,100,100
round_queries,100,300,1100,4100,18700,87100,430100,2166300,10936100,55300900
round_k,0,1,5,20,93,435,2150,10831,54680,276504
round_shots,200,100,100,100,100,100,100,100,100,100
round_queries,200,300,1100,4500,22500,109100,542700,2727500,13778700,69767500
round_k,0,1,5,22,112,545,2713,13637,68893,348837
round_shots,200,100,100,100,100,100,100,100,100,100
round_queries,200,500,1500,5300,24100,117900,583900,2918700,14715500,74581300
round_k,0,2,7,26,120,589,2919,14593,73577,372906
round_shots,200,100,100,100,100,100,100,100,100
round_queries,200,300,1100,5500,26100,127900,614100,3075700,15577300
round_k,0,1,5,27,130,639,3070,15378,77886
round_shots,200,100,100,100,100,100,100,100,100,100
round_queries,200,300,1100,4500,19100,95900,477700,2399900,12134500,61480100
round_k,0,1,5,22,95,479,2388,11999,60672,307400
round_shots,200,100,100,100,100,100,100,100,100,100
round_queries,200,300,1100,5100,23500,115900,579700,2879300,14221300,71915300
round_k,0,1,5,25,117,579,2898,14396,71106,359576
round_shots,200,100,100,100,100,100,100,100,100,100
round_queries,200,300,1100,3100,13100,60300,293100,1460500,7357300,37310900
round_k,0,1,5,15,65,301,1465,7302,36786,186554
round_shots,200,100,100,100,100,100,100,100,100,100
round_queries,200,300,1100,3700,17100,85100,426300,2113700,10630300,53923300
round_k,0,1,5,18,85,425,2131,10568,53151,269616
round_shots,100,100,100,100,100,100,100,100,100,100
round_queries,100,300,1100,4500,19500,93300,462100,2326500,11756900,71696900
round_k,0,1,5,22,97,466,2310,11632,58784,358484
round_shots,200,100,100,100,100,100,100,100,100,100
round_queries,200,300,1100,4500,21700,108300,546500,2756700,13926900,70605300
round_k,0,1,5,22,108,541,2732,13783,69634,353026
round_shots,100,100,100,100,100,100,100,100,100,100
round_queries,100,300,1100,4700,20900,97900,478900,2392700,12082100,61349100
round_k,0,1,5,23,104,489,2394,11963,60410,306745
round_shots,200,100,100,100,100,100,100,100,100
round_queries,200,500,2300,10100,45500,227500,1128300,5711300,28889700
round_k,0,2,11,50,227,1137,5641,28556,144448
round_shots,200,100,100,100,100,100,100,100,100
round_queries,200,300,1500,6300,29300,138700,684700,3456300,17434700
round_k,0,1,7,31,146,693,3423,17281,87173
round_shots,100,100,100,100,100,100,100,100,100,100
round_queries,100,300,1100,4500,20300,96300,461500,2313500,11623100,59001500
round_k,0,1,5,22,101,481,2307,11567,58115,295007
round_shots,100,100,100,100,100,100,100,100,100,100
round_queries,100,300,700,3300,15500,72500,359700,1799700,9096100,45942900
round_k,0,1,3,16,77,362,1798,8998,45480,229714
round_shots,100,100,100,100,100,100,100,100,100
round_queries,100,300,1500,6300,30100,144500,717300,3621500,18176900
round_k,0,1,7,31,150,722,3586,18107,90884
round_shots,200,100,100,100,100,100,100,100,100
round_queries,200,500,1500,6900,32500,158700,796900,4010100,20245700
round_k,0,2,7,34,162,793,3984,20050,101228
round_shots,100,100,100,100,100,100,100,100,100
round_queries,100,300,1100,4900,21300,102300,510900,2582300,15624700
round_k,0,1,5,24,106,511,2554,12911,78123
round_shots,100,100,100,100,100,100,100,100,100,100
round_queries,100,300,1100,3100,13100,60500,294900,1452900,8810900,44318100
round_k,0,1,5,15,65,302,1474,7264,44054,221590
round_shots,100,100,100,100,100,100,100,100,100
round_queries,100,300,1500,5900,27100,127700,632900,3176100,16045900
round_k,0,1,7,29,135,638,3164,15880,80229
round_shots,200,100,100,100,100,100,100,100,100
round_queries,200,300,1500,7100,33700,168900,849500,4297900,21705300
round_k,0,1,7,35,168,844,4247,21489,108526
round_shots,100,100,100,100,100,100,100,100,100
round_queries,100,300,1500,6300,29700,139700,694700,3381100,16873500
round_k,0,1,7,31,148,698,3473,16905,84367
round_shots,200,100,100,100,100,100,100,100,100,100
round_queries,200,300,700,1900,8900,43500,210300,1056700,5357700,28526700
round_k,0,1,3,9,44,217,1051,5283,26788,142633
round_shots,200,100,100,100,100,100,100,100,100,100
round_queries,200,300,1100,4100,19700,95300,468900,2348700,11819700,59469700
round_k,0,1,5,20,98,476,2344,11743,59098,297348
round_shots,200,100,100,100,100,100,100,100,100,100
round_queries,200,300,700,3300,14300,68700,336700,1693500,8492900,43106900
round_k,0,1,3,16,71,343,1683,8467,42464,215534
round_shots,100,100,100,100,100,100,100,100,100,100
round_queries,100,300,1100,4500,21500,104500,513300,2566500,12984300,65773100
round_k,0,1,5,22,107,522,2566,12832,64921,328865
round_shots,100,200,100,100,100,100,100,100,100,100
round_queries,100,600,1100,3100,13700,65700,321100,1619700,8165700,41341300
round_k,0,1,5,15,68,328,1605,8098,40828,206706
round_shots,200,100,100,100,100,100,100,100,100,100
round_queries,200,300,1100,4900,22900,111100,553900,2801700,14144300,71778100
round_k,0,1,5,24,114,555,2769,14008,70721,358890
round_shots,100,100,100,100,100,100,100,100,100,100
round_queries,100,300,700,2700,11300,53100,260500,1317500,6670100,33723900
round_k,0,1,3,13,56,265,1302,6587,33350,168619
round_shots,100,100,100,100,100,100,100,100,100,100
round_queries,100,300,900,2700,12300,57700,286100,1428700,7127700,36187700
round_k,0,1,4,13,61,288,1430,7143,35638,180938
round_shots,200,100,100,100,100,100,100,100,100,100
round_queries,200,300,1100,4500,21900,108500,508500,2427500,12090900,61079300
round_k,0,1,5,22,109,542,2542,12137,60454,305396
round_shots,100,100,100,100,100,100,100,100,100,100
round_queries,100,300,700,2700,12300,56900,281700,1396700,7057700,35759900
round_k,0,1,3,13,61,284,1408,6983,35288,178799
round_shots,200,100,100,100,100,100,100,100,100
round_queries,200,500,2300,9500,46900,233300,1171300,5934300,29982300
round_k,0,2,11,47,234,1166,5856,29671,149911
round_shots,100,100,100,100,100,100,100,100,100,100
round_queries,100,300,1100,3100,13300,59900,296500,1487100,7534500,38017100
round_k,0,1,5,15,66,299,1482,7435,37672,190085
round_shots,300,100,100,100,100,100,100,100,100,100
round_queries,300,300,1100,4100,17300,85900,425300,2084500,10401900,52819700
round_k,0,1,5,20,86,429,2126,10422,52009,264098
round_shots,100,100,100,100,100,100,100,100,100,100
round_queries,100,300,1100,4100,20500,102300,512700,2582500,13093300,66332700
round_k,0,1,5,20,102,511,2563,12912,65466,331663
round_shots,200,100,100,100,100,100,100,100,100,100
round_queries,200,300,1100,4100,19100,91700,446900,2254900,11427900,57905500
round_k,0,1,5,20,95,458,2234,11274,57139,289527
round_shots,100,100,100,100,100,100,100,100,100
round_queries,100,300,1500,7100,33100,158900,798300,4015100,20093500
round_k,0,1,7,35,165,794,3991,20075,100467
round_shots,100,100,100,100,100,100,100,100,100,100
round_queries,100,300,1100,4100,18900,90700,445300,2244300,11368900,57534500
round_k,0,1,5,20,94,453,2226,11221,56844,287672
round_shots,300,100,100,100,100,100,100,100,100
round_queries,300,500,1900,8900,40300,197100,977700,4931500,24993900
round_k,0,2,9,44,201,985,4888,24657,124969
round_shots,100,100,100,100,100,100,100,100,100,100
round_queries,100,300,1100,4900,23100,114900,568500,2862300,14489300,73535900
round_k,0,1,5,24,115,574,2842,14311,72446,367679
round_shots,100,100,100,100,100,100,100,100,100,100
round_queries,100,300,700,2300,10100,48100,234700,1190100,6014900,30409100
round_k,0,1,3,11,50,240,1173,5950,30074,152045
round_shots,200,100,100,100,100,100,100,100,100,100
round_queries,200,300,1100,4500,20100,95900,468900,2353100,11905100,60283300
round_k,0,1,5,22,100,479,2344,11765,59525,301416
round_shots,300,100,100,100,100,100,100,100,100,100
round_queries,300,300,1100,4900,22500,106700,528100,2649500,13372500,67739100
round_k,0,1,5,24,112,533,2640,13247,66862,338695
round_shots,200,100,100,100,100,100,100,100,100,100
round_queries,200,300,1100,4100,19900,94700,471900,2373900,11997700,60204300
round_k,0,1,5,20,99,473,2359,11869,59988,301021
round_shots,100,100,100,100,100,100,100,100,100,100
round_queries,100,300,700,2900,12700,60900,305100,1516900,7652900,38606500
round_k,0,1,3,14,63,304,1525,7584,38264,193032
round_shots,100,100,100,100,100,100,100,100,100,100
round_queries,100,300,1100,4100,19700,91100,440100,2193900,11074900,56035700
round_k,0,1,5,20,98,455,2200,10969,55374,280178
round_shots,100,100,100,100,100,100,100,100,100,100
round_queries,100,300,1100,4500,21500,103500,513700,2576500,13028700,66034500
round_k,0,1,5,22,107,517,2568,12882,65143,330172
round_shots,100,100,100,100,100,100,100,100,100,100
round_queries,100,300,900,2700,12500,59700,298900,1489500,7466100,37761100
round_k,0,1,4,13,62,298,1494,7447,37330,188805
round_shots,200,100,100,100,100,100,100,100,100,100
round_queries,200,300,1100,3500,15900,77900,390100,1973300,9855700,52437900
round_k,0,1,5,17,79,389,1950,9866,49278,262189
round_shots,200,100,100,100,100,100,100,100,100,100
round_queries,200,300,1100,5100,23900,115500,582300,2930900,14810700,74587500
round_k,0,1,5,25,119,577,2911,14654,74053,372937
round_shots,100,100,100,100,100,100,100,100,100,100
round_queries,100,300,700,2300,10300,49900,234100,1161300,5815100,29344500
round_k,0,1,3,11,51,249,1170,5806,29075,146722
round_shots,100,100,100,100,100,100,100,100,100,100
round_queries,100,300,1100,5100,22100,105100,524700,2609100,13161700,66639700
round_k,0,1,5,25,110,525,2623,13045,65808,333198
round_shots,100,100,100,100,100,100,100,100,100
round_queries,100,300,1100,5100,25500,121500,604100,3062100,15533500
round_k,0,1,5,25,127,607,3020,15310,77667
round_shots,200,100,100,100,100,100,100,100,100,100
round_queries,200,300,700,2700,12100,61100,308700,1557300,7801500,39412100
round_k,0,1,3,13,60,305,1543,7786,39007,197060
round_shots,200,100,100,100,100,100,100,100,100
round_queries,200,300,1500,5900,28700,136700,674300,3395500,17166700
round_k,0,1,7,29,143,683,3371,16977,85833
round_shots,100,100,100,100,100,100,100,100,100,100
round_queries,100,300,1100,4700,23300,112500,563500,2804500,14068100,71131100
round_k,0,1,5,23,116,562,2817,14022,70340,355655
round_shots,100,100,100,100,100,100,100,100,100,100
round_queries,100,300,700,2300,8700,40700,203100,1013700,5073100,25582500
round_k,0,1,3,11,43,203,1015,5068,25365,127912
round_shots,100,100,100,100,100,100,100,100,100,100
round_queries,100,300,700,1900,8900,42300,206300,1026500,5186300,26244300
round_k,0,1,3,9,44,211,1031,5132,25931,131221
round_shots,100,100,100,100,100,100,100,100,100,100
round_queries,100,300,1100,4100,18500,85100,407700,2013900,10230300,51386100
round_k,0,1,5,20,92,425,2038,10069,51151,256930
round_shots,200,100,100,100,100,100,100,100,100,100
round_queries,200,300,1100,5100,23900,110900,549900,2751900,13801300,69432500
round_k,0,1,5,25,119,554,2749,13759,69006,347162
round_shots,100,100,100,100,100,100,100,100,100
round_queries,100,300,1500,7100,34100,162300,795900,4004900,24389700
round_k,0,1,7,35,170,811,3979,20024,121948
round_shots,100,100,100,100,100,100,100,100,100,100
round_queries,100,300,1100,5300,24700,120900,597500,3010500,15201700,76243700
round_k,0,1,5,26,123,604,2987,15052,76008,381218
round_shots,100,100,100,100,100,100,100,100,100,100
round_queries,100,300,1100,5100,22500,106500,529700,2654100,13287700,67229700
round_k,0,1,5,25,112,532,2648,13270,66438,336148
round_shots,200,100,100,100,100,100,100,100,100,100
round_queries,200,300,1100,4900,20900,101500,496100,2508300,12650500,64040900
round_k,0,1,5,24,104,507,2480,12541,63252,320204
round_shots,200,100,100,100,100,100,100,100,100,100
round_queries,200,300,700,2500,11700,55300,275300,1375700,6924900,35085700
round_k,0,1,3,12,58,276,1376,6878,34624,175428
round_shots,200,100,100,100,100,100,100,100,100,100
round_queries,200,300,700,2700,10700,50700,247900,1225700,6201500,31478300
round_k,0,1,3,13,53,253,1239,6128,31007,157391
round_shots,100,100,100,100,100,100,100,100,100,100
round_queries,100,300,1100,4100,18900,92700,461100,2327300,11748300,59537900
round_k,0,1,5,20,94,463,2305,11636,58741,297689
round_shots,100,100,100,100,100,100,100,100,100,100
round_queries,100,300,700,2300,9700,46700,230900,1153700,5791500,29232500
round_k,0,1,3,11,48,233,1154,5768,28957,146162
round_shots,100,100,100,100,100,100,100,100,100,100
round_queries,100,300,1100,4300,20500,99500,492100,2480700,12515700,63540900
round_k,0,1,5,21,102,497,2460,12403,62578,317704
round_shots,200,100,100,100,100,100,100,100,100,100
round_queries,200,300,1100,4100,17500,88700,440900,2194300,10977100,55024700
round_k,0,1,5,20,87,443,2204,10971,54885,275123
round_shots,200,100,100,100,100,100,100,100,100,100
round_queries,200,300,1100,4100,20100,92500,453100,2288300,11542500,57980700
round_k,0,1,5,20,100,462,2265,11441,57712,289903
round_shots,100,100,100,100,100,100,100,100,100
round_queries,100,300,1500,5900,26100,125300,622900,3139100,15812100
round_k,0,1,7,29,130,626,3114,15695,79060
round_shots,200,100,100,100,100,100,100,100,100,100
round_queries,200,300,1100,4100,19900,99100,475300,2369100,11958900,60666100
round_k,0,1,5,20,99,495,2376,11845,59794,303330
round_shots,200,100,100,100,100,100,100,100,100,100
round_queries,200,300,1100,4100,19700,97900,491500,2481700,12557100,63576900
round_k,0,1,5,20,98,489,2457,12408,62785,317884
round_shots,200,100,100,100,100,100,100,100,100,100
round_queries,200,300,1100,4100,20100,95900,473100,2359700,11897100,59819700
round_k,0,1,5,20,100,479,2365,11798,59485,299098
round_shots,100,100,100,100,100,100,100,100,100,100
round_queries,100,300,1100,3100,12900,59100,293900,1477900,7450900,37741100
round_k,0,1,5,15,64,295,1469,7389,37254,188705
round_shots,100,100,100,100,100,100,100,100,100,100
round_queries,100,300,700,2900,13900,65700,327900,1640500,8290700,41934500
round_k,0,1,3,14,69,328,1639,8202,41453,209672
round_shots,200,100,100,100,100,100,100,100,100
round_queries,200,300,1500,7300,33700,165300,807100,4089700,20800900
round_k,0,1,7,36,168,826,4035,20448,104004
round_shots,200,100,100,100,100,100,100,100,100,100
round_queries,200,300,1100,4900,21900,106700,503100,2540300,12844500,65181100
round_k,0,1,5,24,109,533,2515,12701,64222,325905
round_shots,200,100,100,100,100,100,100,100,100,100
round_queries,200,300,1100,4100,18100,88300,435700,2191500,10982500,55606900
round_k,0,1,5,20,90,441,2178,10957,54912,278034
round_shots,100,100,100,100,100,100,100,100,100,100
round_queries,100,300,1100,4700,20900,98700,484300,2407700,12084100,61298500
round_k,0,1,5,23,104,493,2421,12038,60420,306492
round_shots,200,100,100,100,100,100,100,100,100,100
round_queries,200,300,1100,4900,22500,107700,535300,2681500,13602100,69099100
round_k,0,1,5,24,112,538,2676,13407,68010,345495
round_shots,200,100,100,100,100,100,100,100,100,100
round_queries,200,300,1100,4500,21700,106300,530100,2658700,13420900,67744500
round_k,0,1,5,22,108,531,2650,13293,67104,338722
round_shots,200,100,100,100,100,100,100,100,100,100
round_queries,200,300,1100,4100,17700,84700,427700,2150700,10778500,65727500
round_k,0,1,5,20,88,423,2138,10753,53892,328637
round_shots,100,100,100,100,100,100,100,100,100,100
round_queries,100,300,1100,4700,20900,101500,503500,2499700,12587500,63471300
round_k,0,1,5,23,104,507,2517,12498,62937,317356
round_shots,100,100,100,100,100,100,100,100,100,100
round_queries,100,300,1100,3700,17300,83100,412900,2062500,10431500,52946700
round_k,0,1,5,18,86,415,2064,10312,52157,264733
round_shots,200,100,100,100,100,100,100,100,100,100
round_queries,200,300,1100,4500,20300,101100,505100,2557300,12847500,65241100
round_k,0,1,5,22,101,505,2525,12786,64237,326205
round_shots,200,100,100,100,100,100,100,100,100,100
round_queries,200,300,1100,4100,20100,95300,472100,2394500,12156700,61444700
round_k,0,1,5,20,100,476,2360,11972,60783,307223
round_shots,100,100,100,100,100,100,100,100,100
round_queries,100,300,1100,5500,26100,127100,638700,3220500,16315500
round_k,0,1,5,27,130,635,3193,16102,81577
round_shots,200,100,100,100,100,100,100,100,100,100
round_queries,200,300,1100,4500,21500,99900,477100,2352100,11836700,59991500
round_k,0,1,5,22,107,499,2385,11760,59183,299957
round_shots,200,100,100,100,100,100,100,100,100
round_queries,200,500,1900,8300,40500,200100,1005700,5053900,25634100
round_k,0,2,9,41,202,1000,5028,25269,128170
round_shots,100,100,100,100,100,100,100,100,100
round_queries,100,300,1500,7100,35500,171300,835900,4109100,20503700
round_k,0,1,7,35,177,856,4179,20545,102518
round_shots,300,100,100,100,100,100,100,100,100
round_queries,300,500,1900,8300,40900,204900,1029300,5179100,26271500
round_k,0,2,9,41,204,1024,5146,25895,131357
round_shots,100,100,100,100,100,100,100,100,100,100
round_queries,100,300,1100,4500,19700,97500,481100,2414700,12143500,61488500
round_k,0,1,5,22,98,487,2405,12073,60717,307442
round_shots,100,100,100,100,100,100,100,100,100,100
round_queries,100,300,1100,5100,23500,112100,557300,2802100,14156900,71739500
round_k,0,1,5,25,117,560,2786,14010,70784,358697
round_shots,100,100,100,100,100,100,100,100,100
round_queries,100,300,1500,6100,27900,136500,687900,3444500,17483900
round_k,0,1,7,30,139,682,3439,17222,87419
round_shots,100,100,100,100,100,100,100,100,100,100
round_queries,100,300,900,4500,20700,99500,502700,2514300,12689100,64358700
round_k,0,1,4,22,103,497,2513,12571,63445,321793
round_shots,100,100,100,100,100,100,100,100,100,100
round_queries,100,300,1100,4700,21900,108100,535300,2674100,13527700,68004900
round_k,0,1,5,23,109,540,2676,13370,67638,340024
round_shots,200,100,100,100,100,100,100,100,100,100
round_queries,200,300,1100,5100,23700,118500,592500,2977300,15042700,76410700
round_k,0,1,5,25,118,592,2962,14886,75213,382053
round_shots,100,100,100,100,100,100,100,100,100,100
round_queries,100,300,700,2900,13700,66100,332700,1681900,8444300,42839100
round_k,0,1,3,14,68,330,1663,8409,42221,214195
round_shots,100,100,100,100,100,100,100,100,100,100
round_queries,100,300,700,2300,10700,50700,253100,1263700,6377500,32304700
round_k,0,1,3,11,53,253,1265,6318,31887,161523
round_shots,100,100,100,100,100,100,100,100,100,100
round_queries,100,300,1100,4500,20300,98500,482100,2414300,12130900,61464500
round_k,0,1,5,22,101,492,2410,12071,60654,307322
round_shots,300,100,100,100,100,100,100,100,100
round_queries,300,500,1900,8900,41100,200900,1003900,5084900,25688100
round_k,0,2,9,44,205,1004,5019,25424,128440
round_shots,200,100,100,100,100,100,100,100,100,100
round_queries,200,300,1100,5100,23500,113300,566100,2820700,14224900,72041500
round_k,0,1,5,25,117,566,2830,14103,71124,360207
round_shots,100,100,100,100,100,100,100,100,100,100
round_queries,100,300,1100,4700,21100,101900,502500,2535300,12840500,65131300
round_k,0,1,5,23,105,509,2512,12676,64202,325656
round_shots,200,100,100,100,100,100,100,100,100,100
round_queries,200,300,1100,4100,18300,88500,444300,2223100,11177100,56501900
round_k,0,1,5,20,91,442,2221,11115,55885,282509
round_shots,200,100,100,100,100,100,100,100,100,100
round_queries,200,300,1100,3700,17100,78700,388700,1938100,9812100,49708700
round_k,0,1,5,18,85,393,1943,9690,49060,248543
round_shots,100,100,100,100,100,100,100,100,100,100
round_queries,100,300,700,1900,8500,41100,202500,1017900,5124700,25702900
round_k,0,1,3,9,42,205,1012,5089,25623,128514
round_shots,100,200,100,100,100,100,100,100,100
round_queries,100,600,1500,6700,31700,154300,776700,3905900,19820500
round_k,0,1,7,33,158,771,3883,19529,99102
round_shots,100,100,100,100,100,100,100,100,100,100
round_queries,100,300,1100,4900,21500,98700,488700,2470900,12472700,63201100
round_k,0,1,5,24,107,493,2443,12354,62363,316005
round_shots,200,100,100,100,100,100,100,100,100,100
round_queries,200,300,900,4500,20300,101900,507700,2553700,12905300,64742900
round_k,0,1,4,22,101,509,2538,12768,64526,323714
round_shots,200,100,100,100,100,100,100,100,100,100
round_queries,200,300,1100,4700,19900,93500,469100,2346300,11842500,60022500
round_k,0,1,5,23,99,467,2345,11731,59212,300112
round_shots,200,100,100,100,100,100,100,100,100,100
round_queries,200,300,700,2500,10900,50100,246100,1239700,6289900,31889700
round_k,0,1,3,12,54,250,1230,6198,31449,159448
round_shots,100,100,100,100,100,100,100,100,100,100
round_queries,100,300,1100,5100,24900,120100,593300,2987300,15032700,75719500
round_k,0,1,5,25,124,600,2966,14936,75163,378597
round_shots,100,100,100,100,100,100,100,100,100,100
round_queries,100,300,1100,3500,15500,73300,355700,1789900,9026500,45734500
round_k,0,1,5,17,77,366,1778,8949,45132,228672
round_shots,200,100,100,100,100,100,100,100,100,100
round_queries,200,300,700,2900,13500,64300,319500,1585100,7901300,39405500
round_k,0,1,3,14,67,321,1597,7925,39506,197027
round_shots,200,100,100,100,100,100,100,100,100
round_queries,200,500,1900,8500,38700,187100,929100,4698100,23725100
round_k,0,2,9,42,193,935,4645,23490,118625
round_shots,200,100,100,100,100,100,100,100,100,100
round_queries,200,300,700,2300,10100,48500,238700,1180900,5898700,29750100
round_k,0,1,3,11,50,242,1193,5904,29493,148750
round_shots,300,100,100,100,100,100,100,100,100,100
round_queries,300,300,1100,4700,22700,107900,533900,2698100,13602700,69491900
round_k,0,1,5,23,113,539,2669,13490,68013,347459
round_shots,100,100,100,100,100,100,100,100,100
round_queries,100,300,1100,5300,24500,121900,614300,3094700,15707700
round_k,0,1,5,26,122,609,3071,15473,78538
round_shots,200,100,100,100,100,100,100,100,100,100
round_queries,200,300,1100,4100,18700,92500,462500,2332700,11717300,59479300
round_k,0,1,5,20,93,462,2312,11663,58586,297396
round_shots,100,100,100,100,100,100,100,100,100,100
round_queries,100,300,700,2300,9300,44900,224100,1108500,5553100,28039500
round_k,0,1,3,11,46,224,1120,5542,27765,140197
round_shots,200,100,100,100,100,100,100,100,100
round_queries,200,300,1500,6700,32500,158700,800100,4014700,20345900
round_k,0,1,7,33,162,793,4000,20073,101729
round_shots,100,100,100,100,100,100,100,100,100,100
round_queries,100,300,1100,4700,21500,107500,536700,2716500,13776900,69925900
round_k,0,1,5,23,107,537,2683,13582,68884,349629
round_shots,100,100,100,100,100,100,100,100,100,100
round_queries,100,300,1100,4700,20300,98500,478300,2389500,12091100,61197100
round_k,0,1,5,23,101,492,2391,11947,60455,305985
round_shots,100,100,100,100,100,100,100,100,100,100
round_queries,100,300,1100,4500,21500,104900,524100,2646500,13338500,67755100
round_k,0,1,5,22,107,524,2620,13232,66692,338775
round_shots,200,100,100,100,100,100,100,100,100
round_queries,200,700,2900,13500,64100,313100,1562900,7896300,39960500
round_k,0,3,14,67,320,1565,7814,39481,199802
round_shots,200,100,100,100,100,100,100,100,100,100
round_queries,200,300,700,1900,8100,39700,201300,1003300,5056500,25440500
round_k,0,1,3,9,40,198,1006,5016,25282,127202
round_shots,200,100,100,100,100,100,100,100,100,100
round_queries,200,300,700,1900,8100,40500,204100,1011700,5094900,25800700
round_k,0,1,3,9,40,202,1020,5058,25474,129003
round_shots,100,100,100,100,100,100,100,100,100,100
round_queries,100,300,1100,3500,15100,74300,372900,1878500,9495300,47701500
round_k,0,1,5,17,75,371,1864,9392,47476,238507
round_shots,100,100,100,100,100,100,100,100,100
round_queries,100,300,1500,6700,31700,153900,778300,3861700,19479900
round_k,0,1,7,33,158,769,3891,19308,97399
round_shots,200,100,100,100,100,100,100,100,100,100
round_queries,200,300,1100,5100,23300,111300,556700,2760900,13916700,70622300
round_k,0,1,5,25,116,556,2783,13804,69583,353111
round_shots,100,100,100,100,100,100,100,100,100,100
round_queries,100,300,1100,3900,17100,82300,399700,1935900,9798100,49552900
round_k,0,1,5,19,85,411,1998,9679,48990,247764
round_shots,100,100,100,100,100,100,100,100,100,100
round_queries,100,300,1100,4100,18700,93500,467100,2370100,12031300,60973700
round_k,0,1,5,20,93,467,2335,11850,60156,304868
round_shots,200,100,100,100,100,100,100,100,100,100
round_queries,200,300,1100,4100,18900,91900,446500,2238500,11293100,57009500
round_k,0,1,5,20,94,459,2232,11192,56465,285047
round_shots,100,100,100,100,100,100,100,100,100,100
round_queries,100,300,1100,3700,17500,80700,401300,2019700,10205500,51342700
round_k,0,1,5,18,87,403,2006,10098,51027,256713
round_shots,200,100,100,100,100,100,100,100,100,100
round_queries,200,300,1100,4100,19900,97300,486900,2463900,12441500,63121900
round_k,0,1,5,20,99,486,2434,12319,62207,315609
round_shots,200,100,100,100,100,100,100,100,100,100
round_queries,200,300,1100,4100,19300,95500,471900,2335900,11805500,59449300
round_k,0,1,5,20,96,477,2359,11679,59027,297246
round_shots,200,100,100,100,100,100,100,100,100,100
round_queries,200,300,1100,4500,21300,101100,495300,2485300,12498500,63450700
round_k,0,1,5,22,106,505,2476,12426,62492,317253
round_shots,100,100,100,100,100,100,100,100,100,100
round_queries,100,300,1100,3500,16500,96900,485300,2440700,12309100,62441900
round_k,0,1,5,17,82,484,2426,12203,61545,312209
round_shots,100,100,100,100,100,100,100,100,100
round_queries,100,300,1500,5900,26900,131100,650100,3278300,16588300
round_k,0,1,7,29,134,655,3250,16391,82941
round_shots,100,100,100,100,100,100,100,100,100,100
round_queries,100,300,1100,3700,17300,83300,414700,2094500,10518900,55918900
round_k,0,1,5,18,86,416,2073,10472,52594,279594
round_shots,200,100,100,100,100,100,100,100,100,100
round_queries,200,300,1100,4900,22900,111700,558900,2805500,14159300,71940100
round_k,0,1,5,24,114,558,2794,14027,70796,359700
round_shots,100,100,100,100,100,100,100,100,100,100
round_queries,100,300,1100,4900,22300,108100,531500,2670700,13513500,68575100
round_k,0,1,5,24,111,540,2657,13353,67567,342875
round_shots,100,100,100,100,100,100,100,100,100
round_queries,100,500,2300,8900,41100,201100,1004300,5034700,25457900
round_k,0,2,11,44,205,1005,5021,25173,127289
round_shots,100,100,100,100,100,100,100,100,100,100
round_queries,100,300,1100,4100,17500,82300,403500,2042100,10336100,52333500
round_k,0,1,5,20,87,411,2017,10210,51680,261667
round_shots,100,100,100,100,100,100,100,100,100,100
round_queries,100,300,700,3500,16700,83500,418100,2095100,10445900,52724500
round_k,0,1,3,17,83,417,2090,10475,52229,263622
round_shots,200,100,100,100,100,100,100,100,100,100
round_queries,200,300,1100,3100,13900,67900,331700,1657300,8359500,42421100
round_k,0,1,5,15,69,339,1658,8286,41797,212105
round_shots,100,100,100,100,100,100,100,100,100,100
round_queries,100,300,1100,5100,23500,113300,561100,2834900,14316900,72716300
round_k,0,1,5,25,117,566,2805,14174,71584,363581
round_shots,100,100,100,100,100,100,100,100,100,100
round_queries,100,300,1100,4100,17700,82500,412500,2079100,10547700,53585500
round_k,0,1,5,20,88,412,2062,10395,52738,267927
round_shots,100,100,100,100,100,100,100,100,100,100
round_queries,100,300,700,3300,14500,67700,330900,1638900,8181300,41321900
round_k,0,1,3,16,72,338,1654,8194,40906,206609
round_shots,100,100,100,100,100,100,100,100,100,100
round_queries,100,300,1100,4100,19900,95300,477100,2411500,12197500,61305300
round_k,0,1,5,20,99,476,2385,12057,60987,306526
round_shots,100,100,100,100,100,100,100,100,100,100
round_queries,100,300,1100,3700,17700,83700,415100,2080300,10471900,53079900
round_k,0,1,5,18,88,418,2075,10401,52359,265399
round_shots,100,100,100,100,100,100,100,100,100,100
round_queries,100,300,1100,3100,15500,74900,376500,1903300,11610300,58378100
round_k,0,1,5,15,77,374,1882,9516,58051,291890
round_shots,100,100,100,100,100,100,100,100,100,100
round_queries,100,300,1100,3500,17500,83900,414900,2088300,10582700,53304300
round_k,0,1,5,17,87,419,2074,10441,52913,266521
round_shots,100,100,100,100,100,100,100,100,100,100
round_queries,100,300,1100,4300,18500,91100,454900,2297100,11613100,58957100
round_k,0,1,5,21,92,455,2274,11485,58065,294785
round_shots,100,100,100,100,100,100,100,100,100,100
round_queries,100,300,1100,4300,21300,105100,524300,2620700,13241500,67103500
round_k,0,1,5,21,106,525,2621,13103,66207,335517
round_shots,100,100,100,100,100,100,100,100,100
round_queries,100,300,1500,6300,30100,150500,752900,3808900,19264500
round_k,0,1,7,31,150,752,3764,19044,96322
round_shots,200,100,100,100,100,100,100,100,100,100
round_queries,200,300,700,2900,13700,63700,316300,1599900,8039900,40786700
round_k,0,1,3,14,68,318,1581,7999,40199,203933
round_shots,100,100,100,100,100,100,100,100,100,100
round_queries,100,300,700,3300,15500,76900,377500,1902300,9606700,48713700
round_k,0,1,3,16,77,384,1887,9511,48033,243568
round_shots,300,100,100,100,100,100,100,100,100
round_queries,300,500,1900,7900,36300,173700,847500,4257900,21525100
round_k,0,2,9,39,181,868,4237,21289,107625
round_shots,200,100,100,100,100,100,100,100,100,100
round_queries,200,300,1100,5100,24100,119700,603700,3024700,15201500,76769500
round_k,0,1,5,25,120,598,3018,15123,76007,383847
round_shots,200,100,100,100,100,100,100,100,100,100
round_queries,200,300,1100,4500,20100,93300,447700,2233100,11279700,56994500
round_k,0,1,5,22,100,466,2238,11165,56398,284972
round_shots,100,100,100,100,100,100,100,100,100,100
round_queries,100,300,1100,3700,17100,84500,415900,2085900,10564300,53455100
round_k,0,1,5,18,85,422,2079,10429,52821,267275
round_shots,100,100,100,100,100,100,100,100,100
round_queries,100,300,1500,5700,26700,129900,642500,3247700,16439300
round_k,0,1,7,28,133,649,3212,16238,82196
round_shots,200,100,100,100,100,100,100,100,100
round_queries,200,300,1500,6700,29900,146500,730300,3681900,18611900
round_k,0,1,7,33,149,732,3651,18409,93059
round_shots,200,100,100,100,100,100,100,100,100
round_queries,200,300,1500,6300,28700,135100,668700,3339900,16887900
round_k,0,1,7,31,143,675,3343,16699,84439
round_shots,100,100,100,100,100,100,100,100,100,100
round_queries,100,300,700,2300,10500,48300,240100,1198100,6073900,30733100
round_k,0,1,3,11,52,241,1200,5990,30369,153665
round_shots,100,100,100,100,100,100,100,100,100
round_queries,100,300,1100,5300,25300,125700,625300,3140100,15940700
round_k,0,1,5,26,126,628,3126,15700,79703
round_shots,100,100,100,100,100,100,100,100,100
round_queries,100,300,1100,5100,24700,121700,609500,3075900,15491900
round_k,0,1,5,25,123,608,3047,15379,77459
round_shots,200,100,100,100,100,100,100,100,100
round_queries,200,700,2700,10300,48300,229300,1140900,5758700,29221300
round_k,0,3,13,51,241,1146,5704,28793,146106
round_shots,100,100,100,100,100,100,100,100,100
round_queries,100,300,1500,6300,31500,157100,787700,3956900,19911300
round_k,0,1,7,31,157,785,3938,19784,99556
round_shots,100,100,100,100,100,100,100,100,100,100
round_queries,100,300,1100,4700,21100,98100,486700,2419100,12219500,61716100
round_k,0,1,5,23,105,490,2433,12095,61097,308580
round_shots,100,100,100,100,100,100,100,100,100,100
round_queries,100,300,1100,3500,15700,75300,360700,1787100,8851500,44631700
round_k,0,1,5,17,78,376,1803,8935,44257,223158
round_shots,100,100,100,100,100,100,100,100,100,100
round_queries,100,300,1100,4900,22700,112300,566900,2862700,14491500,73307500
round_k,0,1,5,24,113,561,2834,14313,72457,366537
round_shots,200,100,100,100,100,100,100,100,100,100
round_queries,200,300,700,2700,12100,55300,271900,1354100,6786300,34218100
round_k,0,1,3,13,60,276,1359,6770,33931,171090
round_shots,100,100,100,100,100,100,100,100,100,100
round_queries,100,300,1100,4700,20900,97300,490500,2469500,12521300,63554900
round_k,0,1,5,23,104,486,2452,12347,62606,317774
round_shots,200,100,100,100,100,100,100,100,100,100
round_queries,200,300,700,2300,11100,54100,264700,1320300,6680100,33844300
round_k,0,1,3,11,55,270,1323,6601,33400,169221
round_shots,100,100,100,100,100,100,100,100,100,100
round_queries,100,300,1100,4100,19300,95700,477900,2411700,12022300,60622700
round_k,0,1,5,20,96,478,2389,12058,60111,303113
round_shots,200,100,100,100,100,100,100,100,100,100
round_queries,200,300,1100,3700,16700,80500,397100,1986300,9968500,50514500
round_k,0,1,5,18,83,402,1985,9931,49842,252572
round_shots,200,100,100,100,100,100,100,100,100,100
round_queries,200,300,1100,4100,19900,96100,478300,2400500,12159700,61576700
round_k,0,1,5,20,99,480,2391,12002,60798,307883
round_shots,100,100,100,100,100,100,100,100,100,100
round_queries,100,300,1100,4700,22900,108700,524300,2640500,13244300,67187900
round_k,0,1,5,23,114,543,2621,13202,66221,335939
round_shots,100,100,100,100,100,100,100,100,100,100
round_queries,100,300,1100,4100,19100,94500,468500,2355700,11916900,60325100
round_k,0,1,5,20,95,472,2342,11778,59584,301625
round_shots,100,100,100,100,100,100,100,100,100
round_queries,100,300,1500,7500,36100,177100,889500,4482900,22690100
round_k,0,1,7,37,180,885,4447,22414,113450
round_shots,100,100,100,100,100,100,100,100,100,100
round_queries,100,300,1100,4100,17900,84900,423900,2122700,10667300,54064700
round_k,0,1,5,20,89,424,2119,10613,53336,270323
round_shots,200,100,100,100,100,100,100,100,100,100
round_queries,200,300,1100,5100,23500,115300,569100,2885300,14544100,73682500
round_k,0,1,5,25,117,576,2845,14426,72720,368412
round_shots,200,100,100,100,100,100,100,100,100,100
round_queries,200,300,1100,4500,21100,99300,493100,2489500,12631300,63967500
round_k,0,1,5,22,105,496,2465,12447,63156,319837
round_shots,200,100,100,100,100,100,100,100,100,100
round_queries,200,300,1100,4100,18500,88500,444300,2236500,11306100,57260100
round_k,0,1,5,20,92,442,2221,11182,56530,286300
round_shots,100,100,100,100,100,100,100,100,100
round_queries,100,300,1100,5100,22700,104500,526700,2668900,16237900
round_k,0,1,5,25,113,522,2633,13344,81189
round_shots,200,100,100,100,100,100,100,100,100,100
round_queries,200,300,700,2700,12700,62100,312500,1561300,7902500,40047300
round_k,0,1,3,13,63,310,1562,7806,39512,200236
round_shots,100,100,100,100,100,100,100,100,100,100
round_queries,100,300,1100,3700,16900,80300,388900,1954100,9831900,49947300
round_k,0,1,5,18,84,401,1944,9770,49159,249736
round_shots,100,100,100,100,100,100,100,100,100,100
round_queries,100,300,1100,4100,18900,92300,462700,2322900,11736300,59530700
round_k,0,1,5,20,94,461,2313,11614,58681,297653
round_shots,100,100,100,100,100,100,100,100,100,100
round_queries,100,300,1100,4700,21900,108900,542300,2716100,14374700,72446100
round_k,0,1,5,23,109,544,2711,13580,71873,362230
round_shots,100,100,100,100,100,100,100,100,100
round_queries,100,300,1500,7300,34100,169100,836500,4239900,21443300
round_k,0,1,7,36,170,845,4182,21199,107216
round_shots,100,100,100,100,100,100,100,100,100,100
round_queries,100,300,900,2700,12900,61100,299500,1517900,7653500,38769100
round_k,0,1,4,13,64,305,1497,7589,38267,193845
round_shots,100,200,100,100,100,100,100,100,100
round_queries,100,600,1900,7500,35700,173700,870700,4366300,21905900
round_k,0,1,9,37,178,868,4353,21831,109529
round_shots,100,100,100,100,100,100,100,100,100
round_queries,100,300,1100,5300,26100,131700,657500,3316300,16740100
round_k,0,1,5,26,130,658,3287,16581,83700
round_shots,200,100,100,100,100,100,100,100,100,100
round_queries,200,300,1100,4100,18900,88300,442300,2199300,11074500,56053700
round_k,0,1,5,20,94,441,2211,10996,55372,280268
round_shots,100,100,100,100,100,100,100,100,100,100
round_queries,100,300,700,2300,10700,49700,240300,1209300,6067100,30434500
round_k,0,1,3,11,53,248,1201,6046,30335,152172
round_shots,300,100,100,100,100,100,100,100,100,100
round_queries,300,300,1100,4100,18100,87500,423500,2060100,10357100,52452700
round_k,0,1,5,20,90,437,2117,10300,51785,262263
round_shots,100,100,100,100,100,100,100,100,100,100
round_queries,100,300,1100,4900,22500,110100,552100,2789700,14090500,71555500
round_k,0,1,5,24,112,550,2760,13948,70452,357777
round_shots,100,100,100,100,100,100,100,100,100,100
round_queries,100,300,1100,4100,18900,94100,473500,2384100,12034100,60748300
round_k,0,1,5,20,94,470,2367,11920,60170,303741
round_shots,100,100,100,100,100,100,100,100,100,100
round_queries,100,300,700,1900,8500,39700,193100,965700,4853900,24536100
round_k,0,1,3,9,42,198,965,4828,24269,122680
round_shots,200,100,100,100,100,100,100,100,100,100
round_queries,200,300,1100,4700,21700,105100,521100,2619900,13210900,66904300
round_k,0,1,5,23,108,525,2605,13099,66054,334521
round_shots,200,100,100,100,100,100,100,100,100,100
round_queries,200,300,700,2300,11100,52500,261900,1279100,6479300,32777700
round_k,0,1,3,11,55,262,1309,6395,32396,163888
round_shots,200,100,100,100,100,100,100,100,100,100
round_queries,200,300,1100,4100,19700,95300,468100,2360900,11910700,60398700
round_k,0,1,5,20,98,476,2340,11804,59553,301993
round_shots,100,100,100,100,100,100,100,100,100,100
round_queries,100,300,1100,3700,17300,80700,381900,1919100,9687300,49052300
round_k,0,1,5,18,86,403,1909,9595,48436,245261
round_shots,200,100,100,100,100,100,100,100,100
round_queries,200,300,1500,6900,40100,239300,1448300,8782500,44210500
round_k,0,1,7,34,200,1196,7241,43912,221052
round_shots,100,100,100,100,100,100,100,100,100,100
round_queries,100,300,1100,4500,19700,95900,478700,2400700,12145100,61402100
round_k,0,1,5,22,98,479,2393,12003,60725,307010
round_shots,100,100,100,100,100,100,100,100,100,100
round_queries,100,300,700,1900,8500,40300,197700,992100,4953300,25078500
round_k,0,1,3,9,42,201,988,4960,24766,125392
round_shots,100,200,100,100,100,100,100,100,100
round_queries,100,600,1500,6300,28300,135900,677100,3421900,17286900
round_k,0,1,7,31,141,679,3385,17109,86434
round_shots,100,100,100,100,100,100,100,100,100,100
round_queries,100,300,700,2900,13300,63500,310300,1554300,7837500,39609100
round_k,0,1,3,14,66,317,1551,7771,39187,198045
round_shots,200,100,100,100,100,100,100,100,100,100
round_queries,200,300,1100,4900,23100,109500,542900,2740500,13898300,70261300
round_k,0,1,5,24,115,547,2714,13702,69491,351306
round_shots,100,100,100,100,100,100,100,100,100,100
round_queries,100,300,1100,3700,16900,81300,396900,1984300,10011900,50595300
round_k,0,1,5,18,84,406,1984,9921,50059,252976
round_shots,200,100,100,100,100,100,100,100,100,100
round_queries,200,300,700,2300,11100,51100,253900,1259900,6302100,31891100
round_k,0,1,3,11,55,255,1269,6299,31510,159455
round_shots,200,100,100,100,100,100,100,100,100
round_queries,200,500,1900,7700,35900,174100,878300,4433900,22408700
round_k,0,2,9,38,179,870,4391,22169,112043
round_shots,200,100,100,100,100,100,100,100,100
round_queries,200,500,1500,6700,31700,157500,795300,4000500,20169300
round_k,0,2,7,33,158,787,3976,20002,100846
round_shots,200,200,100,100,100,100,100,100,100,100
round_queries,200,600,1500,5300,24300,117100,581300,2928500,14857500,75265500
round_k,0,1,7,26,121,585,2906,14642,74287,376327
round_shots,100,100,100,100,100,100,100,100,100,100
round_queries,100,300,1100,4500,21100,101700,493500,2490100,12650100,64039500
round_k,0,1,5,22,105,508,2467,12450,63250,320197
round_shots,200,100,100,100,100,100,100,100,100
round_queries,200,500,1900,7900,39500,195100,977100,4931900,25001700
round_k,0,2,9,39,197,975,4885,24659,125008
round_shots,100,100,100,100,100,100,100,100,100,100
round_queries,100,300,700,3300,15100,71700,357100,1781700,9008100,45688300
round_k,0,1,3,16,75,358,1785,8908,45040,228441
round_shots,200,100,100,100,100,100,100,100,100,100
round_queries,200,300,700,2900,12300,60700,303700,1525900,7606500,38283500
round_k,0,1,3,14,61,303,1518,7629,38032,191417
round_shots,200,100,100,100,100,100,100,100,100,100
round_queries,200,300,1100,4500,20300,100300,502500,2487300,12484500,63423700
round_k,0,1,5,22,101,501,2512,12436,62422,317118
round_shots,100,100,100,100,100,100,100,100,100,100
round_queries,100,300,1100,3700,16500,82700,404700,2021100,10230700,51718900
round_k,0,1,5,18,82,413,2023,10105,51153,258594
round_shots,200,100,100,100,100,100,100,100,100,100
round_queries,200,300,1100,4500,19900,97500,485900,2433100,12291700,62407700
round_k,0,1,5,22,99,487,2429,12165,61458,312038
round_shots,100,100,100,100,100,100,100,100,100,100
round_queries,100,300,1100,5100,24900,118100,591300,2981100,15039300,76028700
round_k,0,1,5,25,124,590,2956,14905,75196,380143
round_shots,100,100,100,100,100,100,100,100,100,100
round_queries,100,300,1100,4500,19300,96100,480500,2402500,12098900,61451900
round_k,0,1,5,22,96,480,2402,12012,60494,307259
round_shots,100,100,100,100,100,100,100,100,100,100
round_queries,100,300,1100,4500,21700,102100,501300,2536300,12708900,64434900
round_k,0,1,5,22,108,510,2506,12681,63544,322174
round_shots,200,100,100,100,100,100,100,100,100,100
round_queries,200,300,1300,4700,22100,108100,531100,2667900,13514700,68620100
round_k,0,1,6,23,110,540,2655,13339,67573,343100
round_shots,100,100,100,100,100,100,100,100,100,100
round_queries,100,300,700,2300,10500,50500,248500,1252900,6261300,31721500
round_k,0,1,3,11,52,252,1242,6264,31306,158607
round_shots,100,100,100,100,100,100,100,100,100,100
round_queries,100,300,1100,4100,18300,89300,442100,2211700,11082100,56164300
round_k,0,1,5,20,91,446,2210,11058,55410,280821
round_shots,200,100,100,100,100,100,100,100,100,100
round_queries,200,300,1100,4700,20900,97500,470100,2208900,11076300,55917100
round_k,0,1,5,23,104,487,2350,11044,55381,279585
round_shots,200,100,100,100,100,100,100,100,100,100
round_queries,200,300,1100,4500,20700,103100,510100,2558700,12932900,65603300
round_k,0,1,5,22,103,515,2550,12793,64664,328016
round_shots,100,100,100,100,100,100,100,100,100,100
round_queries,100,300,700,2900,14500,67500,333300,1682900,8501300,43033700
round_k,0,1,3,14,72,337,1666,8414,42506,215168
round_shots,200,100,100,100,100,100,100,100,100,100
round_queries,200,300,700,2900,12500,57500,288500,1419500,7016500,35260900
round_k,0,1,3,14,62,287,1442,7097,35082,176304
round_shots,100,100,100,100,100,100,100,100,100,100
round_queries,100,300,1100,4500,21100,104500,503500,2447500,12455100,63040900
round_k,0,1,5,22,105,522,2517,12237,62275,315204
round_shots,200,100,100,100,100,100,100,100,100
round_queries,200,300,1500,6700,31300,156500,774500,3907900,19792900
round_k,0,1,7,33,156,782,3872,19539,98964
round_shots,100,100,100,100,100,100,100,100,100,100
round_queries,100,300,1100,3700,16100,79700,396100,1984900,9985700,50586700
round_k,0,1,5,18,80,398,1980,9924,49928,252933
round_shots,100,100,100,100,100,100,100,100,100,100
round_queries,100,300,1100,5300,23900,117300,589300,2984300,15111500,76743500
round_k,0,1,5,26,119,586,2946,14921,75557,383717
round_shots,100,100,100,100,100,100,100,100,100,100
round_queries,100,300,1100,4500,19300,94700,467700,2370300,11975500,60124700
round_k,0,1,5,22,96,473,2338,11851,59877,300623
round_shots,200,100,100,100,100,100,100,100,100,100
round_queries,200,300,1100,4500,21100,99500,485100,2449300,12370300,62403100
round_k,0,1,5,22,105,497,2425,12246,61851,312015
round_shots,200,100,100,100,100,100,100,100,100,100
round_queries,200,300,1100,4500,20900,102100,510300,2559500,12893500,65417700
round_k,0,1,5,22,104,510,2551,12797,64467,327088
round_shots,100,100,100,100,100,100,100,100,100,100
round_queries,100,300,1100,4300,20300,95500,473900,2367100,11984100,60595700
round_k,0,1,5,21,101,477,2369,11835,59920,302978
round_shots,200,100,100,100,100,100,100,100,100,100
round_queries,200,300,700,1900,7500,37300,184900,931900,4549700,22693100
round_k,0,1,3,9,37,186,924,4659,22748,113465
round_shots,300,100,100,100,100,100,100,100,100,100
round_queries,300,300,1100,4500,20100,95100,468100,2309300,11658300,58893700
round_k,0,1,5,22,100,475,2340,11546,58291,294468
round_shots,100,100,100,100,100,100,100,100,100
round_queries,100,300,1100,5500,25700,128300,614500,3090100,15610900
round_k,0,1,5,27,128,641,3072,15450,78054
round_shots,100,100,100,100,100,100,100,100,100,100
round_queries,100,300,1100,4900,24100,114700,575100,2899700,14567100,73537300
round_k,0,1,5,24,120,573,2875,14498,72835,367686
round_shots,100,100,100,100,100,100,100,100,100,100
round_queries,100,300,1100,4500,20300,95500,479300,2407300,12150100,61611900
round_k,0,1,5,22,101,477,2396,12036,60750,308059
round_shots,200,100,100,100,100,100,100,100,100,100
round_queries,200,300,700,2700,11100,53700,272700,1360700,6847900,34702300
round_k,0,1,3,13,55,268,1363,6803,34239,173511
round_shots,100,100,100,100,100,100,100,100,100,100
round_queries,100,300,700,2300,9900,49900,248300,1255300,6313500,31934700
round_k,0,1,3,11,49,249,1241,6276,31567,159673
round_shots,100,100,100,100,100,100,100,100,100,100
round_queries,100,300,1100,4100,19700,98300,494500,2472900,12512900,63476500
round_k,0,1,5,20,98,491,2472,12364,62564,317382
round_shots,100,100,100,100,100,100,100,100,100,100
round_queries,100,300,1100,5100,24500,121300,605700,3045500,15448700,78216100
round_k,0,1,5,25,122,606,3028,15227,77243,391080
round_shots,100,100,100,100,100,100,100,100,100,100
round_queries,100,300,700,2900,11700,58300,289900,1461100,7370500,37060500
round_k,0,1,3,14,58,291,1449,7305,36852,185302
round_shots,200,100,100,100,100,100,100,100,100,100
round_queries,200,300,700,2900,12900,60900,301100,1506900,7588100,38380700
round_k,0,1,3,14,64,304,1505,7534,37940,191903
round_shots,200,100,100,100,100,100,100,100,100,100
round_queries,200,300,1100,4500,21500,108900,548100,2774700,13941500,70609700
round_k,0,1,5,22,107,544,2740,13873,69707,353048
round_shots,200,100,100,100,100,100,100,100,100,100
round_queries,200,300,1100,4100,19100,92500,457900,2303100,11588100,58625900
round_k,0,1,5,20,95,462,2289,11515,57940,293129
round_shots,200,100,100,100,100,100,100,100,100,100
round_queries,200,300,1100,5100,23900,113900,565100,2840500,14278900,72241900
round_k,0,1,5,25,119,569,2825,14202,71394,361209
round_shots,100,100,100,100,100,100,100,100,100,100
round_queries,100,300,1100,4700,20900,102500,505900,2544100,12878900,65074500
round_k,0,1,5,23,104,512,2529,12720,64394,325372
round_shots,200,100,100,100,100,100,100,100,100,100
round_queries,200,300,1100,5100,22300,104900,497100,2449900,12349900,62615100
round_k,0,1,5,25,111,524,2485,12249,61749,313075
round_shots,200,100,100,100,100,100,100,100,100,100
round_queries,200,300,1100,4700,21500,99900,490300,2473100,12484300,62836900
round_k,0,1,5,23,107,499,2451,12365,62421,314184
round_shots,200,100,100,100,100,100,100,100,100,100
round_queries,200,300,1100,4300,20100,95300,472300,2363700,11926500,60488500
round_k,0,1,5,21,100,476,2361,11818,59632,302442
round_shots,200,100,100,100,100,100,100,100,100,100
round_queries,200,300,1100,5100,24100,111500,523300,2606900,12915700,65146900
round_k,0,1,5,25,120,557,2616,13034,64578,325734
round_shots,100,100,100,100,100,100,100,100,100,100
round_queries,100,300,1100,4900,22900,112700,567100,2840100,14347300,72694900
round_k,0,1,5,24,114,563,2835,14200,71736,363474
round_shots,100,100,100,100,100,100,100,100,100
round_queries,100,300,1500,5900,27900,134300,662700,3337500,16849100
round_k,0,1,7,29,139,671,3313,16687,84245
round_shots,100,100,100,100,100,100,100,100,100,100
round_queries,100,300,1100,3100,13100,62900,308100,1553900,7866700,39707900
round_k,0,1,5,15,65,314,1540,7769,39333,198539
round_shots,200,100,100,100,100,100,100,100,100,100
round_queries,200,300,1100,4500,20300,95300,468100,2360300,11907100,60442100
round_k,0,1,5,22,101,476,2340,11801,59535,302210
round_shots,100,100,100,100,100,100,100,100,100,100
round_queries,100,300,1100,4100,19100,91100,443100,2227300,11282700,57158700
round_k,0,1,5,20,95,455,2215,11136,56413,285793
round_shots,300,100,100,100,100,100,100,100,100,100
round_queries,300,300,1100,4900,23900,114100,563100,2815700,14154300,71724100
round_k,0,1,5,24,119,570,2815,14078,70771,358620
round_shots,200,100,100,100,100,100,100,100,100,100
round_queries,200,300,700,2300,10300,51100,250900,1249700,6604300,33408500
round_k,0,1,3,11,51,255,1254,6248,33021,167042
round_shots,200,100,100,100,100,100,100,100,100,100
round_queries,200,300,1100,3700,15700,76700,377700,1903700,9669900,48590500
round_k,0,1,5,18,78,383,1888,9518,48349,242952
round_shots,100,100,100,100,100,100,100,100,100,100
round_queries,100,300,700,3300,14500,69300,339100,1702500,8544900,43183900
round_k,0,1,3,16,72,346,1695,8512,42724,215919
round_shots,100,100,100,100,100,100,100,100,100,100
round_queries,100,300,700,2300,9900,47900,230300,1150900,5765900,29248700
round_k,0,1,3,11,49,239,1151,5754,28829,146243
round_shots,100,100,100,100,100,100,100,100,100,100
round_queries,100,300,1100,5100,23900,116900,571900,2869900,14535300,73617500
round_k,0,1,5,25,119,584,2859,14349,72676,368087
round_shots,100,100,100,100,100,100,100,100,100,100
round_queries,100,300,1100,4100,18500,87900,438700,2180700,10894100,55029100
round_k,0,1,5,20,92,439,2193,10903,54470,275145
round_shots,200,100,100,100,100,100,100,100,100
round_queries,200,300,1500,7100,33900,165300,785100,3876900,19570100
round_k,0,1,7,35,169,826,3925,19384,97850
round_shots,100,100,100,100,100,100,100,100,100,100
round_queries,100,300,1100,4100,19300,94900,475100,2378100,12033100,60951100
round_k,0,1,5,20,96,474,2375,11890,60165,304755
round_shots,100,100,100,100,100,100,100,100,100,100
round_queries,100,300,1100,4900,24300,121100,593300,2968500,15001700,76067500
round_k,0,1,5,24,121,605,2966,14842,75008,380337
round_shots,200,100,100,100,100,100,100,100,100,100
round_queries,200,300,1100,4100,20300,96900,481100,2411500,12162500,61654700
round_k,0,1,5,20,101,484,2405,12057,60812,308273
round_shots,200,100,100,100,100,100,100,100,100
round_queries,200,300,1500,6300,30900,147500,738300,3723300,18868700
round_k,0,1,7,31,154,737,3691,18616,94343
round_shots,200,100,100,100,100,100,100,100,100
round_queries,200,500,1900,9500,44900,214900,1072900,5404100,27334300
round_k,0,2,9,47,224,1074,5364,27020,136671
round_shots,100,100,100,100,100,100,100,100,100,100
round_queries,100,300,1100,4900,23500,112100,562700,2854500,14472700,73389700
round_k,0,1,5,24,117,560,2813,14272,72363,366948
round_shots,100,100,100,100,100,100,100,100,100,100
round_queries,100,300,1100,4500,20900,98700,493500,2468500,12496300,63452300
round_k,0,1,5,22,104,493,2467,12342,62481,317261
round_shots,200,100,100,100,100,100,100,100,100,100
round_queries,200,300,700,2700,11100,52700,261700,1312700,6651100,33644100
round_k,0,1,3,13,55,263,1308,6563,33255,168220
round_shots,100,100,100,100,100,100,100,100,100
round_queries,100,300,1500,6500,30500,147300,736500,3699300,18755300
round_k,0,1,7,32,152,736,3682,18496,93776
round_shots,100,100,100,100,100,100,100,100,100
round_queries,100,300,1500,5500,26500,126100,621900,3156500,15905100
round_k,0,1,7,27,132,630,3109,15782,79525
round_shots,100,100,100,100,100,100,100,100,100,100
round_queries,100,300,1100,4500,21100,104700,524100,2653100,13380700,67779300
round_k,0,1,5,22,105,523,2620,13265,66903,338896
round_shots,100,100,100,100,100,100,100,100,100,100
round_queries,100,300,700,2900,13100,64100,299900,1445300,7315100,36962100
round_k,0,1,3,14,65,320,1499,7226,36575,184810
round_shots,300,100,100,100,100,100,100,100,100,100
round_queries,300,300,1100,3700,16100,77100,379300,1903300,9641700,48883500
round_k,0,1,5,18,80,385,1896,9516,48208,244417
round_shots,100,100,100,100,100,100,100,100,100,100
round_queries,100,300,1100,4900,23500,118300,582300,2917500,14726300,74525500
round_k,0,1,5,24,117,591,2911,14587,73631,372627
round_shots,200,100,100,100,100,100,100,100,100,100
round_queries,200,300,1100,3100,15500,74300,373300,1866700,9428700,47839900
round_k,0,1,5,15,77,371,1866,9333,47143,239199
round_shots,100,100,100,100,100,100,100,100,100,100
round_queries,100,300,700,2300,9100,44100,221900,1099300,5540900,28045100
round_k,0,1,3,11,45,220,1109,5496,27704,140225
round_shots,100,100,100,100,100,100,100,100,100,100
round_queries,100,300,700,2500,11700,55700,262300,1321900,6688500,33695100
round_k,0,1,3,12,58,278,1311,6609,33442,168475
round_shots,200,100,100,100,100,100,100,100,100,100
round_queries,200,300,1100,4500,21700,105700,530300,2691500,13580700,68859700
round_k,0,1,5,22,108,528,2651,13457,67903,344298
round_shots,300,100,100,100,100,100,100,100,100,100
round_queries,300,300,1100,4100,19700,96300,469100,2361100,11887900,59856100
round_k,0,1,5,20,98,481,2345,11805,59439,299280
round_shots,100,100,100,100,100,100,100,100,100
round_queries,100,300,1100,5300,25100,121700,600300,3001500,18245100
round_k,0,1,5,26,125,608,3001,15007,91225
round_shots,200,100,100,100,100,100,100,100,100
round_queries,200,300,1100,5500,27100,128100,636900,3226700,16322700
round_k,0,1,5,27,135,640,3184,16133,81613
round_shots,100,100,100,100,100,100,100,100,100,100
round_queries,100,300,1100,4100,18300,88900,435900,2202700,11096500,56668900
round_k,0,1,5,20,91,444,2179,11013,55482,283344
round_shots,100,100,100,100,100,100,100,100,100,100
round_queries,100,300,1100,4900,23300,112300,559100,2812500,14211100,71941100
round_k,0,1,5,24,116,561,2795,14062,71055,359705
round_shots,100,100,100,100,100,100,100,100,100,100
round_queries,100,300,1100,4100,19700,91100,459100,2313900,11607300,58925900
round_k,0,1,5,20,98,455,2295,11569,58036,294629
round_shots,200,100,100,100,100,100,100,100,100,100
round_queries,200,300,700,2300,10900,51100,249100,1251500,6306300,31913900
round_k,0,1,3,11,54,255,1245,6257,31531,159569
round_shots,100,100,100,100,100,100,100,100,100,100
round_queries,100,300,700,2500,10900,51300,249100,1263100,6404700,32425700
round_k,0,1,3,12,54,256,1245,6315,32023,162128
round_shots,200,100,100,100,100,100,100,100,100,100
round_queries,200,300,1100,4500,19300,94900,477300,2408100,12098500,61054300
round_k,0,1,5,22,96,474,2386,12040,60492,305271
round_shots,300,100,100,100,100,100,100,100,100,100
round_queries,300,300,1100,4700,21500,104500,524500,2654500,13427900,68072100
round_k,0,1,5,23,107,522,2622,13272,67139,340360
round_shots,100,100,100,100,100,100,100,100,100,100
round_queries,100,300,1100,3500,16500,78100,388500,1964900,9929700,50291900
round_k,0,1,5,17,82,390,1942,9824,49648,251459
round_shots,100,100,100,100,100,100,100,100,100,100
round_queries,100,300,700,3300,14100,67300,329700,1641900,8288700,41977500
round_k,0,1,3,16,70,336,1648,8209,41443,209887
round_shots,200,100,100,100,100,100,100,100,100,100
round_queries,200,300,1100,4500,21900,105500,523100,2621100,13194900,66915100
round_k,0,1,5,22,109,527,2615,13105,65974,334575
round_shots,200,100,100,100,100,100,100,100,100,100
round_queries,200,300,1100,4900,23900,119500,593300,2982500,15058300,75793700
round_k,0,1,5,24,119,597,2966,14912,75291,378968
round_shots,100,100,100,100,100,100,100,100,100,100
round_queries,100,300,1100,4500,20700,100700,486300,2400700,12092900,60877100
round_k,0,1,5,22,103,503,2431,12003,60464,304385
round_shots,100,100,100,100,100,100,100,100,100,100
round_queries,100,300,700,2900,13900,65700,305900,1532100,7715100,39153900
round_k,0,1,3,14,69,328,1529,7660,38575,195769
round_shots,100,100,100,100,100,100,100,100,100
round_queries,100,300,1500,6300,29300,143700,701100,3491500,17588900
round_k,0,1,7,31,146,718,3505,17457,87944
round_shots,300,100,100,100,100,100,100,100,100
round_queries,300,300,1500,6700,30700,153500,767300,3873300,19521100
round_k,0,1,7,33,153,767,3836,19366,97605
round_shots,100,100,100,100,100,100,100,100,100,100
round_queries,100,300,700,1900,7900,38700,185100,932100,4703700,23828700
round_k,0,1,3,9,39,193,925,4660,23518,119143
round_shots,100,100,100,100,100,100,100,100,100,100
round_queries,100,300,1100,4100,17100,80300,384300,1910100,9631700,48594500
round_k,0,1,5,20,85,401,1921,9550,48158,242972
round_shots,200,100,100,100,100,100,100,100,100,100
round_queries,200,300,1100,3700,16100,77100,372300,1859700,9313900,47217300
round_k,0,1,5,18,80,385,1861,9298,46569,236086
round_shots,200,100,100,100,100,100,100,100,100,100
round_queries,200,300,1100,5100,23500,115500,554300,2775100,13897700,70428900
round_k,0,1,5,25,117,577,2771,13875,69488,352144
round_shots,200,100,100,100,100,100,100,100,100,100
round_queries,200,300,1100,3500,15700,74500,370500,1868500,9466500,47933100
round_k,0,1,5,17,78,372,1852,9342,47332,239665
round_shots,100,100,100,100,100,100,100,100,100,100
round_queries,100,300,1100,4900,23100,111500,553900,2779700,14089100,71093500
round_k,0,1,5,24,115,557,2769,13898,70445,355467
round_shots,100,100,100,100,100,100,100,100,100,100
round_queries,100,300,1100,5300,23700,115700,574700,2911700,14701300,74370500
round_k,0,1,5,26,118,578,2873,14558,73506,371852
round_shots,100,100,100,100,100,100,100,100,100,100
round_queries,100,300,700,1900,7700,36100,172500,852900,4310900,21844300
round_k,0,1,3,9,38,180,862,4264,21554,109221
round_shots,200,100,100,100,100,100,100,100,100,100
round_queries,200,300,1100,4100,18300,86700,427500,2134100,10807700,54856300
round_k,0,1,5,20,91,433,2137,10670,54038,274281
round_shots,100,100,100,100,100,100,100,100,100,100
round_queries,100,300,1100,4100,18100,86900,432700,2186500,11048300,55611900
round_k,0,1,5,20,90,434,2163,10932,55241,278059
round_shots,200,100,100,100,100,100,100,100,100,100
round_queries,200,300,700,1900,7700,35900,172300,873900,4409700,22318300
round_k,0,1,3,9,38,179,861,4369,22048,111591
round_shots,100,100,100,100,100,100,100,100,100,100
round_queries,100,300,700,2900,13500,66100,330300,1637700,8229900,41737100
round_k,0,1,3,14,67,330,1651,8188,41149,208685
round_shots,200,100,100,100,100,100,100,100,100
round_queries,200,300,1100,5100,25100,125500,625100,3136100,15876100
round_k,0,1,5,25,125,627,3125,15680,79380
round_shots,200,100,100,100,100,100,100,100,100,100
round_queries,200,300,1100,3500,15300,75100,363700,1814500,9152100,46394100
round_k,0,1,5,17,76,375,1818,9072,45760,231970
round_shots,200,100,100,100,100,100,100,100,100,100
round_queries,200,300,700,1900,8100,39900,186100,931900,4709100,23804700
round_k,0,1,3,9,40,199,930,4659,23545,119023
round_shots,100,100,100,100,100,100,100,100,100,100
round_queries,100,300,1100,3700,16700,82100,410300,2067500,10433300,52729100
round_k,0,1,5,18,83,410,2051,10337,52166,263645
round_shots,200,100,100,100,100,100,100,100,100,100
round_queries,200,300,1100,4100,19500,94100,464300,2336700,11799100,59557500
round_k,0,1,5,20,97,470,2321,11683,58995,297787
round_shots,300,100,100,100,100,100,100,100,100,100
round_queries,300,300,1100,4500,20900,101100,505900,2534900,12758700,64705300
round_k,0,1,5,22,104,505,2529,12674,63793,323526
round_shots,100,100,100,100,100,100,100,100,100,100
round_queries,100,300,1100,4500,20100,95300,480700,2425900,12266900,62062900
round_k,0,1,5,22,100,476,2403,12129,61334,310314
round_shots,100,100,100,100,100,100,100,100,100,100
round_queries,100,300,1100,4500,19300,92300,461300,2295300,11572500,58731700
round_k,0,1,5,22,96,461,2306,11476,57862,293658
round_shots,300,100,100,100,100,100,100,100,100
round_queries,300,500,1500,6300,30100,148700,738500,3710900,18693900
round_k,0,2,7,31,150,743,3692,18554,93469
round_shots,200,100,100,100,100,100,100,100,100,100
round_queries,200,300,700,3300,14900,69300,342300,1727900,8669300,43905700
round_k,0,1,3,16,74,346,1711,8639,43346,219528
round_shots,100,100,100,100,100,100,100,100,100,100
round_queries,100,300,1100,5100,23300,114900,570900,2864300,14609100,74055500
round_k,0,1,5,25,116,574,2854,14321,73045,370277
round_shots,100,100,100,100,100,100,100,100,100,100
round_queries,100,300,1100,4500,19700,93500,463500,2345900,11872700,60275700
round_k,0,1,5,22,98,467,2317,11729,59363,301378
round_shots,200,100,100,100,100,100,100,100,100
round_queries,200,700,2300,10500,48500,238100,1202700,6067500,30697500
round_k,0,3,11,52,242,1190,6013,30337,153487
round_shots,200,100,100,100,100,100,100,100,100,100
round_queries,200,300,700,2300,10500,48700,233100,1165500,5884700,29746300
round_k,0,1,3,11,52,243,1165,5827,29423,148731
round_shots,200,100,100,100,100,100,100,100,100
round_queries,200,300,1100,5300,24700,121700,611100,3084500,15500500
round_k,0,1,5,26,123,608,3055,15422,77502
round_shots,100,100,100,100,100,100,100,100,100
round_queries,100,300,1500,6300,29300,139300,685500,3471500,17570300
round_k,0,1,7,31,146,696,3427,17357,87851
round_shots,100,100,100,100,100,100,100,100,100,100
round_queries,100,300,1100,4700,21900,108300,538700,2715300,13569700,68883300
round_k,0,1,5,23,109,541,2693,13576,67848,344416
round_shots,200,100,100,100,100,100,100,100,100,100
round_queries,200,300,700,2700,12700,58700,281100,1411900,7091100,35692700
round_k,0,1,3,13,63,293,1405,7059,35455,178463
round_shots,100,100,100,100,100,100,100,100,100,100
round_queries,100,300,1100,4100,18900,95900,484300,2443100,12404300,62513100
round_k,0,1,5,20,94,479,2421,12215,62021,312565
round_shots,200,100,100,100,100,100,100,100,100,100
round_queries,200,300,1100,4100,19700,91700,450500,2233900,11053300,55970500
round_k,0,1,5,20,98,458,2252,11169,55266,279852
round_shots,200,100,100,100,100,100,100,100,100,100
round_queries,200,300,1100,3700,15900,74100,371700,1860900,9378900,47202500
round_k,0,1,5,18,79,370,1858,9304,46894,236012
round_shots,100,100,100,100,100,100,100,100,100,100
round_queries,100,300,700,2900,12500,60900,301300,1491700,7506100,37713900
round_k,0,1,3,14,62,304,1506,7458,37530,188569
round_shots,100,100,100,100,100,100,100,100,100,100
round_queries,100,300,700,1900,8500,38900,184500,916700,4607900,23290900
round_k,0,1,3,9,42,194,922,4583,23039,116454
round_shots,100,100,100,100,100,100,100,100,100,100
round_queries,100,300,700,3300,14700,70500,341500,1707900,8639900,43358300
round_k,0,1,3,16,73,352,1707,8539,43199,216791
round_shots,100,100,100,100,100,100,100,100,100,100
round_queries,100,300,1100,5500,25700,118500,550900,2751300,13911500,70567100
round_k,0,1,5,27,128,592,2754,13756,69557,352835
round_shots,100,100,100,100,100,100,100,100,100,100
round_queries,100,300,700,2700,12500,58300,287700,1431100,7185300,36325900
round_k,0,1,3,13,62,291,1438,7155,35926,181629
round_shots,200,100,100,100,100,100,100,100,100,100
round_queries,200,300,1100,4100,19500,90900,423900,1993300,9809300,49405900
round_k,0,1,5,20,97,454,2119,9966,49046,247029
round_shots,100,100,100,100,100,100,100,100,100,100
round_queries,100,300,1100,3500,15700,75500,371900,1879100,11428900,57859900
round_k,0,1,5,17,78,377,1859,9395,57144,289299
round_shots,200,100,100,100,100,100,100,100,100
round_queries,200,700,2300,9100,42900,203500,1016700,5110100,25884900
round_k,0,3,11,45,214,1017,5083,25550,129424
round_shots,200,100,100,100,100,100,100,100,100,100
round_queries,200,300,700,2300,11500,53700,259500,1314900,6591500,33303700
round_k,0,1,3,11,57,268,1297,6574,32957,166518
round_shots,100,100,100,100,100,100,100,100,100,100
round_queries,100,300,1100,4900,22700,106900,499700,2429900,12210700,61437900
round_k,0,1,5,24,113,534,2498,12149,61053,307189
round_shots,200,100,100,100,100,100,100,100,100,100
round_queries,200,300,1100,4900,21900,109300,530700,2648100,13399700,67751300
round_k,0,1,5,24,109,546,2653,13240,66998,338756
round_shots,200,100,100,100,100,100,100,100,100,100
round_queries,200,300,1100,3700,18500,88500,440900,2232300,11290700,57343100
round_k,0,1,5,18,92,442,2204,11161,56453,286715
round_shots,100,100,100,100,100,100,100,100,100,100
round_queries,100,300,1100,3100,13100,61300,304900,1534700,7704500,38886900
round_k,0,1,5,15,65,306,1524,7673,38522,194434
round_shots,100,100,100,100,100,100,100,100,100,100
round_queries,100,300,1300,4300,20500,102500,511100,2573100,12901700,65375100
round_k,0,1,6,21,102,512,2555,12865,64508,326875
round_shots,200,100,100,100,100,100,100,100,100
round_queries,200,500,2300,8900,41500,209700,1057100,5332900,26843300
round_k,0,2,11,44,207,1048,5285,26664,134216
round_shots,200,100,100,100,100,100,100,100,100,100
round_queries,200,300,1100,4100,19300,94500,465500,2329500,11766900,59102500
round_k,0,1,5,20,96,472,2327,11647,58834,295512
round_shots,100,100,100,100,100,100,100,100,100,100
round_queries,100,300,1100,4500,19900,94500,468300,2357700,14371700,72464100
round_k,0,1,5,22,99,472,2341,11788,71858,362320
round_shots,200,100,100,100,100,100,100,100,100,100
round_queries,200,300,1100,4100,20100,94500,468900,2374500,12053900,60448900
round_k,0,1,5,20,100,472,2344,11872,60269,302244
round_shots,200,100,100,100,100,100,100,100,100
round_queries,200,300,1500,7100,33700,167300,841300,4230700,21421100
round_k,0,1,7,35,168,836,4206,21153,107105
round_shots,100,100,100,100,100,100,100,100,100,100
round_queries,100,300,700,3100,14500,71100,360900,1824300,9238900,46813300
round_k,0,1,3,15,72,355,1804,9121,46194,234066
round_shots,100,100,100,100,100,100,100,100,100,100
round_queries,100,300,1100,4700,20500,98100,480300,2426900,12227500,61667900
round_k,0,1,5,23,102,490,2401,12134,61137,308339
round_shots,100,100,100,100,100,100,100,100,100,100
round_queries,100,300,700,2900,13300,62500,309900,1546300,7725700,38809500
round_k,0,1,3,14,66,312,1549,7731,38628,194047
round_shots,100,100,100,100,100,100,100,100,100,100
round_queries,100,300,1100,3700,15500,74900,374700,1834500,9221300,46749500
round_k,0,1,5,18,77,374,1873,9172,46106,233747
round_shots,100,100,100,100,100,100,100,100,100,100
round_queries,100,300,1100,4900,21500,102900,508300,2545900,12894300,65201900
round_k,0,1,5,24,107,514,2541,12729,64471,326009
round_shots,100,100,100,100,100,100,100,100,100,100
round_queries,100,300,1100,5100,24100,117100,583900,2910500,14695900,74080900
round_k,0,1,5,25,120,585,2919,14552,73479,370404
round_shots,100,100,100,100,100,100,100,100,100,100
round_queries,100,300,1100,4100,18300,86300,425500,2140100,10782300,54514500
round_k,0,1,5,20,91,431,2127,10700,53911,272572
round_shots,100,100,100,100,100,100,100,100,100,100
round_queries,100,300,1100,4700,22300,110700,545300,2737900,13841700,70068500
round_k,0,1,5,23,111,553,2726,13689,69208,350342
round_shots,200,100,100,100,100,100,100,100,100,100
round_queries,200,300,700,3300,15100,72700,352700,1774500,8997300,45583300
round_k,0,1,3,16,75,363,1763,8872,44986,227916
round_shots,100,100,100,100,100,100,100,100,100,100
round_queries,100,300,900,4500,19900,98100,487100,2451900,12422500,62918100
round_k,0,1,4,22,99,490,2435,12259,62112,314590
round_shots,100,100,100,100,100,100,100,100,100,100
round_queries,100,300,1100,4700,20500,101700,499100,2506900,12664500,64139700
round_k,0,1,5,23,102,508,2495,12534,63322,320698
round_shots,100,100,100,100,100,100,100,100,100,100
round_queries,100,300,1100,4100,17500,81900,404500,2036700,10313700,52179300
round_k,0,1,5,20,87,409,2022,10183,51568,260896
round_shots,200,100,100,100,100,100,100,100,100,100
round_queries,200,300,1100,4900,23900,119100,588100,2979300,15064700,76372900
round_k,0,1,5,24,119,595,2940,14896,75323,381864
round_shots,100,100,100,100,100,100,100,100,100,100
round_queries,100,300,1100,5100,23500,116300,571700,2878700,14574500,73877100
round_k,0,1,5,25,117,581,2858,14393,72872,369385
round_shots,100,100,100,100,100,100,100,100,100,100
round_queries,100,300,1100,4100,18500,90100,439700,2190900,10966100,55439300
round_k,0,1,5,20,92,450,2198,10954,54830,277196
round_shots,200,100,100,100,100,100,100,100,100,100
round_queries,200,300,1100,4100,17700,85700,427900,2160500,10889300,55271100
round_k,0,1,5,20,88,428,2139,10802,54446,276355
round_shots,200,100,100,100,100,100,100,100,100,100
round_queries,200,300,700,2900,12500,58300,283900,1411700,7084700,35795900
round_k,0,1,3,14,62,291,1419,7058,35423,178979
round_shots,100,100,100,100,100,100,100,100,100,100
round_queries,100,300,1100,3700,17500,82300,414300,2084100,10528900,53237100
round_k,0,1,5,18,87,411,2071,10420,52644,266185
round_shots,200,100,100,100,100,100,100,100,100,100
round_queries,200,300,1100,4700,20900,104100,522300,2597300,13113300,69841500
round_k,0,1,5,23,104,520,2611,12986,65566,349207
round_shots,100,100,100,100,100,100,100,100,100
round_queries,100,500,1500,6300,28500,139100,688100,3478300,17632700
round_k,0,2,7,31,142,695,3440,17391,88163
round_shots,200,100,100,100,100,100,100,100,100
round_queries,200,500,1500,6700,31900,157100,769300,3896300,19759500
round_k,0,2,7,33,159,785,3846,19481,98797
round_shots,100,100,100,100,100,100,100,100,100,100
round_queries,100,300,1100,4900,20900,100700,477500,2396900,12121900,61451900
round_k,0,1,5,24,104,503,2387,11984,60609,307259
round_shots,100,100,100,100,100,100,100,100,100,100
round_queries,100,300,700,2300,8900,40700,194100,950900,4744300,24025300
round_k,0,1,3,11,44,203,970,4754,23721,120126
round_shots,200,100,100,100,100,100,100,100,100
round_queries,200,300,1500,7300,35500,173700,864500,4309900,21791300
round_k,0,1,7,36,177,868,4322,21549,108956
round_shots,100,100,100,100,100,100,100,100,100,100
round_queries,100,300,1100,4500,19500,94300,438700,2207700,11150100,56583500
round_k,0,1,5,22,97,471,2193,11038,55750,282917
round_shots,100,100,100,100,100,100,100,100,100,100
round_queries,100,300,1100,4500,20500,99500,492500,2485900,12547300,63570700
round_k,0,1,5,22,102,497,2462,12429,62736,317853
round_shots,100,100,100,100,100,100,100,100,100,100
round_queries,100,300,1100,4700,21100,103100,512700,2581300,12966100,65791500
round_k,0,1,5,23,105,515,2563,12906,64830,328957
round_shots,200,100,100,100,100,100,100,100,100,100
round_queries,200,300,1100,4500,21300,107100,536300,2701500,13670500,68947500
round_k,0,1,5,22,106,535,2681,13507,68352,344737
round_shots,200,100,100,100,100,100,100,100,100,100
round_queries,200,300,1100,4100,18900,92700,458700,2294700,11546100,58513900
round_k,0,1,5,20,94,463,2293,11473,57730,292569
round_shots,100,100,100,100,100,100,100,100,100,100
round_queries,100,300,700,1900,7100,34700,169100,849700,4285100,21673700
round_k,0,1,3,9,35,173,845,4248,21425,108368
round_shots,200,100,100,100,100,100,100,100,100,100
round_queries,200,300,1100,4100,17100,83300,412500,2068900,10426300,52836700
round_k,0,1,5,20,85,416,2062,10344,52131,264183
round_shots,200,100,100,100,100,100,100,100,100,100
round_queries,200,300,1100,4500,21100,103300,514100,2576300,13028900,66085300
round_k,0,1,5,22,105,516,2570,12881,65144,330426
round_shots,100,100,100,100,100,100,100,100,100,100
round_queries,100,300,1100,4300,19300,96900,471900,2386700,12034500,60961700
round_k,0,1,5,21,96,484,2359,11933,60172,304808
round_shots,100,100,100,100,100,100,100,100,100,100
round_queries,100,300,700,2500,11100,53900,267300,1340900,6751900,33936100
round_k,0,1,3,12,55,269,1336,6704,33759,169680
round_shots,300,100,100,100,100,100,100,100,100
round_queries,300,500,1500,6900,33100,157700,774500,3919700,19724700
round_k,0,2,7,34,165,788,3872,19598,98623
round_shots,100,100,100,100,100,100,100,100,100,100
round_queries,100,300,700,2900,14300,67900,331500,1666300,8350900,41958900
round_k,0,1,3,14,71,339,1657,8331,41754,209794
round_shots,100,100,100,100,100,100,100,100,100,100
round_queries,100,300,1100,4900,22500,109700,541700,2709700,13599300,68688100
round_k,0,1,5,24,112,548,2708,13548,67996,343440
round_shots,200,100,100,100,100,100,100,100,100
round_queries,200,500,1500,5900,28900,140500,692700,3330700,16783500
round_k,0,2,7,29,144,702,3463,16653,83917
round_shots,200,100,100,100,100,100,100,100,100,100
round_queries,200,300,1100,4100,18100,85700,430900,2151300,10870300,55182100
round_k,0,1,5,20,90,428,2154,10756,54351,275910
round_shots,100,100,100,100,100,100,100,100,100,100
round_queries,100,300,1100,3700,18300,91500,454300,2274100,11521700,58116900
round_k,0,1,5,18,91,457,2271,11370,57608,290584
round_shots,100,100,100,100,100,100,100,100,100,100
round_queries,100,300,1100,4100,18700,89900,444900,2230900,11262500,57112500
round_k,0,1,5,20,93,449,2224,11154,56312,285562
round_shots,100,100,100,100,100,100,100,100,100,100
round_queries,100,300,700,2300,10900,52100,253100,1280500,6390300,32130700
round_k,0,1,3,11,54,260,1265,6402,31951,160653
round_shots,100,100,100,100,100,100,100,100,100,100
round_queries,100,300,1100,4500,19500,90900,448700,2257100,11384100,57549900
round_k,0,1,5,22,97,454,2243,11285,56920,287749
round_shots,100,100,100,100,100,100,100,100,100,100
round_queries,100,300,1100,4500,20700,101900,513300,2568500,12898100,65246900
round_k,0,1,5,22,103,509,2566,12842,64490,326234
round_shots,200,100,100,100,100,100,100,100,100
round_queries,200,500,2300,8900,43100,207500,1011300,5107900,25934900
round_k,0,2,11,44,215,1037,5056,25539,129674
round_shots,200,100,100,100,100,100,100,100,100,100
round_queries,200,300,700,2900,14500,67700,327300,1645500,8350300,42328900
round_k,0,1,3,14,72,338,1636,8227,41751,211644
round_shots,100,100,100,100,100,100,100,100,100,100
round_queries,100,300,1100,3500,15500,77100,375300,1901300,9541300,48398700
round_k,0,1,5,17,77,385,1876,9506,47706,241993
round_shots,200,100,100,100,100,100,100,100,100,100
round_queries,200,300,1100,4700,21700,107900,536900,2726100,13790900,69941300
round_k,0,1,5,23,108,539,2684,13630,68954,349706
round_shots,200,100,100,100,100,100,100,100,100,100
round_queries,200,300,1100,3700,17300,83500,396300,1935500,9789700,49668700
round_k,0,1,5,18,86,417,1981,9677,48948,248343
round_shots,100,100,100,100,100,100,100,100,100,100
round_queries,100,300,1100,4100,19500,92300,455100,2290100,11523500,57914300
round_k,0,1,5,20,97,461,2275,11450,57617,289571
round_shots,200,100,100,100,100,100,100,100,100
round_queries,200,500,1900,9100,41900,208100,1039700,5259900,26632900
round_k,0,2,9,45,209,1040,5198,26299,133164
round_shots,200,100,100,100,100,100,100,100,100,100
round_queries,200,300,1100,3500,15900,73300,369300,2232900,11316900,57420700
round_k,0,1,5,17,79,366,1846,11164,56584,287103
round_shots,100,100,100,100,100,100,100,100,100,100
round_queries,100,300,1100,4500,20300,97100,479700,2410500,12170900,61706100
round_k,0,1,5,22,101,485,2398,12052,60854,308530
round_shots,100,100,100,100,100,100,100,100,100,100
round_queries,100,300,1100,4100,18900,88100,438700,2208900,11155900,56441900
round_k,0,1,5,20,94,440,2193,11044,55779,282209
round_shots,100,100,100,100,100,100,100,100,100,100
round_queries,100,300,1100,4900,23100,112100,556100,2806100,14165500,71563700
round_k,0,1,5,24,115,560,2780,14030,70827,357818
round_shots,200,100,100,100,100,100,100,100,100,100
round_queries,200,300,1100,5100,23100,114700,572100,2872900,14399300,72795900
round_k,0,1,5,25,115,573,2860,14364,71996,363979
round_shots,200,100,100,100,100,100,100,100,100
round_queries,200,300,1100,5500,27700,133500,657300,3283300,16616500
round_k,0,1,5,27,138,667,3286,16416,83082
round_shots,200,100,100,100,100,100,100,100,100,100
round_queries,200,300,1100,3100,12900,62100,304500,1525500,7705500,39027300
round_k,0,1,5,15,64,310,1522,7627,38527,195136
round_shots,200,100,100,100,100,100,100,100,100,100
round_queries,200,300,1100,4100,18300,86100,430900,2159300,10951500,55262500
round_k,0,1,5,20,91,430,2154,10796,54757,276312
round_shots,100,100,100,100,100,100,100,100,100,100
round_queries,100,300,1100,4700,21900,105700,527900,2654100,13420500,67547300
round_k,0,1,5,23,109,528,2639,13270,67102,337736
round_shots,200,100,100,100,100,100,100,100,100,100
round_queries,200,300,700,2900,12500,58300,285300,1411300,7108300,35941700
round_k,0,1,3,14,62,291,1426,7056,35541,179708
round_shots,100,100,100,100,100,100,100,100,100,100
round_queries,100,300,700,2700,12500,57500,287100,1445700,7265300,36820900
round_k,0,1,3,13,62,287,1435,7228,36326,184104
round_shots,200,100,100,100,100,100,100,100,100,100
round_queries,200,300,700,3100,15500,73100,359900,1790100,9061700,45785300
round_k,0,1,3,15,77,365,1799,8950,45308,228926
round_shots,100,100,100,100,100,100,100,100,100,100
round_queries,100,300,700,2300,10100,50100,249900,1247300,6211700,31424500
round_k,0,1,3,11,50,250,1249,6236,31058,157122
round_shots,100,100,100,100,100,100,100,100,100,100
round_queries,100,300,1100,5300,24100,121700,608300,3054500,15396900,77516500
round_k,0,1,5,26,120,608,3041,15272,76984,387582
round_shots,100,100,100,100,100,100,100,100,100,100
round_queries,100,300,700,2700,12300,57900,287500,1417900,7184500,36367700
round_k,0,1,3,13,61,289,1437,7089,35922,181838
round_shots,200,100,100,100,100,100,100,100,100
round_queries,200,300,1100,5500,26900,131700,658100,3307700,16540900
round_k,0,1,5,27,134,658,3290,16538,82704
round_shots,100,100,100,100,100,100,100,100,100,100
round_queries,100,300,700,2700,11100,53900,271500,1351300,6799900,34271300
round_k,0,1,3,13,55,269,1357,6756,33999,171356
round_shots,200,100,100,100,100,100,100,100,100,100
round_queries,200,300,1100,3500,15500,72300,357500,1787500,8989900,45588500
round_k,0,1,5,17,77,361,1787,8937,44949,227942
round_shots,100,100,100,100,100,100,100,100,100,100
round_queries,100,300,1100,4500,21500,106300,525100,2648700,13413500,67752900
round_k,0,1,5,22,107,531,2625,13243,67067,338764
round_shots,200,100,100,100,100,100,100,100,100,100
round_queries,200,300,1100,4500,21100,100300,504700,2511900,12590700,63900100
round_k,0,1,5,22,105,501,2523,12559,62953,319500
round_shots,200,100,100,100,100,100,100,100,100,100
round_queries,200,300,1100,3700,16700,80500,396100,2384900,11989300,60653300
round_k,0,1,5,18,83,402,1980,11924,59946,303266
round_shots,100,100,100,100,100,100,100,100,100
round_queries,100,300,1500,7500,35100,172100,856700,4312100,21746700
round_k,0,1,7,37,175,860,4283,21560,108733
round_shots,300,100,100,100,100,100,100,100,100
round_queries,300,500,1500,6300,28100,139900,699100,3495100,17683300
round_k,0,2,7,31,140,699,3495,17475,88416
round_shots,100,100,100,100,100,100,100,100,100,100
round_queries,100,300,1100,4100,18100,87500,434300,2169100,10907900,55292500
round_k,0,1,5,20,90,437,2171,10845,54539,276462
round_shots,200,100,100,100,100,100,100,100,100
round_queries,200,500,2500,10500,51100,256700,1299100,6536300,32857700
round_k,0,2,12,52,255,1283,6495,32681,164288
round_shots,100,100,100,100,100,100,100,100,100,100
round_queries,100,300,1100,4500,20300,99700,500700,2528900,12777100,64803300
round_k,0,1,5,22,101,498,2503,12644,63885,324016
round_shots,100,100,100,100,100,100,100,100,100,100
round_queries,100,300,700,2900,13700,63900,310700,1566500,7860100,39630100
round_k,0,1,3,14,68,319,1553,7832,39300,198150
round_shots,200,100,100,100,100,100,100,100,100,100
round_queries,200,300,1100,4500,22500,112500,562100,2849500,14342900,72768100
round_k,0,1,5,22,112,562,2810,14247,71714,363840
round_shots,200,100,100,100,100,100,100,100,100,100
round_queries,200,300,1100,3700,18500,85900,421100,2128500,10735700,54425700
round_k,0,1,5,18,92,429,2105,10642,53678,272128
round_shots,100,100,100,100,100,100,100,100,100,100
round_queries,100,300,1100,4700,20900,102500,491300,2457300,12372100,62668700
round_k,0,1,5,23,104,512,2456,12286,61860,313343
round_shots,200,100,100,100,100,100,100,100,100,100
round_queries,200,300,1100,4100,19500,92700,453900,2278500,11532100,58444100
round_k,0,1,5,20,97,463,2269,11392,57660,292220
round_shots,100,100,100,100,100,100,100,100,100,100
round_queries,100,300,1100,4100,18900,93100,467500,2354300,11868300,59728100
round_k,0,1,5,20,94,465,2337,11771,59341,298640
round_shots,100,100,100,100,100,100,100,100,100
round_queries,100,300,1500,5900,27300,132100,658700,3306900,16754900
round_k,0,1,7,29,136,660,3293,16534,83774
round_shots,100,100,100,100,100,100,100,100,100,100
round_queries,100,300,700,2300,11100,52500,260500,1294900,6512300,32966300
round_k,0,1,3,11,55,262,1302,6474,32561,164831
round_shots,200,100,100,100,100,100,100,100,100,100
round_queries,200,300,700,2300,9100,44300,261500,1313900,6628500,33277700
round_k,0,1,3,11,45,221,1307,6569,33142,166388
round_shots,200,100,100,100,100,100,100,100,100,100
round_queries,200,300,700,3300,14500,68900,344900,1747300,8803500,44047900
round_k,0,1,3,16,72,344,1724,8736,44017,220239
round_shots,200,100,100,100,100,100,100,100,100,100
round_queries,200,300,1100,5100,23100,114700,575300,2871100,14445300,72416500
round_k,0,1,5,25,115,573,2876,14355,72226,362082
round_shots,100,100,100,100,100,100,100,100,100,100
round_queries,100,300,1100,4700,20300,97500,480700,2438900,12321100,62398500
round_k,0,1,5,23,101,487,2403,12194,61605,311992
round_shots,100,100,100,100,100,100,100,100,100,100
round_queries,100,300,1100,4100,18100,84500,424100,2109900,10641300,54034900
round_k,0,1,5,20,90,422,2120,10549,53206,270174
round_shots,100,100,100,100,100,100,100,100,100,100
round_queries,100,300,1100,4100,17900,87100,430300,2145700,10846100,54494900
round_k,0,1,5,20,89,435,2151,10728,54230,272474
round_shots,100,100,100,100,100,100,100,100,100,100
round_queries,100,300,700,1900,7900,36700,177100,852500,4245700,21467100
round_k,0,1,3,9,39,183,885,4262,21228,107335
round_shots,100,100,100,100,100,100,100,100,100,100
round_queries,100,300,1100,4100,17700,85500,423500,2140900,10803500,54435300
round_k,0,1,5,20,88,427,2117,10704,54017,272176
round_shots,100,100,100,100,100,100,100,100,100,100
round_queries,100,300,1100,4500,21300,100900,503700,2531700,12783700,64498700
round_k,0,1,5,22,106,504,2518,12658,63918,322493
round_shots,100,100,100,100,100,100,100,100,100,100
round_queries,100,300,700,2300,10100,48700,240700,1211300,6138500,31130100
round_k,0,1,3,11,50,243,1203,6056,30692,155650
round_shots,100,100,100,100,100,100,100,100,100,100
round_queries,100,300,700,1900,8100,37900,183300,921500,4629300,23443700
round_k,0,1,3,9,40,189,916,4607,23146,117218
round_shots,100,100,100,100,100,100,100,100,100,100
round_queries,100,300,700,2900,12900,61300,304500,1518300,7612900,38465700
round_k,0,1,3,14,64,306,1522,7591,38064,192328
round_shots,100,100,100,100,100,100,100,100,100,100
round_queries,100,300,1100,4700,20100,94500,470700,2379100,12035300,61066100
round_k,0,1,5,23,100,472,2353,11895,60176,305330
round_shots,100,100,100,100,100,100,100,100,100,100
round_queries,100,300,1100,4500,21100,105700,536300,2702700,13619100,68992900
round_k,0,1,5,22,105,528,2681,13513,68095,344964
round_shots,200,100,100,100,100,100,100,100,100,100
round_queries,200,300,1100,4500,21100,103700,521300,2622700,13294500,67375700
round_k,0,1,5,22,105,518,2606,13113,66472,336878
round_shots,200,100,100,100,100,100,100,100,100,100
round_queries,200,300,700,1900,7900,37300,182300,915900,4602500,23324300
round_k,0,1,3,9,39,186,911,4579,23012,116621
round_shots,200,100,100,100,100,100,100,100,100,100
round_queries,200,300,1100,4900,23900,116300,569900,2833900,14346900,72468300
round_k,0,1,5,24,119,581,2849,14169,71734,362341
round_shots,200,100,100,100,100,100,100,100,100
round_queries,200,500,1500,5900,27100,131300,644700,3206300,16117900
round_k,0,2,7,29,135,656,3223,16031,80589
round_shots,200,100,100,100,100,100,100,100,100,100
round_queries,200,300,700,2300,11300,52100,254900,1265300,6381700,32332100
round_k,0,1,3,11,56,260,1274,6326,31908,161660
round_shots,100,100,100,100,100,100,100,100,100,100
round_queries,100,300,1100,3500,15500,76300,364100,1789900,9018700,45710100
round_k,0,1,5,17,77,381,1820,8949,45093,228550
round_shots,100,100,100,100,100,100,100,100,100
round_queries,100,300,1500,5900,27500,136700,687900,3208500,15926700
round_k,0,1,7,29,137,683,3439,16042,79633
round_shots,100,100,100,100,100,100,100,100,100
round_queries,100,300,1500,6100,27500,135300,670700,3406700,16479900
round_k,0,1,7,30,137,676,3353,17033,82399
round_shots,100,100,100,100,100,100,100,100,100,100
round_queries,100,300,1100,4500,22300,109700,532500,2682500,13556900,68476900
round_k,0,1,5,22,111,548,2662,13412,67784,342384
round_shots,300,100,100,100,100,100,100,100,100,100
round_queries,300,300,700,2500,11100,52100,245100,1205900,6113100,31027100
round_k,0,1,3,12,55,260,1225,6029,30565,155135
round_shots,200,100,100,100,100,100,100,100,100,100
round_queries,200,300,1100,5500,25100,118900,591900,2944900,14833500,75154700
round_k,0,1,5,27,125,594,2959,14724,74167,375773
round_shots,200,100,100,100,100,100,100,100,100,100
round_queries,200,300,700,2300,8900,40900,204500,1007700,5094300,25656100
round_k,0,1,3,11,44,204,1022,5038,25471,128280
round_shots,100,100,100,100,100,100,100,100,100,100
round_queries,100,300,700,2900,13300,61100,298100,1484700,7501100,38031700
round_k,0,1,3,14,66,305,1490,7423,37505,190158
round_shots,100,100,100,100,100,100,100,100,100,100
round_queries,100,300,1100,3700,16700,81300,405700,2030300,10292500,52011700
round_k,0,1,5,18,83,406,2028,10151,51462,260058
round_shots,100,100,100,100,100,100,100,100,100,100
round_queries,100,300,1100,4100,19100,94300,473100,2296900,11564100,58214100
round_k,0,1,5,20,95,471,2365,11484,57820,291070
round_shots,100,100,100,100,100,100,100,100,100
round_queries,100,300,1500,6700,31900,152100,724100,3588700,18155700
round_k,0,1,7,33,159,760,3620,17943,90778
round_shots,100,100,100,100,100,100,100,100,100,100
round_queries,100,300,1100,4100,18500,87100,433700,2167700,10953700,55419500
round_k,0,1,5,20,92,435,2168,10838,54768,277097
round_shots,100,100,100,100,100,100,100,100,100,100
round_queries,100,300,1100,4500,21700,104300,502300,2516700,12731900,64208900
round_k,0,1,5,22,108,521,2511,12583,63659,321044
round_shots,200,100,100,100,100,100,100,100,100,100
round_queries,200,300,1100,3700,16100,78900,388900,1941300,9822700,49808300
round_k,0,1,5,18,80,394,1944,9706,49113,249041
round_shots,100,100,100,100,100,100,100,100,100,100
round_queries,100,300,1100,3700,16300,78900,393900,1984900,9993100,50266900
round_k,0,1,5,18,81,394,1969,9924,49965,251334
round_shots,200,100,100,100,100,100,100,100,100,100
round_queries,200,300,700,3300,15500,76700,378900,1887900,9477900,47891700
round_k,0,1,3,16,77,383,1894,9439,47389,239458
round_shots,200,100,100,100,100,100,100,100,100,100
round_queries,200,300,1500,4900,21900,110300,524500,2622900,13812900,70024500
round_k,0,1,7,24,109,551,2622,13114,69064,350122
round_shots,200,100,100,100,100,100,100,100,100,100
round_queries,200,300,700,1900,7500,34900,167500,833100,4202300,21096900
round_k,0,1,3,9,37,174,837,4165,21011,105484
round_shots,100,100,100,100,100,100,100,100,100,100
round_queries,100,300,1100,4900,21500,107100,538500,2720700,13803300,69912500
round_k,0,1,5,24,107,535,2692,13603,69016,349562
round_shots,200,100,100,100,100,100,100,100,100,100
round_queries,200,300,1100,5100,23900,115700,584500,2943100,14891500,75448100
round_k,0,1,5,25,119,578,2922,14715,74457,377240
round_shots,200,100,100,100,100,100,100,100,100
round_queries,200,500,2300,11500,56300,280900,1405100,7081700,35915900
round_k,0,2,11,57,281,1404,7025,35408,179579
round_shots,100,100,100,100,100,100,100,100,100,100
round_queries,100,300,1100,4900,21900,106700,532700,2673300,13465700,68217700
round_k,0,1,5,24,109,533,2663,13366,67328,341088
round_shots,100,100,100,100,100,100,100,100,100,100
round_queries,100,300,1100,4100,18700,90100,445300,2240300,11232300,56847100
round_k,0,1,5,20,93,450,2226,11201,56161,284235
round_shots,200,100,100,100,100,100,100,100,100,100
round_queries,200,300,1100,4100,19100,93100,460900,2316100,11612700,58732100
round_k,0,1,5,20,95,465,2304,11580,58063,293660
round_shots,200,100,100,100,100,100,100,100,100
round_queries,200,300,1100,5500,25900,128100,640500,3197900,16151500
round_k,0,1,5,27,129,640,3202,15989,80757
round_shots,200,100,100,100,100,100,100,100,100,100
round_queries,200,300,1100,4300,18900,90700,455900,2287100,11547100,58391900
round_k,0,1,5,21,94,453,2279,11435,57735,291959
round_shots,100,100,100,100,100,100,100,100,100,100
round_queries,100,300,1100,5100,23900,116700,589100,2931100,14874900,75297500
round_k,0,1,5,25,119,583,2945,14655,74374,376487
round_shots,100,100,100,100,100,100,100,100,100,100
round_queries,100,300,1100,4500,21100,101900,513300,2567900,12999900,65686700
round_k,0,1,5,22,105,509,2566,12839,64999,328433
round_shots,200,100,100,100,100,100,100,100,100,100
round_queries,200,300,700,2700,12500,60500,305300,1529300,7731100,38916900
round_k,0,1,3,13,62,302,1526,7646,38655,194584
round_shots,100,100,100,100,100,100,100,100,100,100
round_queries,100,300,700,2300,10300,49100,243700,1219700,6139900,31182100
round_k,0,1,3,11,51,245,1218,6098,30699,155910
round_shots,200,200,100,100,100,100,100,100,100,100
round_queries,200,600,900,3900,16700,81300,401900,2021300,10188100,51718500
round_k,0,1,4,19,83,406,2009,10106,50940,258592
round_shots,100,100,100,100,100,100,100,100,100,100
round_queries,100,300,1100,5100,22300,111900,554500,2787900,14132700,71350100
round_k,0,1,5,25,111,559,2772,13939,70663,356750
round_shots,100,100,100,100,100,100,100,100,100,100
round_queries,100,300,1100,4100,19300,91300,445900,2202900,13288900,67107100
round_k,0,1,5,20,96,456,2229,11014,66444,335535
round_shots,200,100,100,100,100,100,100,100,100,100
round_queries,200,300,1100,4700,21900,104500,512900,2586900,13137900,65849300
round_k,0,1,5,23,109,522,2564,12934,65689,329246
round_shots,200,100,100,100,100,100,100,100,100,100
round_queries,200,300,1100,4100,18300,88500,437700,2192500,11069500,56123500
round_k,0,1,5,20,91,442,2188,10962,55347,280617
round_shots,200,100,100,100,100,100,100,100,100,100
round_queries,200,300,700,2900,12100,58900,294100,1472300,7406300,36964300
round_k,0,1,3,14,60,294,1470,7361,37031,184821
round_shots,300,100,100,100,100,100,100,100,100,100
round_queries,300,300,1100,4500,20900,104100,514500,2413900,11707300,57584300
round_k,0,1,5,22,104,520,2572,12069,58536,287921
round_shots,300,100,100,100,100,100,100,100,100
round_queries,300,300,1500,6300,30700,153100,769900,3868300,19580500
round_k,0,1,7,31,153,765,3849,19341,97902
round_shots,200,100,100,100,100,100,100,100,100,100
round_queries,200,300,1100,4500,21100,100900,497100,2489500,12447700,63148300
round_k,0,1,5,22,105,504,2485,12447,62238,315741
round_shots,100,100,100,100,100,100,100,100,100
round_queries,100,300,1100,5100,22100,107300,533300,3245700,16447700
round_k,0,1,5,25,110,536,2666,16228,82238
round_shots,200,100,100,100,100,100,100,100,100,100
round_queries,200,300,1500,5500,24900,116300,583900,2961100,14854500,75111100
round_k,0,1,7,27,124,581,2919,14805,74272,375555
round_shots,200,100,100,100,100,100,100,100,100,100
round_queries,200,300,1100,4100,18900,92900,466900,2313300,11666300,59157500
round_k,0,1,5,20,94,464,2334,11566,58331,295787
round_shots,200,100,100,100,100,100,100,100,100
round_queries,200,300,1500,6900,34500,172500,860300,4318700,21866900
round_k,0,1,7,34,172,862,4301,21593,109334
round_shots,200,100,100,100,100,100,100,100,100,100
round_queries,200,300,1100,5100,23500,109500,529900,2669100,13487500,68387500
round_k,0,1,5,25,117,547,2649,13345,67437,341937
round_shots,100,100,100,100,100,100,100,100,100,100
round_queries,100,300,1100,4100,20100,101100,500100,2521500,12740900,64708500
round_k,0,1,5,20,100,505,2500,12607,63704,323542
round_shots,100,100,100,100,100,100,100,100,100,100
round_queries,100,300,700,2900,13500,65900,315900,1594300,8067500,40925100
round_k,0,1,3,14,67,329,1579,7971,40337,204625
round_shots,200,100,100,100,100,100,100,100,100,100
round_queries,200,300,1100,4500,21100,99700,494100,2495500,12618900,63976700
round_k,0,1,5,22,105,498,2470,12477,63094,319883
round_shots,200,100,100,100,100,100,100,100,100,100
round_queries,200,300,1100,4100,18700,94300,470700,2355500,11896100,60313100
round_k,0,1,5,20,93,471,2353,11777,59480,301565
round_shots,100,100,100,100,100,100,100,100,100,100
round_queries,100,300,1100,4700,22300,107100,539700,2699300,13692700,69258900
round_k,0,1,5,23,111,535,2698,13496,68463,346294
round_shots,200,100,100,100,100,100,100,100,100,100
round_queries,200,300,700,2900,11700,55100,270500,1349700,6816500,34173700
round_k,0,1,3,14,58,275,1352,6748,34082,170868
round_shots,200,100,100,100,100,100,100,100,100,100
round_queries,200,300,700,1900,8500,40900,199500,961500,4860100,24577500
round_k,0,1,3,9,42,204,997,4807,24300,122887
round_shots,200,100,100,100,100,100,100,100,100,100
round_queries,200,300,1100,4700,22700,110300,553700,2764900,13927500,70509700
round_k,0,1,5,23,113,551,2768,13824,69637,352548
round_shots,100,100,100,100,100,100,100,100,100,100
round_queries,100,300,1100,4700,21900,101500,506900,2573300,13050500,65630700
round_k,0,1,5,23,109,507,2534,12866,65252,328153
round_shots,100,100,100,100,100,100,100,100,100,100
round_queries,100,300,1100,5100,23300,111300,557300,2783100,14069700,71322100
round_k,0,1,5,25,116,556,2786,13915,70348,356610
round_shots,100,100,100,100,100,100,100,100,100,100
round_queries,100,300,1100,4100,18500,91300,450300,2256900,11307900,57347700
round_k,0,1,5,20,92,456,2251,11284,56539,286738
round_shots,300,100,100,100,100,100,100,100,100
round_queries,300,500,1900,8100,36900,181300,917100,4628300,23428100
round_k,0,2,9,40,184,906,4585,23141,117140
round_shots,100,100,100,100,100,100,100,100,100,100
round_queries,100,300,1100,4100,20100,93700,471100,2825300,14190500,72011900
round_k,0,1,5,20,100,468,2355,14126,70952,360059
round_shots,200,100,100,100,100,100,100,100,100
round_queries,200,300,1500,5500,25700,123100,618300,3101500,15700700
round_k,0,1,7,27,128,615,3091,15507,78503
round_shots,200,100,100,100,100,100,100,100,100,100
round_queries,200,300,1100,4100,19500,93500,460300,2297500,11619700,58861700
round_k,0,1,5,20,97,467,2301,11487,58098,294308
round_shots,100,100,100,100,100,100,100,100,100,100
round_queries,100,300,700,3300,15500,75100,376100,1877500,9431100,47654300
round_k,0,1,3,16,77,375,1880,9387,47155,238271
round_shots,200,100,100,100,100,100,100,100,100,100
round_queries,200,300,700,2700,11500,55700,267500,1336700,6758300,34002300
round_k,0,1,3,13,57,278,1337,6683,33791,170011
round_shots,200,100,100,100,100,100,100,100,100,100
round_queries,200,300,700,3300,14300,70700,357500,1779700,8996500,45500300
round_k,0,1,3,16,71,353,1787,8898,44982,227501
round_shots,200,100,100,100,100,100,100,100,100,100
round_queries,200,300,1100,4700,22100,111500,546100,2728500,13831500,70099500
round_k,0,1,5,23,110,557,2730,13642,69157,350497
round_shots,200,100,100,100,100,100,100,100,100,100
round_queries,200,300,700,2300,11300,52700,260500,1312100,6651300,33669100
round_k,0,1,3,11,56,263,1302,6560,33256,168345
round_shots,100,100,100,100,100,100,100,100,100,100
round_queries,100,300,1500,5700,25500,120300,599300,2974100,15002500,75949700
round_k,0,1,7,28,127,601,2996,14870,75012,379748
round_shots,200,100,100,100,100,100,100,100,100,100
round_queries,200,300,1100,4100,18500,92500,458500,2321900,11781100,59736100
round_k,0,1,5,20,92,462,2292,11609,58905,298680
round_shots,100,100,100,100,100,100,100,100,100
round_queries,100,300,1100,5300,25500,123700,613700,3103100,15683900
round_k,0,1,5,26,127,618,3068,15515,78419
round_shots,100,100,100,100,100,100,100,100,100,100
round_queries,100,300,1100,4100,19900,99900,494900,2462900,12433500,63046100
round_k,0,1,5,20,99,499,2474,12314,62167,315230
round_shots,200,100,100,100,100,100,100,100,100,100
round_queries,200,300,1100,4500,20100,92500,450100,2200900,10902900,54889700
round_k,0,1,5,22,100,462,2250,11004,54514,274448
round_shots,200,100,100,100,100,100,100,100,100,100
round_queries,200,300,1100,4700,22100,109900,548500,2762300,13992900,70926500
round_k,0,1,5,23,110,549,2742,13811,69964,354632
round_shots,100,100,100,100,100,100,100,100,100
round_queries,100,500,2300,10700,51300,252100,1256500,6361900,32206300
round_k,0,2,11,53,256,1260,6282,31809,161031
round_shots,200,100,100,100,100,100,100,100,100
round_queries,200,300,1500,5900,27700,131500,649300,3243300,16382500
round_k,0,1,7,29,138,657,3246,16216,81912
round_shots,100,100,100,100,100,100,100,100,100
round_queries,100,300,1500,6700,31900,154500,768100,3863700,19531100
round_k,0,1,7,33,159,772,3840,19318,97655
round_shots,200,100,100,100,100,100,100,100,100,100
round_queries,200,300,700,2300,10500,52100,253700,1276500,6452500,32631700
round_k,0,1,3,11,52,260,1268,6382,32262,163158
round_shots,100,100,100,100,100,100,100,100,100,100
round_queries,100,300,1100,5100,23700,116300,569900,2854500,14430500,72918100
round_k,0,1,5,25,118,581,2849,14272,72152,364590
round_shots,100,100,100,100,100,100,100,100,100
round_queries,100,500,1900,7100,33300,162900,814300,4084700,20613700
round_k,0,2,9,35,166,814,4071,20423,103068
round_shots,200,100,100,100,100,100,100,100,100
round_queries,200,700,1900,8100,39100,190900,938500,4748900,24083900
round_k,0,3,9,40,195,954,4692,23744,120419
round_shots,100,100,100,100,100,100,100,100,100,100
round_queries,100,300,700,3300,15300,73100,367100,1833500,9313300,47184900
round_k,0,1,3,16,76,365,1835,9167,46566,235924
round_shots,200,100,100,100,100,100,100,100,100
round_queries,200,500,1900,8500,39300,191500,945500,4789900,24205700
round_k,0,2,9,42,196,957,4727,23949,121028
round_shots,300,100,100,100,100,100,100,100,100
round_queries,300,500,1500,6300,31100,152100,764700,3725700,18843700
round_k,0,2,7,31,155,760,3823,18628,94218
round_shots,200,100,100,100,100,100,100,100,100
round_queries,200,300,1500,6100,29100,138700,696900,3492300,17671300
round_k,0,1,7,30,145,693,3484,17461,88356
round_shots,200,100,100,100,100,100,100,100,100,100
round_queries,200,300,1100,3100,14500,67500,330700,1651700,8344900,42320300
round_k,0,1,5,15,72,337,1653,8258,41724,211601
round_shots,200,100,100,100,100,100,100,100,100,100
round_queries,200,300,700,2900,12500,57500,286500,1432300,7235300,36640500
round_k,0,1,3,14,62,287,1432,7161,36176,183202
round_shots,200,100,100,100,100,100,100,100,100
round_queries,200,300,1500,5900,26700,130900,654900,3300100,16646300
round_k,0,1,7,29,133,654,3274,16500,83231
round_shots,200,100,100,100,100,100,100,100,100,100
round_queries,200,300,1100,3100,12900,61500,309500,1546700,7804500,39486500
round_k,0,1,5,15,64,307,1547,7733,39022,197432
round_shots,200,100,100,100,100,100,100,100,100
round_queries,200,300,1300,6900,31700,156700,783300,3905500,20767700
round_k,0,1,6,34,158,783,3916,19527,103838
round_shots,200,100,100,100,100,100,100,100,100,100
round_queries,200,300,1100,4700,21100,106500,523500,2639300,13357700,67760900
round_k,0,1,5,23,105,532,2617,13196,66788,338804
round_shots,200,100,100,100,100,100,100,100,100
round_queries,200,500,1900,7700,35700,175500,884100,4461100,22534500
round_k,0,2,9,38,178,877,4420,22305,112672
round_shots,200,100,100,100,100,100,100,100,100,100
round_queries,200,300,1100,4500,21500,104900,526300,2654100,13306700,67255900
round_k,0,1,5,22,107,524,2631,13270,66533,336279
round_shots,100,100,100,100,100,100,100,100,100,100
round_queries,100,300,1100,4500,19900,94900,477100,2395700,12057900,60997100
round_k,0,1,5,22,99,474,2385,11978,60289,304985
round_shots,300,100,100,100,100,100,100,100,100,100
round_queries,300,300,700,1900,7900,36700,177300,879100,4404100,22238300
round_k,0,1,3,9,39,183,886,4395,22020,111191
round_shots,200,100,100,100,100,100,100,100,100,100
round_queries,200,300,1100,4500,20500,97100,489500,2461900,12450300,63028900
round_k,0,1,5,22,102,485,2447,12309,62251,315144
round_shots,100,100,100,100,100,100,100,100,100
round_queries,100,300,1100,5300,25500,149500,752500,3777300,18981700
round_k,0,1,5,26,127,747,3762,18886,94908
round_shots,200,100,100,100,100,100,100,100,100,100
round_queries,200,300,1100,3700,16100,75500,382100,1918100,9606700,48576100
round_k,0,1,5,18,80,377,1910,9590,48033,242880
round_shots,200,100,100,100,100,100,100,100,100,100
round_queries,200,300,700,2300,9900,48100,235300,1169900,5925900,30071700
round_k,0,1,3,11,49,240,1176,5849,29629,150358
round_shots,100,100,100,100,100,100,100,100,100,100
round_queries,100,300,1100,4900,22700,106300,537700,2701900,13649900,69231300
round_k,0,1,5,24,113,531,2688,13509,68249,346156
round_shots,200,100,100,100,100,100,100,100,100,100
round_queries,200,300,1100,5100,24300,117500,578700,2911500,14700500,74460700
round_k,0,1,5,25,121,587,2893,14557,73502,372303
round_shots,100,100,100,100,100,100,100,100,100,100
round_queries,100,300,1100,4500,21700,102700,510700,2568500,13623300,69054500
round_k,0,1,5,22,108,513,2553,12842,68116,345272
round_shots,100,100,100,100,100,100,100,100,100,100
round_queries,100,300,1100,4700,21300,106500,519700,2610900,13196700,66816900
round_k,0,1,5,23,106,532,2598,13054,65983,334084
round_shots,200,100,100,100,100,100,100,100,100,100
round_queries,200,300,1100,3700,18300,91500,444100,2221100,11208900,56834700
round_k,0,1,5,18,91,457,2220,11105,56044,284173
round_shots,100,100,100,100,100,100,100,100,100
round_queries,100,300,1100,5100,24500,117300,579500,2917700,14772900
round_k,0,1,5,25,122,586,2897,14588,73864
round_shots,200,100,100,100,100,100,100,100,100,100
round_queries,200,300,1100,4500,21900,106500,529100,2657500,13458500,67807300
round_k,0,1,5,22,109,532,2645,13287,67292,339036
round_shots,100,100,100,100,100,100,100,100,100,100
round_queries,100,300,1100,3700,18500,92300,454900,2278500,11539500,58577700
round_k,0,1,5,18,92,461,2274,11392,57697,292888
round_shots,100,100,100,100,100,100,100,100,100,100
round_queries,100,300,1100,4100,18900,91900,457900,2294900,11571900,58753300
round_k,0,1,5,20,94,459,2289,11474,57859,293766
round_shots,200,100,100,100,100,100,100,100,100,100
round_queries,200,300,1100,4700,23100,111100,556100,2781900,14029300,71060100
round_k,0,1,5,23,115,555,2780,13909,70146,355300
round_shots,100,100,100,100,100,100,100,100,100
round_queries,100,500,2300,9900,47300,232700,1168700,5855100,29572900
round_k,0,2,11,49,236,1163,5843,29275,147864
round_shots,100,100,100,100,100,100,100,100,100,100
round_queries,100,300,900,2700,11300,53300,254300,1239700,6095900,30717500
round_k,0,1,4,13,56,266,1271,6198,30479,153587
round_shots,200,100,100,100,100,100,100,100,100,100
round_queries,200,300,700,3300,14100,65900,321900,1601300,8072100,40919300
round_k,0,1,3,16,70,329,1609,8006,40360,204596
round_shots,200,100,100,100,100,100,100,100,100,100
round_queries,200,300,700,2900,11700,56300,277700,1407100,7105500,35808500
round_k,0,1,3,14,58,281,1388,7035,35527,179042
round_shots,200,100,100,100,100,100,100,100,100,100
round_queries,200,300,1100,4100,18900,94700,455500,2261300,11448700,57767100
round_k,0,1,5,20,94,473,2277,11306,57243,288835
round_shots,100,100,100,100,100,100,100,100,100,100
round_queries,100,300,1100,4500,20100,95100,452300,2281300,11422900,57900700
round_k,0,1,5,22,100,475,2261,11406,57114,289503
round_shots,200,100,100,100,100,100,100,100,100,100
round_queries,200,300,1100,5100,23100,112900,560900,2811300,14188100,71915300
round_k,0,1,5,25,115,564,2804,14056,70940,359576
round_shots,100,100,100,100,100,100,100,100,100,100
round_queries,100,300,1100,4700,21100,100300,501500,2506700,12639700,64009700
round_k,0,1,5,23,105,501,2507,12533,63198,320048
round_shots,100,100,100,100,100,100,100,100,100,100
round_queries,100,300,700,2300,10900,53300,267300,1329500,6719700,33952900
round_k,0,1,3,11,54,266,1336,6647,33598,169764
round_shots,100,100,100,100,100,100,100,100,100,100
round_queries,100,300,1100,5100,23700,118100,591300,2978500,14978900,75811500
round_k,0,1,5,25,118,590,2956,14892,74894,379057
round_shots,200,100,100,100,100,100,100,100,100
round_queries,200,300,1500,6100,26700,135100,677700,3403700,17098100
round_k,0,1,7,30,133,675,3388,17018,85490
round_shots,100,100,100,100,100,100,100,100,100,100
round_queries,100,300,1100,4500,21700,106100,525300,2642100,13370700,67718300
round_k,0,1,5,22,108,530,2626,13210,66853,338591
round_shots,100,100,100,100,100,100,100,100,100,100
round_queries,100,300,1100,4500,20500,99300,497700,2506900,12605100,63981700
round_k,0,1,5,22,102,496,2488,12534,63025,319908
round_shots,200,100,100,100,100,100,100,100,100
round_queries,200,300,1300,6900,32900,162700,816700,4097700,20559300
round_k,0,1,6,34,164,813,4083,20488,102796
round_shots,200,100,100,100,100,100,100,100,100,100
round_queries,200,300,1100,4100,18700,91500,453900,2270300,11499900,57918700
round_k,0,1,5,20,93,457,2269,11351,57499,289593
round_shots,200,100,100,100,100,100,100,100,100,100
round_queries,200,300,1100,3700,16900,79900,378900,1902500,9647900,48990500
round_k,0,1,5,18,84,399,1894,9512,48239,244952
round_shots,200,100,100,100,100,100,100,100,100,100
round_queries,200,300,1100,4900,21700,107100,526700,2665900,13490700,68290300
round_k,0,1,5,24,108,535,2633,13329,67453,341451
round_shots,200,100,100,100,100,100,100,100,100,100
round_queries,200,300,700,1900,8500,39900,192900,963100,4878100,24658900
round_k,0,1,3,9,42,199,964,4815,24390,123294
round_shots,100,100,100,100,100,100,100,100,100,100
round_queries,100,300,1100,3700,16100,78300,394300,1973900,9991100,50710300
round_k,0,1,5,18,80,391,1971,9869,49955,253551
round_shots,100,100,100,100,100,100,100,100,100,100
round_queries,100,300,1100,4300,19700,95900,481500,2418500,12216900,61916300
round_k,0,1,5,21,98,479,2407,12092,61084,309581
round_shots,100,100,100,100,100,100,100,100,100,100
round_queries,100,300,1100,4900,21900,105100,517900,2586700,13098100,66301300
round_k,0,1,5,24,109,525,2589,12933,65490,331506
round_shots,200,100,100,100,100,100,100,100,100,100
round_queries,200,300,1100,4100,18100,86900,429700,2139300,10822300,54796700
round_k,0,1,5,20,90,434,2148,10696,54111,273983
round_shots,200,100,100,100,100,100,100,100,100,100
round_queries,200,300,1100,4900,21300,102700,499300,2505300,12656500,64167300
round_k,0,1,5,24,106,513,2496,12526,63282,320836
round_shots,100,100,100,100,100,100,100,100,100,100
round_queries,100,300,1100,4500,22300,107100,520900,2621300,13254700,67161900
round_k,0,1,5,22,111,535,2604,13106,66273,335809
round_shots,200,100,100,100,100,100,100,100,100,100
round_queries,200,300,1100,5100,23900,113500,568500,2878700,14490700,73339300
round_k,0,1,5,25,119,567,2842,14393,72453,366696
round_shots,100,100,100,100,100,100,100,100,100,100
round_queries,100,300,1100,5100,23900,114500,563900,2842700,14360900,72783100
round_k,0,1,5,25,119,572,2819,14213,71804,363915
round_shots,100,100,100,100,100,100,100,100,100,100
round_queries,100,300,1100,5100,24100,118100,584300,2927900,14869300,75456300
round_k,0,1,5,25,120,590,2921,14639,74346,377281
round_shots,200,100,100,100,100,100,100,100,100
round_queries,200,500,1900,8100,36500,176700,878700,4426300,22324500
round_k,0,2,9,40,182,883,4393,22131,111622
round_shots,100,100,100,100,100,100,100,100,100,100
round_queries,100,300,700,2300,10700,53300,260700,1301100,6535900,33178100
round_k,0,1,3,11,53,266,1303,6505,32679,165890
round_shots,200,100,100,100,100,100,100,100,100,100
round_queries,200,300,1100,4100,19700,97500,473500,2362100,11948900,60532100
round_k,0,1,5,20,98,487,2367,11810,59744,302660
round_shots,100,100,100,100,100,100,100,100,100,100
round_queries,100,300,700,2900,13700,63100,319700,1612700,8111900,40973100
round_k,0,1,3,14,68,315,1598,8063,40559,204865
round_shots,100,100,100,100,100,100,100,100,100,100
round_queries,100,300,700,3100,14500,71500,357900,1785300,9020900,45550500
round_k,0,1,3,15,72,357,1789,8926,45104,227752
round_shots,100,100,100,100,100,100,100,100,100,100
round_queries,100,300,1100,4500,20100,94500,473300,2397900,12078500,61239900
round_k,0,1,5,22,100,472,2366,11989,60392,306199
round_shots,100,100,100,100,100,100,100,100,100,100
round_queries,100,300,1100,4900,21900,104100,514700,2549500,12823900,64673500
round_k,0,1,5,24,109,520,2573,12747,64119,323367
round_shots,300,100,100,100,100,100,100,100,100,100
round_queries,300,300,1100,4700,23500,107300,530700,2664500,13486500,68241300
round_k,0,1,5,23,117,536,2653,13322,67432,341206
round_shots,200,100,100,100,100,100,100,100,100,100
round_queries,200,300,700,2900,11900,55500,268900,1358300,6854700,34634300
round_k,0,1,3,14,59,277,1344,6791,34273,173171
round_shots,200,100,100,100,100,100,100,100,100
round_queries,200,500,1500,6700,31900,151500,758900,3834100,19438300
round_k,0,2,7,33,159,757,3794,19170,97191
round_shots,100,100,100,100,100,100,100,100,100
round_queries,100,300,1100,5100,23900,138100,686900,3449500,17474100
round_k,0,1,5,25,119,690,3434,17247,87370
round_shots,100,100,100,100,100,100,100,100,100,100
round_queries,100,300,700,2900,13900,62700,304900,1502500,7559300,38252500
round_k,0,1,3,14,69,313,1524,7512,37796,191262
round_shots,100,100,100,100,100,100,100,100,100,100
round_queries,100,300,1100,4700,21100,100100,503300,2514500,12707500,64421500
round_k,0,1,5,23,105,500,2516,12572,63537,322107
round_shots,200,100,100,100,100,100,100,100,100,100
round_queries,200,300,700,2900,12500,62500,308500,1554300,7828900,39622900
round_k,0,1,3,14,62,312,1542,7771,39144,198114
round_shots,300,100,100,100,100,100,100,100,100,100
round_queries,300,300,1100,4900,22500,108100,531700,2668700,13532900,68380100
round_k,0,1,5,24,112,540,2658,13343,67664,341900
round_shots,100,100,100,100,100,100,100,100,100,100
round_queries,100,300,1100,4100,18300,87500,431300,2187100,10990300,55502100
round_k,0,1,5,20,91,437,2156,10935,54951,277510
round_shots,100,100,100,100,100,100,100,100,100,100
round_queries,100,300,1100,3700,16500,77500,380300,1897900,9569500,48403700
round_k,0,1,5,18,82,387,1901,9489,47847,242018
round_shots,200,100,100,100,100,100,100,100,100,100
round_queries,200,300,700,2900,13500,62100,311100,1550300,7801900,39330500
round_k,0,1,3,14,67,310,1555,7751,39009,196652
round_shots,100,100,100,100,100,100,100,100,100,100
round_queries,100,300,1100,3700,16900,78300,385700,1947900,9834700,49867300
round_k,0,1,5,18,84,391,1928,9739,49173,249336
round_shots,100,100,100,100,100,100,100,100,100,100
round_queries,100,300,700,1900,7500,36700,178100,888500,4470700,22660700
round_k,0,1,3,9,37,183,890,4442,22353,113303
round_shots,100,100,100,100,100,100,100,100,100,100
round_queries,100,300,1100,5100,23100,115500,571500,2895900,14554300,73388100
round_k,0,1,5,25,115,577,2857,14479,72771,366940
round_shots,200,100,100,100,100,100,100,100,100
round_queries,200,500,1500,6900,30100,148500,729700,3694300,18679900
round_k,0,2,7,34,150,742,3648,18471,93399
round_shots,200,100,100,100,100,100,100,100,100,100
round_queries,200,300,700,2300,9100,43300,208900,1030500,5188300,26275900
round_k,0,1,3,11,45,216,1044,5152,25941,131379
round_shots,200,100,100,100,100,100,100,100,100,100
round_queries,200,300,1100,4100,18900,89300,448100,2242700,11354700,57144700
round_k,0,1,5,20,94,446,2240,11213,56773,285723
round_shots,200,100,100,100,100,100,100,100,100,100
round_queries,200,300,1100,4700,21900,108900,544700,2757300,13904700,70244700
round_k,0,1,5,23,109,544,2723,13786,69523,351223
round_shots,100,100,100,100,100,100,100,100,100,100
round_queries,100,300,1100,4100,18300,84500,414500,2050300,10384500,52036100
round_k,0,1,5,20,91,422,2072,10251,51922,260180
round_shots,200,100,100,100,100,100,100,100,100,100
round_queries,200,300,1100,3500,16500,80900,402500,2022100,10245300,51868300
round_k,0,1,5,17,82,404,2012,10110,51226,259341
round_shots,200,100,100,100,100,100,100,100,100,100
round_queries,200,300,1100,5100,23500,109500,545900,2756300,13985900,70095900
round_k,0,1,5,25,117,547,2729,13781,69929,350479
round_shots,100,100,100,100,100,100,100,100,100,100
round_queries,100,300,1100,4700,23500,117500,576700,2909900,14734500,74738700
round_k,0,1,5,23,117,587,2883,14549,73672,373693
round_shots,100,100,100,100,100,100,100,100,100,100
round_queries,100,300,700,1900,8700,43300,218100,1100100,5543900,28115700
round_k,0,1,3,9,43,216,1090,5500,27719,140578
round_shots,200,200,100,100,100,100,100,100,100,100
round_queries,200,600,1100,3100,11900,54300,263900,1329100,6675100,33790500
round_k,0,1,5,15,59,271,1319,6645,33375,168952
round_shots,200,100,100,100,100,100,100,100,100,100
round_queries,200,300,700,1900,9500,44500,217900,1102900,5528900,27944300
round_k,0,1,3,9,47,222,1089,5514,27644,139721
round_shots,100,100,100,100,100,100,100,100,100,100
round_queries,100,300,1100,3900,18900,92100,457900,2301300,11625500,58756700
round_k,0,1,5,19,94,460,2289,11506,58127,293783
round_shots,100,100,100,100,100,100,100,100,100,100
round_queries,100,300,1100,4700,21500,98900,489100,2460700,12403500,62903700
round_k,0,1,5,23,107,494,2445,12303,62017,314518
round_shots,200,100,100,100,100,100,100,100,100
round_queries,200,700,2900,12100,58100,282500,1415500,7110500,36068500
round_k,0,3,14,60,290,1412,7077,35552,180342
round_shots,100,100,100,100,100,100,100,100,100,100
round_queries,100,300,1100,5100,23500,113700,566900,2835100,14357700,72231300
round_k,0,1,5,25,117,568,2834,14175,71788,361156
round_shots,200,100,100,100,100,100,100,100,100
round_queries,200,500,1900,8500,39700,199900,1009100,5078300,25764100
round_k,0,2,9,42,198,999,5045,25391,128820
round_shots,200,100,100,100,100,100,100,100,100,100
round_queries,200,300,1100,3900,18100,89300,439100,2197900,11072900,56146500
round_k,0,1,5,19,90,446,2195,10989,55364,280732
round_shots,100,100,100,100,100,100,100,100,100,100
round_queries,100,300,1100,4100,20100,101700,509300,2581100,13043300,65910500
round_k,0,1,5,20,100,508,2546,12905,65216,329552
round_shots,200,100,100,100,100,100,100,100,100,100
round_queries,200,300,700,2700,12700,59500,289100,1456500,7359500,37307900
round_k,0,1,3,13,63,297,1445,7282,36797,186539
round_shots,100,100,100,100,100,100,100,100,100,100
round_queries,100,300,1100,4500,20100,97700,481100,2424100,12185300,61764500
round_k,0,1,5,22,100,488,2405,12120,60926,308822
round_shots,200,100,100,100,100,100,100,100,100
round_queries,200,700,2900,13900,64300,313300,1562700,7814500,39544700
round_k,0,3,14,69,321,1566,7813,39072,197723
round_shots,200,100,100,100,100,100,100,100,100,100
round_queries,200,300,700,1900,8100,40100,198300,989700,4966900,25186500
round_k,0,1,3,9,40,200,991,4948,24834,125932
round_shots,100,100,100,100,100,100,100,100,100,100
round_queries,100,300,1100,3700,16500,81500,381900,1907100,9579700,48515100
round_k,0,1,5,18,82,407,1909,9535,47898,242575
round_shots,100,100,100,100,100,100,100,100,100,100
round_queries,100,300,700,1900,8500,39100,194300,972700,4871700,24627300
round_k,0,1,3,9,42,195,971,4863,24358,123136
round_shots,200,100,100,100,100,100,100,100,100
round_queries,200,500,1500,6700,33100,159700,780900,3887500,19583900
round_k,0,2,7,33,165,798,3904,19437,97919
round_shots,100,100,100,100,100,100,100,100,100,100
round_queries,100,300,1100,4700,20900,96300,471900,2381500,11948300,60640100
round_k,0,1,5,23,104,481,2359,11907,59741,303200
round_shots,200,100,100,100,100,100,100,100,100,100
round_queries,200,300,700,1900,7500,35100,173300,862900,4337700,21939700
round_k,0,1,3,9,37,175,866,4314,21688,109698
round_shots,200,100,100,100,100,100,100,100,100,100
round_queries,200,300,700,2300,10100,48100,237700,1198300,5994100,30325300
round_k,0,1,3,11,50,240,1188,5991,29970,151626
round_shots,200,100,100,100,100,100,100,100,100,100
round_queries,200,300,1100,5100,23100,115300,575300,2907100,14566100,73832700
round_k,0,1,5,25,115,576,2876,14535,72830,369163
round_shots,200,100,100,100,100,100,100,100,100,100
round_queries,200,300,700,2700,10300,49700,242500,1215100,6071900,30736300
round_k,0,1,3,13,51,248,1212,6075,30359,153681
round_shots,100,100,100,100,100,100,100,100,100,100
round_queries,100,300,700,2300,9500,44100,218500,1092300,5477500,27753500
round_k,0,1,3,11,47,220,1092,5461,27387,138767
round_shots,200,100,100,100,100,100,100,100,100,100
round_queries,200,300,700,2700,11500,53900,261700,1312900,6632100,33502700
round_k,0,1,3,13,57,269,1308,6564,33160,167513
round_shots,200,100,100,100,100,100,100,100,100,100
round_queries,200,300,700,3300,13900,65100,313500,1563500,7905500,40131300
round_k,0,1,3,16,69,325,1567,7817,39527,200656
round_shots,200,100,100,100,100,100,100,100,100,100
round_queries,200,300,700,2900,14500,68100,343500,1710900,8641500,43689100
round_k,0,1,3,14,72,340,1717,8554,43207,218445
round_shots,200,100,100,100,100,100,100,100,100,100
round_queries,200,300,1100,4500,20300,97100,513300,2598500,13083700,66325300
round_k,0,1,5,22,101,485,2566,12992,65418,331626
round_shots,200,100,100,100,100,100,100,100,100,100
round_queries,200,300,1100,4500,22300,106500,512700,2558500,12941900,65596900
round_k,0,1,5,22,111,532,2563,12792,64709,327984
round_shots,100,100,100,100,100,100,100,100,100,100
round_queries,100,300,1100,5100,25500,122100,597300,2981500,14984700,75846700
round_k,0,1,5,25,127,610,2986,14907,74923,379233
round_shots,100,100,100,100,100,100,100,100,100,100
round_queries,100,300,700,2300,9900,48300,223900,1111700,5565100,28167500
round_k,0,1,3,11,49,241,1119,5558,27825,140837
round_shots,200,100,100,100,100,100,100,100,100,100
round_queries,200,300,1100,4900,21100,104700,515900,2581300,13073500,66108100
round_k,0,1,5,24,105,523,2579,12906,65367,330540
round_shots,100,100,100,100,100,100,100,100,100
round_queries,100,300,1100,5300,24500,121300,610700,3066100,15473500
round_k,0,1,5,26,122,606,3053,15330,77367
round_shots,100,200,100,100,100,100,100,100,100
round_queries,100,600,1900,8500,39700,196500,972100,4754300,23893700
round_k,0,1,9,42,198,982,4860,23771,119468
round_shots,100,100,100,100,100,100,100,100,100
round_queries,100,300,1500,5700,25100,124900,617100,3096100,15672900
round_k,0,1,7,28,125,624,3085,15480,78364
round_shots,300,100,100,100,100,100,100,100,100,100
round_queries,300,300,1100,3700,17500,84500,420300,2108900,10670700,53774100
round_k,0,1,5,18,87,422,2101,10544,53353,268870
round_shots,100,100,100,100,100,100,100,100,100,100
round_queries,100,300,1100,4100,19500,95700,483500,2452100,12345900,62372300
round_k,0,1,5,20,97,478,2417,12260,61729,311861
round_shots,100,100,100,100,100,100,100,100,100,100
round_queries,100,300,900,4500,21100,101500,503100,2548700,12936900,65519700
round_k,0,1,4,22,105,507,2515,12743,64684,327598
round_shots,200,100,100,100,100,100,100,100,100,100
round_queries,200,300,1100,3500,15500,73900,367100,1841500,9333500,47293900
round_k,0,1,5,17,77,369,1835,9207,46667,236469
round_shots,100,100,100,100,100,100,100,100,100,100
round_queries,100,300,700,2900,11900,55700,277900,1402300,7051900,35660300
round_k,0,1,3,14,59,278,1389,7011,35259,178301
round_shots,200,100,100,100,100,100,100,100,100,100
round_queries,200,300,1100,3500,14700,70300,343300,1721100,8736700,44346700
round_k,0,1,5,17,73,351,1716,8605,43683,221733
round_shots,100,100,100,100,100,100,100,100,100,100
round_queries,100,300,1100,4900,23300,116700,581900,2932300,14848900,75019100
round_k,0,1,5,24,116,583,2909,14661,74244,375095
round_shots,200,100,100,100,100,100,100,100,100,100
round_queries,200,300,1100,4500,22300,103300,499500,2497900,12589100,63762700
round_k,0,1,5,22,111,516,2497,12489,62945,318813
round_shots,100,100,100,100,100,100,100,100,100,100
round_queries,100,300,1100,4100,19100,95500,453500,2284300,11557500,58410300
round_k,0,1,5,20,95,477,2267,11421,57787,292051
round_shots,100,100,100,100,100,100,100,100,100,100
round_queries,100,300,1100,3700,18300,85700,420700,2115700,10688100,54200500
round_k,0,1,5,18,91,428,2103,10578,53440,271002
round_shots,100,100,100,100,100,100,100,100,100,100
round_queries,100,300,700,3300,16100,73700,352700,1783300,9055300,45911900
round_k,0,1,3,16,80,368,1763,8916,45276,229559
round_shots,100,100,100,100,100,100,100,100,100,100
round_queries,100,300,1100,3100,14700,69900,339300,1688900,8551100,42923500
round_k,0,1,5,15,73,349,1696,8444,42755,214617
round_shots,100,100,100,100,100,100,100,100,100,100
round_queries,100,300,1100,4500,21500,100500,501700,2659100,13383300,67862700
round_k,0,1,5,22,107,502,2508,13295,66916,339313
round_shots,200,100,100,100,100,100,100,100,100,100
round_queries,200,300,1100,4500,20500,102500,514500,2584900,13090500,66216900
round_k,0,1,5,22,102,512,2572,12924,65452,331084
round_shots,100,100,100,100,100,100,100,100,100,100
round_queries,100,300,1100,5100,24900,117100,586300,2955900,14866900,75490900
round_k,0,1,5,25,124,585,2931,14779,74334,377454
round_shots,200,100,100,100,100,100,100,100,100,100
round_queries,200,300,1100,4100,17700,86700,428500,2159300,10893700,55174700
round_k,0,1,5,20,88,433,2142,10796,54468,275873
round_shots,200,100,100,100,100,100,100,100,100,100
round_queries,200,300,1100,3700,15900,78500,380100,1907100,9620500,48252500
round_k,0,1,5,18,79,392,1900,9535,48102,241262
round_shots,100,100,100,100,100,100,100,100,100,100
round_queries,100,300,1100,3700,17500,86100,423700,2128500,10712900,54329300
round_k,0,1,5,18,87,430,2118,10642,53564,271646
round_shots,100,100,100,100,100,100,100,100,100,100
round_queries,100,300,1100,3700,17500,81500,405900,2023900,10234700,51865500
round_k,0,1,5,18,87,407,2029,10119,51173,259327
round_shots,100,100,100,100,100,100,100,100,100
round_queries,100,300,1500,6300,28900,137900,680300,3400300,17235100
round_k,0,1,7,31,144,689,3401,17001,86175
round_shots,100,100,100,100,100,100,100,100,100,100
round_queries,100,300,1100,3100,14900,70900,355300,1788500,9034100,45778300
round_k,0,1,5,15,74,354,1776,8942,45170,228891
round_shots,100,100,100,100,100,100,100,100,100,100
round_queries,100,300,700,3300,15100,73100,361300,1898900,9497700,48196900
round_k,0,1,3,16,75,365,1806,9494,47488,240984
round_shots,200,100,100,100,100,100,100,100,100,100
round_queries,200,300,1100,4500,20700,96900,489500,2459500,12464700,63285300
round_k,0,1,5,22,103,484,2447,12297,62323,316426
round_shots,200,100,100,100,100,100,100,100,100,100
round_queries,200,300,1100,5300,25300,120700,601500,3017100,15235500,77312500
round_k,0,1,5,26,126,603,3007,15085,76177,386562
round_shots,100,100,100,100,100,100,100,100,100,100
round_queries,100,300,700,2700,11300,55300,274500,1373900,6905500,34953100
round_k,0,1,3,13,56,276,1372,6869,34527,174765
round_shots,200,100,100,100,100,100,100,100,100,100
round_queries,200,300,700,2300,10100,46900,227900,1134700,5719700,28945700
round_k,0,1,3,11,50,234,1139,5673,28598,144728
round_shots,100,100,100,100,100,100,100,100,100,100
round_queries,100,300,700,3300,15100,75700,370100,1864700,9359300,47036300
round_k,0,1,3,16,75,378,1850,9323,46796,235181
round_shots,200,100,100,100,100,100,100,100,100,100
round_queries,200,300,1100,4500,19300,91900,453900,2281500,11561500,58340300
round_k,0,1,5,22,96,459,2269,11407,57807,291701
round_shots,200,100,100,100,100,100,100,100,100,100
round_queries,200,300,1100,4100,20100,97500,484700,2409700,12087100,61211100
round_k,0,1,5,20,100,487,2423,12048,60435,306055
round_shots,100,100,100,100,100,100,100,100,100,100
round_queries,100,300,1100,4100,17500,84300,414300,1969900,9817500,49185700
round_k,0,1,5,20,87,421,2071,9849,49087,245928
round_shots,100,100,100,100,100,100,100,100,100,100
round_queries,100,300,1100,3700,15900,74900,374900,1855100,9396500,47643700
round_k,0,1,5,18,79,374,1874,9275,46982,238218
round_shots,100,100,100,100,100,100,100,100,100,100
round_queries,100,300,1100,4100,19100,90500,449300,2249100,11389700,57711900
round_k,0,1,5,20,95,452,2246,11245,56948,288559
round_shots,100,100,100,100,100,100,100,100,100,100
round_queries,100,300,700,2900,13300,62700,293100,1456100,7283100,36915500
round_k,0,1,3,14,66,313,1465,7280,36415,184577
round_shots,100,100,100,100,100,100,100,100,100
round_queries,100,300,1100,5500,25900,126900,629700,3166100,16035100
round_k,0,1,5,27,129,634,3148,15830,80175
round_shots,300,100,100,100,100,100,100,100,100
round_queries,300,500,2300,10500,49700,247300,1221700,6149900,31142500
round_k,0,2,11,52,248,1236,6108,30749,155712
round_shots,100,100,100,100,100,100,100,100,100
round_queries,100,300,1100,5500,26300,127700,628100,3145300,15906100
round_k,0,1,5,27,131,638,3140,15726,79530
round_shots,100,100,100,100,100,100,100,100,100,100
round_queries,100,300,700,1900,7700,37900,187100,920700,4604100,23244700
round_k,0,1,3,9,38,189,935,4603,23020,116223
round_shots,100,100,100,100,100,100,100,100,100
round_queries,100,300,1500,6700,29900,147500,740100,3720300,18836700
round_k,0,1,7,33,149,737,3700,18601,94183
round_shots,100,100,100,100,100,100,100,100,100,100
round_queries,100,300,700,2300,9900,45700,223300,1130100,5691500,28887100
round_k,0,1,3,11,49,228,1116,5650,28457,144435
round_shots,100,100,100,100,100,100,100,100,100,100
round_queries,100,300,1100,4100,17900,83900,415500,2010900,9995900,50494500
round_k,0,1,5,20,89,419,2077,10054,49979,252472
round_shots,100,100,100,100,100,100,100,100,100,100
round_queries,100,300,1100,4300,20100,99700,492900,2483700,12554500,63453100
round_k,0,1,5,21,100,498,2464,12418,62772,317265
round_shots,100,100,100,100,100,100,100,100,100,100
round_queries,100,300,700,1900,7900,38700,183500,919900,4584300,23137500
round_k,0,1,3,9,39,193,917,4599,22921,115687
round_shots,300,100,100,100,100,100,100,100,100
round_queries,300,500,1500,6100,28700,140100,697700,3506500,17785100
round_k,0,2,7,30,143,700,3488,17532,88925
round_shots,100,100,100,100,100,100,100,100,100,100
round_queries,100,300,700,3300,15900,74700,361500,1814500,9162100,46336700
round_k,0,1,3,16,79,373,1807,9072,45810,231683
round_shots,100,100,100,100,100,100,100,100,100
round_queries,100,300,1500,6500,29900,149900,740300,3726500,18864500
round_k,0,1,7,32,149,749,3701,18632,94322
round_shots,100,100,100,100,100,100,100,100,100,100
round_queries,100,300,700,3300,15900,77500,377700,1905500,9655500,48566500
round_k,0,1,3,16,79,387,1888,9527,48277,242832
round_shots,200,100,100,100,100,100,100,100,100
round_queries,200,500,1500,6100,28100,139500,700300,3492700,17638500
round_k,0,2,7,30,140,697,3501,17463,88192
round_shots,100,100,100,100,100,100,100,100,100,100
round_queries,100,300,1100,4700,20100,97500,484500,2443300,12353300,62672700
round_k,0,1,5,23,100,487,2422,12216,61766,313363
round_shots,100,100,100,100,100,100,100,100,100,100
round_queries,100,300,1100,3700,16900,83100,411500,2050500,10393900,52526700
round_k,0,1,5,18,84,415,2057,10252,51969,262633
round_shots,100,100,100,100,100,100,100,100,100,100
round_queries,100,300,1100,4500,21700,107100,523700,2646300,13363100,67667100
round_k,0,1,5,22,108,535,2618,13231,66815,338335
round_shots,200,100,100,100,100,100,100,100,100,100
round_queries,200,300,700,2900,13900,64100,310300,1554100,7784300,39138300
round_k,0,1,3,14,69,320,1551,7770,38921,195691
round_shots,100,100,100,100,100,100,100,100,100,100
round_queries,100,300,1100,4100,18700,89500,447100,2233700,11298900,57200300
round_k,0,1,5,20,93,447,2235,11168,56494,286001
round_shots,100,100,100,100,100,100,100,100,100,100
round_queries,100,300,1100,5100,23100,115500,578700,2902900,14691900,74535300
round_k,0,1,5,25,115,577,2893,14514,73459,372676
round_shots,100,100,100,100,100,100,100,100,100,100
round_queries,100,300,1100,4100,18900,91700,454700,2270500,11491500,58176100
round_k,0,1,5,20,94,458,2273,11352,57457,290880
round_shots,300,100,100,100,100,100,100,100,100,100
round_queries,300,300,900,4500,21700,103700,516900,2577900,13054900,66045700
round_k,0,1,4,22,108,518,2584,12889,65274,330228
round_shots,100,100,100,100,100,100,100,100,100
round_queries,100,300,1100,5100,24300,116100,608100,3055500,15422900
round_k,0,1,5,25,121,580,3040,15277,77114
round_shots,100,100,100,100,100,100,100,100,100,100
round_queries,100,300,700,1900,8900,42300,205900,1023900,5107700,25810700
round_k,0,1,3,9,44,211,1029,5119,25538,129053
round_shots,200,100,100,100,100,100,100,100,100,100
round_queries,200,300,1100,4100,19100,91100,451500,2254300,11440300,57826500
round_k,0,1,5,20,95,455,2257,11271,57201,289132
round_shots,100,100,100,100,100,100,100,100,100,100
round_queries,100,300,1100,4500,22100,109900,550900,2766700,13930900,70607900
round_k,0,1,5,22,110,549,2754,13833,69654,353039
round_shots,100,100,100,100,100,100,100,100,100,100
round_queries,100,300,1100,4500,21100,100900,496700,2499700,12604500,63906500
round_k,0,1,5,22,105,504,2483,12498,63022,319532
round_shots,200,100,100,100,100,100,100,100,100,100
round_queries,200,300,1100,4900,21100,103300,516700,2577100,13052100,66245700
round_k,0,1,5,24,105,516,2583,12885,65260,331228
round_shots,200,100,100,100,100,100,100,100,100
round_queries,200,300,1100,5300,24500,123100,615500,3095500,15670500
round_k,0,1,5,26,122,615,3077,15477,78352
round_shots,100,100,100,100,100,100,100,100,100,100
round_queries,100,300,1100,4100,19900,96500,476900,2349700,11857500,59855300
round_k,0,1,5,20,99,482,2384,11748,59287,299276
round_shots,200,100,100,100,100,100,100,100,100,100
round_queries,200,300,700,2300,9100,45500,228100,1128900,5679100,28745300
round_k,0,1,3,11,45,227,1140,5644,28395,143726
round_shots,100,100,100,100,100,100,100,100,100,100
round_queries,100,300,700,2900,12500,57700,283100,1430900,7224900,36623900
round_k,0,1,3,14,62,288,1415,7154,36124,183119
round_shots,200,100,100,100,100,100,100,100,100
round_queries,200,700,2700,11300,53900,267500,1341500,6692700,33901900
round_k,0,3,13,56,269,1337,6707,33463,169509
round_shots,100,100,100,100,100,100,100,100,100
round_queries,100,300,1500,5900,27900,132700,624900,3148500,15891100
round_k,0,1,7,29,139,663,3124,15742,79455
round_shots,300,100,100,100,100,100,100,100,100
round_queries,300,500,1900,8300,41300,204700,1022300,5138900,25999100
round_k,0,2,9,41,206,1023,5111,25694,129995
round_shots,200,100,100,100,100,100,100,100,100
round_queries,200,300,1500,7100,33900,163900,803700,4034100,20401100
round_k,0,1,7,35,169,819,4018,20170,102005
round_shots,300,100,100,100,100,100,100,100,100,100
round_queries,300,500,1100,3100,12900,61700,309500,1544500,7779700,39451100
round_k,0,2,5,15,64,308,1547,7722,38898,197255
round_shots,100,100,100,100,100,100,100,100,100,100
round_queries,100,300,700,2700,11100,52900,258700,1306300,6528100,32689700
round_k,0,1,3,13,55,264,1293,6531,32640,163448
round_shots,100,100,100,100,100,100,100,100,100
round_queries,100,300,1300,6100,35300,172700,859900,4324900,21887700
round_k,0,1,6,30,176,863,4299,21624,109438
round_shots,200,100,100,100,100,100,100,100,100,100
round_queries,200,300,700,2500,11300,55700,270100,1303100,6486900,32776500
round_k,0,1,3,12,56,278,1350,6515,32434,163882
round_shots,100,100,100,100,100,100,100,100,100
round_queries,100,300,1100,4700,21100,104100,513900,3102100,15750900
round_k,0,1,5,23,105,520,2569,15510,78754
round_shots,100,100,100,100,100,100,100,100,100
round_queries,100,300,1100,5500,27700,137300,674900,3401900,17176900
round_k,0,1,5,27,138,686,3374,17009,85884
round_shots,200,100,100,100,100,100,100,100,100,100
round_queries,200,300,1100,4900,22700,110300,549100,2755900,14028300,71006700
round_k,0,1,5,24,113,551,2745,13779,70141,355033
round_shots,100,100,100,100,100,100,100,100,100,100
round_queries,100,300,1100,4100,18300,90900,453700,2287700,11529900,58239900
round_k,0,1,5,20,91,454,2268,11438,57649,291199
round_shots,200,100,100,100,100,100,100,100,100,100
round_queries,200,300,1100,3700,18500,88100,432100,2176300,10986900,55777300
round_k,0,1,5,18,92,440,2160,10881,54934,278886
round_shots,200,100,100,100,100,100,100,100,100,100
round_queries,200,300,1100,4500,20100,99300,499500,2511300,12710900,64173300
round_k,0,1,5,22,100,496,2497,12556,63554,320866
round_shots,300,100,100,100,100,100,100,100,100
round_queries,300,500,1900,8900,39700,193500,962500,4861500,24613500
round_k,0,2,9,44,198,967,4812,24307,123067
round_shots,200,100,100,100,100,100,100,100,100,100
round_queries,200,300,1100,3500,19700,94700,468500,2300300,11638300,58949100
round_k,0,1,5,17,98,473,2342,11501,58191,294745
round_shots,200,100,100,100,100,100,100,100,100,100
round_queries,200,300,1100,4500,20700,101500,496500,2486100,12614100,63826300
round_k,0,1,5,22,103,507,2482,12430,63070,319131
round_shots,100,100,100,100,100,100,100,100,100,100
round_queries,100,300,1100,3700,17500,85100,416300,2086700,10472900,53025900
round_k,0,1,5,18,87,425,2081,10433,52364,265129
round_shots,200,100,100,100,100,100,100,100,100,100
round_queries,200,300,1100,4100,17900,87500,433300,2173500,10960500,55428500
round_k,0,1,5,20,89,437,2166,10867,54802,277142
round_shots,200,100,100,100,100,100,100,100,100,100
round_queries,200,300,700,2900,13100,62300,305500,1526100,7694500,38989300
round_k,0,1,3,14,65,311,1527,7630,38472,194946
round_shots,100,100,100,100,100,100,100,100,100,100
round_queries,100,300,1100,3700,17700,87900,436500,2191500,11023900,55960100
round_k,0,1,5,18,88,439,2182,10957,55119,279800
round_shots,200,100,100,100,100,100,100,100,100
round_queries,200,500,1900,8300,41300,200300,996700,5023500,25293900
round_k,0,2,9,41,206,1001,4983,25117,126469
round_shots,200,100,100,100,100,100,100,100,100,100
round_queries,200,300,700,3300,14500,70500,352500,1742700,8798900,44678900
round_k,0,1,3,16,72,352,1762,8713,43994,223394
round_shots,200,100,100,100,100,100,100,100,100,100
round_queries,200,300,1100,4500,21700,103100,505700,2540500,12820500,78247300
round_k,0,1,5,22,108,515,2528,12702,64102,391236
round_shots,200,100,100,100,100,100,100,100,100,100
round_queries,200,300,1100,4500,22300,108500,528500,2581100,12632500,62950900
round_k,0,1,5,22,111,542,2642,12905,63162,314754
round_shots,100,100,100,100,100,100,100,100,100,100
round_queries,100,300,1100,4500,19500,95900,471100,2346700,11867300,60222300
round_k,0,1,5,22,97,479,2355,11733,59336,301111
round_shots,200,100,100,100,100,100,100,100,100,100
round_queries,200,300,1100,4500,21100,101700,508900,2580300,13044700,66159300
round_k,0,1,5,22,105,508,2544,12901,65223,330796
round_shots,200,100,100,100,100,100,100,100,100,100
round_queries,200,300,1100,4100,19700,95300,455900,2281300,11620700,58608100
round_k,0,1,5,20,98,476,2279,11406,58103,293040
round_shots,200,100,100,100,100,100,100,100,100,100
round_queries,200,300,900,2700,11100,53100,262900,1331900,6684300,33854100
round_k,0,1,4,13,55,265,1314,6659,33421,169270
round_shots,200,100,100,100,100,100,100,100,100,100
round_queries,200,300,1100,4100,19100,87300,435100,2169900,10963300,55591900
round_k,0,1,5,20,95,436,2175,10849,54816,277959
round_shots,200,100,100,100,100,100,100,100,100,100
round_queries,200,300,1100,5100,22100,108500,546100,2741500,13866100,70259100
round_k,0,1,5,25,110,542,2730,13707,69330,351295
round_shots,100,100,100,100,100,100,100,100,100,100
round_queries,100,300,700,1900,8100,37900,188100,939900,4745100,24168500
round_k,0,1,3,9,40,189,940,4699,23725,120842
round_shots,200,100,100,100,100,100,100,100,100
round_queries,200,500,1900,8900,41500,200900,989500,4975900,25163100
round_k,0,2,9,44,207,1004,4947,24879,125815
round_shots,200,100,100,100,100,100,100,100,100,100
round_queries,200,300,700,2300,9300,44700,217100,1075100,5383100,27232700
round_k,0,1,3,11,46,223,1085,5375,26915,136163
round_shots,200,100,100,100,100,100,100,100,100,100
round_queries,200,300,1100,4700,22100,105700,529700,2664100,13372900,67836900
round_k,0,1,5,23,110,528,2648,13320,66864,339184
round_shots,200,100,100,100,100,100,100,100,100,100
round_queries,200,300,700,2300,9700,45100,217500,1077300,5447500,27612500
round_k,0,1,3,11,48,225,1087,5386,27237,138062
round_shots,200,100,100,100,100,100,100,100,100,100
round_queries,200,300,1100,4500,21300,99700,478900,2359900,11791100,59579700
round_k,0,1,5,22,106,498,2394,11799,58955,297898
round_shots,100,100,100,100,100,100,100,100,100,100
round_queries,100,300,700,1900,7700,35700,172900,858900,4319300,21774300
round_k,0,1,3,9,38,178,864,4294,21596,108871
round_shots,200,100,100,100,100,100,100,100,100,100
round_queries,200,300,1100,4100,19300,95700,470300,2366900,11939300,60547700
round_k,0,1,5,20,96,478,2351,11834,59696,302738
round_shots,200,100,100,100,100,100,100,100,100,100
round_queries,200,300,1100,3500,16700,79900,396300,1987300,10050300,50814100
round_k,0,1,5,17,83,399,1981,9936,50251,254070
round_shots,200,100,100,100,100,100,100,100,100,100
round_queries,200,300,700,3100,13500,67100,325500,1607900,7967900,40315700
round_k,0,1,3,15,67,335,1627,8039,39839,201578
round_shots,100,100,100,100,100,100,100,100,100,100
round_queries,100,300,700,2300,9300,43300,213700,1062500,5356700,27070100
round_k,0,1,3,11,46,216,1068,5312,26783,135350
round_shots,200,100,100,100,100,100,100,100,100,100
round_queries,200,300,1100,4500,20100,98500,488500,2447700,12310500,62430100
round_k,0,1,5,22,100,492,2442,12238,61552,312150
round_shots,200,100,100,100,100,100,100,100,100
round_queries,200,500,2300,9300,42500,207900,1041300,5250900,26624300
round_k,0,2,11,46,212,1039,5206,26254,133121
round_shots,200,100,100,100,100,100,100,100,100
round_queries,200,300,1500,7300,35300,176700,856500,4300700,21796900
round_k,0,1,7,36,176,883,4282,21503,108984
round_shots,100,100,100,100,100,100,100,100,100,100
round_queries,100,300,1100,5100,24500,116300,570700,2884300,14633700,74175500
round_k,0,1,5,25,122,581,2853,14421,73168,370877
round_shots,200,100,100,100,100,100,100,100,100,100
round_queries,200,300,1100,5100,24700,116900,579700,2905100,14632500,73929100
round_k,0,1,5,25,123,584,2898,14525,73162,369645
round_shots,200,100,100,100,100,100,100,100,100,100
round_queries,200,300,1100,4900,22500,107100,535100,2700700,13663700,68860700
round_k,0,1,5,24,112,535,2675,13503,68318,344303
round_shots,100,100,100,100,100,100,100,100,100,100
round_queries,100,300,700,2900,13300,63900,310100,1511500,7523700,38040100
round_k,0,1,3,14,66,319,1550,7557,37618,190200
round_shots,200,100,100,100,100,100,100,100,100,100
round_queries,200,300,1100,4100,19100,91700,452300,2274300,11539100,58253900
round_k,0,1,5,20,95,458,2261,11371,57695,291269
round_shots,100,100,100,100,100,100,100,100,100,100
round_queries,100,300,1100,4500,20100,95900,478700,2397700,12170700,61653900
round_k,0,1,5,22,100,479,2393,11988,60853,308269
round_shots,100,100,100,100,100,100,100,100,100,100
round_queries,100,300,1100,4500,21700,108900,541100,2720500,13775500,69661100
round_k,0,1,5,22,108,544,2705,13602,68877,348305
round_shots,100,100,100,100,100,100,100,100,100,100
round_queries,100,300,1100,4500,19300,94300,476500,2406100,12083300,61247900
round_k,0,1,5,22,96,471,2382,12030,60416,306239
round_shots,100,100,100,100,100,100,100,100,100,100
round_queries,100,300,1100,4500,20900,104500,507700,2524500,12801500,64592300
round_k,0,1,5,22,104,522,2538,12622,64007,322961
round_shots,100,100,100,100,100,100,100,100,100,100
round_queries,100,300,1100,4700,21900,106300,521100,2618900,13237500,66516700
round_k,0,1,5,23,109,531,2605,13094,66187,332583
round_shots,100,100,100,100,100,100,100,100,100,100
round_queries,100,300,1100,4100,17100,82500,415700,2078100,10472700,53086100
round_k,0,1,5,20,85,412,2078,10390,52363,265430
round_shots,200,100,100,100,100,100,100,100,100,100
round_queries,200,300,700,2700,10700,52700,262100,1321500,6696100,33767900
round_k,0,1,3,13,53,263,1310,6607,33480,168839
round_shots,200,100,100,100,100,100,100,100,100
round_queries,200,300,1100,5500,26700,131300,651100,3288500,16642100
round_k,0,1,5,27,133,656,3255,16442,83210
round_shots,200,100,100,100,100,100,100,100,100,100
round_queries,200,300,700,3300,16500,81300,401900,2027900,10240900,51773900
round_k,0,1,3,16,82,406,2009,10139,51204,258869
round_shots,100,100,100,100,100,100,100,100,100,100
round_queries,100,300,1100,4100,18300,91500,454300,2283300,11473100,58205700
round_k,0,1,5,20,91,457,2271,11416,57365,291028
round_shots,200,100,100,100,100,100,100,100,100,100
round_queries,200,300,1100,3700,17500,83300,413700,2058300,10392300,52644100
round_k,0,1,5,18,87,416,2068,10291,51961,263220
round_shots,100,100,100,100,100,100,100,100,100
round_queries,100,300,1500,6700,30900,147700,733100,3698100,18656500
round_k,0,1,7,33,154,738,3665,18490,93282
round_shots,100,100,100,100,100,100,100,100,100,100
round_queries,100,300,700,3100,13900,69300,345300,1726500,8734300,43867900
round_k,0,1,3,15,69,346,1726,8632,43671,219339
round_shots,200,100,100,100,100,100,100,100,100
round_queries,200,300,1500,6700,31100,149300,739900,3723700,18832100
round_k,0,1,7,33,155,746,3699,18618,94160
round_shots,300,100,100,100,100,100,100,100,100,100
round_queries,300,300,700,2300,11300,54300,270900,1369900,6916900,34905100
round_k,0,1,3,11,56,271,1354,6849,34584,174525
round_shots,100,100,100,100,100,100,100,100,100,100
round_queries,100,300,1100,4100,19100,95300,481300,2429900,12246700,61450900
round_k,0,1,5,20,95,476,2406,12149,61233,307254
round_shots,100,100,100,100,100,100,100,100,100
round_queries,100,300,1500,7500,35300,167300,825300,4162100,20943900
round_k,0,1,7,37,176,836,4126,20810,104719
round_shots,100,100,100,100,100,100,100,100,100,100
round_queries,100,300,1100,5300,24900,118900,597500,3028100,15347900,77744300
round_k,0,1,5,26,124,594,2987,15140,76739,388721
round_shots,200,100,100,100,100,100,100,100,100,100
round_queries,200,300,1100,4900,22500,111700,546500,2745700,13853300,70209900
round_k,0,1,5,24,112,558,2732,13728,69266,351049
round_shots,100,100,100,100,100,100,100,100,100,100
round_queries,100,300,1100,4900,21500,102300,513100,2595100,13157100,66672700
round_k,0,1,5,24,107,511,2565,12975,65785,333363
round_shots,200,100,100,100,100,100,100,100,100,100
round_queries,200,300,700,2700,11900,56300,273500,1371500,6926100,35053900
round_k,0,1,3,13,59,281,1367,6857,34630,175269
round_shots,200,100,100,100,100,100,100,100,100,100
round_queries,200,300,700,1900,8900,42900,211700,1042500,5200500,26398700
round_k,0,1,3,9,44,214,1058,5212,26002,131993
round_shots,200,100,100,100,100,100,100,100,100,100
round_queries,200,300,700,2500,11500,54900,271500,1346100,6827700,34551700
round_k,0,1,3,12,57,274,1357,6730,34138,172758
round_shots,200,100,100,100,100,100,100,100,100,100
round_queries,200,300,700,2900,12500,59500,290300,1442700,7262300,36698500
round_k,0,1,3,14,62,297,1451,7213,36311,183492
round_shots,200,100,100,100,100,100,100,100,100,100
round_queries,200,300,1100,4100,20500,99100,486300,2450100,12365100,62703700
round_k,0,1,5,20,102,495,2431,12250,61825,313518
round_shots,300,100,100,100,100,100,100,100,100,100
round_queries,300,300,1100,4900,22300,110100,549900,2759500,13904700,70625900
round_k,0,1,5,24,111,550,2749,13797,69523,353129
round_shots,100,100,100,100,100,100,100,100,100
round_queries,100,300,1500,5900,27700,133900,643500,3212300,16309500
round_k,0,1,7,29,138,669,3217,16061,81547
round_shots,200,100,100,100,100,100,100,100,100,100
round_queries,200,300,1100,4500,20100,96700,479900,2410900,12197300,61699900
round_k,0,1,5,22,100,483,2399,12054,60986,308499
round_shots,100,100,100,100,100,100,100,100,100,100
round_queries,100,300,1100,4500,21500,105100,520300,2618100,13187500,66207500
round_k,0,1,5,22,107,525,2601,13090,65937,331037
round_shots,100,100,100,100,100,100,100,100,100,100
round_queries,100,300,1100,4500,20300,98100,492500,2490100,12550500,63671500
round_k,0,1,5,22,101,490,2462,12450,62752,318357
round_shots,200,100,100,100,100,100,100,100,100
round_queries,200,700,1900,7300,33300,166700,814900,4078700,20648900
round_k,0,3,9,36,166,833,4074,20393,103244
round_shots,100,100,100,100,100,100,100,100,100
round_queries,100,300,1100,5500,26700,133700,674500,3393500,17140300
round_k,0,1,5,27,133,668,3372,16967,85701
round_shots,200,100,100,100,100,100,100,100,100
round_queries,200,300,1500,6100,27100,135100,675500,3417100,17231100
round_k,0,1,7,30,135,675,3377,17085,86155
round_shots,200,100,100,100,100,100,100,100,100,100
round_queries,200,300,1100,4500,20500,99900,499900,2493900,12628900,63841300
round_k,0,1,5,22,102,499,2499,12469,63144,319206
round_shots,100,100,100,100,100,100,100,100,100,100
round_queries,100,300,700,2300,9900,45700,219100,1054700,5279300,26574100
round_k,0,1,3,11,49,228,1095,5273,26396,132870
round_shots,100,100,100,100,100,100,100,100,100,100
round_queries,100,300,1100,3700,16700,78300,391300,1951100,9827700,49807700
round_k,0,1,5,18,83,391,1956,9755,49138,249038
round_shots,100,100,100,100,100,100,100,100,100,100
round_queries,100,300,1100,5100,23500,109900,533500,2663500,13427300,67812300
round_k,0,1,5,25,117,549,2667,13317,67136,339061
round_shots,100,100,100,100,100,100,100,100,100,100
round_queries,100,300,1100,4700,21700,102500,510900,2563700,12967100,65312500
round_k,0,1,5,23,108,512,2554,12818,64835,326562
round_shots,200,100,100,100,100,100,100,100,100,100
round_queries,200,300,1100,4300,19900,94300,468300,2349700,11863300,60199100
round_k,0,1,5,21,99,471,2341,11748,59316,300995
round_shots,200,100,100,100,100,100,100,100,100,100
round_queries,200,300,700,2700,10900,50300,306100,1613900,8143300,41247700
round_k,0,1,3,13,54,251,1530,8069,40716,206238
round_shots,100,100,100,100,100,100,100,100,100,100
round_queries,100,300,1100,4900,23300,112700,560300,2792100,14054100,71348500
round_k,0,1,5,24,116,563,2801,13960,70270,356742
round_shots,100,100,100,100,100,100,100,100,100,100
round_queries,100,300,1100,4100,20300,99900,497300,2485500,12586700,63894900
round_k,0,1,5,20,101,499,2486,12427,62933,319474
round_shots,100,100,100,100,100,100,100,100,100,100
round_queries,100,300,700,2900,14500,71500,346300,1722700,8714300,43961100
round_k,0,1,3,14,72,357,1731,8613,43571,219805
round_shots,100,100,100,100,100,100,100,100,100,100
round_queries,100,300,1100,4100,19900,99900,495100,2493300,12576100,63532900
round_k,0,1,5,20,99,499,2475,12466,62880,317664
round_shots,200,100,100,100,100,100,100,100,100,100
round_queries,200,300,1100,4100,18500,85700,428500,2151100,10876100,55186700
round_k,0,1,5,20,92,428,2142,10755,54380,275933
round_shots,100,100,100,100,100,100,100,100,100,100
round_queries,100,300,700,2900,12700,59500,290900,1452700,7348300,36970300
round_k,0,1,3,14,63,297,1454,7263,36741,184851
round_shots,200,100,100,100,100,100,100,100,100,100
round_queries,200,300,1100,4100,18700,90700,448300,2257300,11401100,57888500
round_k,0,1,5,20,93,453,2241,11286,57005,289442
round_shots,200,100,100,100,100,100,100,100,100
round_queries,200,300,1500,6300,28700,142500,720100,3623900,18210500
round_k,0,1,7,31,143,712,3600,18119,91052
round_shots,100,100,100,100,100,100,100,100,100,100
round_queries,100,300,700,3100,12500,60100,290100,1444700,7247300,36575900
round_k,0,1,3,15,62,300,1450,7223,36236,182879
round_shots,100,100,100,100,100,100,100,100,100,100
round_queries,100,300,1100,5100,23700,117100,569900,2850900,14459700,73060900
round_k,0,1,5,25,118,585,2849,14254,72298,365304
round_shots,200,100,100,100,100,100,100,100,100,100
round_queries,200,300,1100,5100,23900,116300,574100,2914100,14769100,74830100
round_k,0,1,5,25,119,581,2870,14570,73845,374150
round_shots,200,100,100,100,100,100,100,100,100
round_queries,200,500,1900,6900,34500,171300,848700,4287500,21650500
round_k,0,2,9,34,172,856,4243,21437,108252
round_shots,200,100,100,100,100,100,100,100,100,100
round_queries,200,300,1100,3100,13700,67700,327500,1628300,8210500,41413100
round_k,0,1,5,15,68,338,1637,8141,41052,207065
round_shots,200,100,100,100,100,100,100,100,100,100
round_queries,200,300,1100,4500,19300,95300,472700,2372100,12022500,60843900
round_k,0,1,5,22,96,476,2363,11860,60112,304219
round_shots,200,100,100,100,100,100,100,100,100,100
round_queries,200,300,1100,4900,22700,110500,548900,2749700,13797300,69967100
round_k,0,1,5,24,113,552,2744,13748,68986,349835
round_shots,100,100,100,100,100,100,100,100,100,100
round_queries,100,300,1100,4500,22100,110500,556700,2818900,14272500,71872700
round_k,0,1,5,22,110,552,2783,14094,71362,359363
round_shots,100,100,100,100,100,100,100,100,100
round_queries,100,300,1100,5100,25700,126900,632900,3194300,15985300
round_k,0,1,5,25,128,634,3164,15971,79926
round_shots,200,100,100,100,100,100,100,100,100,100
round_queries,200,300,1100,4100,19900,96500,487700,2441500,12298300,62239300
round_k,0,1,5,20,99,482,2438,12207,61491,311196
round_shots,200,100,100,100,100,100,100,100,100,100
round_queries,200,300,1100,4100,19700,99100,497900,2479300,12463300,62626100
round_k,0,1,5,20,98,495,2489,12396,62316,313130
round_shots,200,100,100,100,100,100,100,100,100,100
round_queries,200,300,1100,3700,17700,85100,424900,2149700,10853500,54932300
round_k,0,1,5,18,88,425,2124,10748,54267,274661
round_shots,100,100,100,100,100,100,100,100,100,100
round_queries,100,300,1100,4100,18500,91300,460900,2312300,11616100,58693300
round_k,0,1,5,20,92,456,2304,11561,58080,293466
round_shots,100,100,100,100,100,100,100,100,100,100
round_queries,100,300,1100,4500,20500,94900,467700,2355500,11934100,60364500
round_k,0,1,5,22,102,474,2338,11777,59670,301822
round_shots,200,100,100,100,100,100,100,100,100,100
round_queries,200,300,1100,3700,17100,82500,408700,2052500,10314100,52618700
round_k,0,1,5,18,85,412,2043,10262,51570,263093
round_shots,100,100,100,100,100,100,100,100,100,100
round_queries,100,300,1100,3700,17100,81700,412300,2051900,10398700,52736100
round_k,0,1,5,18,85,408,2061,10259,51993,263680
round_shots,200,100,100,100,100,100,100,100,100
round_queries,200,300,1500,6500,30500,146900,711500,3555100,18018100
round_k,0,1,7,32,152,734,3557,17775,90090
round_shots,200,100,100,100,100,100,100,100,100,100
round_queries,200,300,700,3300,13500,62700,307700,1540100,7669300,38856300
round_k,0,1,3,16,67,313,1538,7700,38346,194281
round_shots,200,100,100,100,100,100,100,100,100
round_queries,200,300,1500,5900,26900,129100,643900,3247100,16447700
round_k,0,1,7,29,134,645,3219,16235,82238
round_shots,100,100,100,100,100,100,100,100,100,100
round_queries,100,300,1100,3100,13900,64500,318300,1571100,7903700,40072500
round_k,0,1,5,15,69,322,1591,7855,39518,200362
round_shots,100,100,100,100,100,100,100,100,100,100
round_queries,100,300,1100,4100,18300,89900,430700,2157900,10925100,55291100
round_k,0,1,5,20,91,449,2153,10789,54625,276455
round_shots,100,100,100,100,100,100,100,100,100,100
round_queries,100,300,700,2300,8900,41700,204300,1021500,5108100,25722300
round_k,0,1,3,11,44,208,1021,5107,25540,128611
round_shots,200,100,100,100,100,100,100,100,100,100
round_queries,200,300,1100,4700,20300,98100,483700,2434100,12185100,61846900
round_k,0,1,5,23,101,490,2418,12170,60925,309234
round_shots,200,100,100,100,100,100,100,100,100,100
round_queries,200,300,700,2700,12300,55700,270300,1356700,6765700,34266300
round_k,0,1,3,13,61,278,1351,6783,33828,171331
round_shots,100,100,100,100,100,100,100,100,100
round_queries,100,300,1100,5100,24100,119300,595300,3005500,15205500
round_k,0,1,5,25,120,596,2976,15027,76027
round_shots,100,100,100,100,100,100,100,100,100,100
round_queries,100,300,1100,4900,24300,119700,593100,3005100,15088500,76439300
round_k,0,1,5,24,121,598,2965,15025,75442,382196
round_shots,200,100,100,100,100,100,100,100,100,100
round_queries,200,300,700,2900,12700,58100,283100,1425700,7191300,36477900
round_k,0,1,3,14,63,290,1415,7128,35956,182389
round_shots,200,100,100,100,100,100,100,100,100,100
round_queries,200,300,1100,4100,19100,92300,455100,2416100,12145700,64572300
round_k,0,1,5,20,95,461,2275,12080,60728,322861
round_shots,200,100,100,100,100,100,100,100,100,100
round_queries,200,300,700,2700,11300,53700,259500,1304100,6573700,33349100
round_k,0,1,3,13,56,268,1297,6520,32868,166745
round_shots,200,100,100,100,100,100,100,100,100,100
round_queries,200,300,700,2300,8900,41100,204100,1017300,5096100,25773500
round_k,0,1,3,11,44,205,1020,5086,25480,128867
round_shots,100,100,100,100,100,100,100,100,100,100
round_queries,100,300,1100,4300,21100,106100,524700,2639500,13385500,67986300
round_k,0,1,5,21,105,530,2623,13197,66927,339931
round_shots,100,100,100,100,100,100,100,100,100,100
round_queries,100,300,1100,4900,22300,110500,534100,2679300,13500300,67843300
round_k,0,1,5,24,111,552,2670,13396,67501,339216
round_shots,200,100,100,100,100,100,100,100,100,100
round_queries,200,300,1100,4500,20100,100900,489900,2465700,12455300,62793500
round_k,0,1,5,22,100,504,2449,12328,62276,313967
round_shots,200,100,100,100,100,100,100,100,100,100
round_queries,200,300,1100,4100,18100,90700,452100,2262100,11469100,58248500
round_k,0,1,5,20,90,453,2260,11310,57345,291242
round_shots,100,100,100,100,100,100,100,100,100,100
round_queries,100,300,1100,4500,19300,90900,442700,2204100,11148900,56551700
round_k,0,1,5,22,96,454,2213,11020,55744,282758
round_shots,200,100,100,100,100,100,100,100,100
round_queries,200,500,2300,9700,45300,218300,1040900,5206500,26325900
round_k,0,2,11,48,226,1091,5204,26032,131629
round_shots,200,100,100,100,100,100,100,100,100,100
round_queries,200,300,900,2700,12100,60700,300500,1509500,7569100,38219900
round_k,0,1,4,13,60,303,1502,7547,37845,191099
round_shots,100,100,100,100,100,100,100,100,100,100
round_queries,100,300,1100,3500,15500,76100,379900,1910900,9648500,48931500
round_k,0,1,5,17,77,380,1899,9554,48242,244657
round_shots,300,100,100,100,100,100,100,100,100,100
round_queries,300,300,1100,4100,18100,87500,431500,2175100,10916500,58100300
round_k,0,1,5,20,90,437,2157,10875,54582,290501
round_shots,200,100,100,100,100,100,100,100,100,100
round_queries,200,300,1100,3100,12100,59100,296900,1486500,7491900,37828700
round_k,0,1,5,15,60,295,1484,7432,37459,189143
round_shots,200,100,100,100,100,100,100,100,100,100
round_queries,200,300,1100,4100,18900,89900,442900,2219700,11138500,56406500
round_k,0,1,5,20,94,449,2214,11098,55692,282032
round_shots,100,100,100,100,100,100,100,100,100,100
round_queries,100,300,1100,4900,23500,115100,574300,2890700,14619100,74005700
round_k,0,1,5,24,117,575,2871,14453,73095,370028
round_shots,100,100,100,100,100,100,100,100,100,100
round_queries,100,300,1100,4900,22100,110300,547700,2893700,14632500,74081900
round_k,0,1,5,24,110,551,2738,14468,73162,370409
round_shots,100,100,100,100,100,100,100,100,100,100
round_queries,100,300,1100,4500,19500,96700,484900,2419900,12249100,62147500
round_k,0,1,5,22,97,483,2424,12099,61245,310737
round_shots,200,100,100,100,100,100,100,100,100,100
round_queries,200,300,700,2300,10900,50300,244900,1240300,6244900,31658500
round_k,0,1,3,11,54,251,1224,6201,31224,158292
round_shots,200,100,100,100,100,100,100,100,100,100
round_queries,200,300,1100,4100,19100,93500,462900,2317100,11616500,58766300
round_k,0,1,5,20,95,467,2314,11585,58082,293831
round_shots,200,100,100,100,100,100,100,100,100,100
round_queries,200,300,1100,4100,18500,87700,437300,2185300,11042700,55983500
round_k,0,1,5,20,92,438,2186,10926,55213,279917
round_shots,300,100,100,100,100,100,100,100,100,100
round_queries,300,300,1100,4500,19700,93500,462900,2318500,11636900,58507500
round_k,0,1,5,22,98,467,2314,11592,58184,292537
round_shots,100,100,100,100,100,100,100,100,100,100
round_queries,100,300,700,2300,9300,43700,217500,1090900,5458500,27580300
round_k,0,1,3,11,46,218,1087,5454,27292,137901
round_shots,200,100,100,100,100,100,100,100,100,100
round_queries,200,300,1100,3500,16300,81700,412100,2078700,10496100,53202700
round_k,0,1,5,17,81,408,2060,10393,52480,266013
round_shots,100,100,100,100,100,100,100,100,100,100
round_queries,100,300,1100,4100,18100,88500,432900,2175500,10981700,55661700
round_k,0,1,5,20,90,442,2164,10877,54908,278308
round_shots,200,100,100,100,100,100,100,100,100,100
round_queries,200,300,700,2300,9700,45300,215100,1054100,5326300,26898900
round_k,0,1,3,11,48,226,1075,5270,26631,134494
round_shots,100,100,100,100,100,100,100,100,100,100
round_queries,100,300,1100,3700,16300,79900,395700,1979100,9889900,50065900
round_k,0,1,5,18,81,399,1978,9895,49449,250329
round_shots,100,100,100,100,100,100,100,100,100,100
round_queries,100,300,700,1900,8500,40700,193900,972700,4873700,24628500
round_k,0,1,3,9,42,203,969,4863,24368,123142
round_shots,100,100,100,100,100,100,100,100,100,100
round_queries,100,300,1100,4900,22500,109300,541100,2722300,13770300,69280500
round_k,0,1,5,24,112,546,2705,13611,68851,346402
round_shots,300,100,100,100,100,100,100,100,100,100
round_queries,300,300,700,1900,7100,33500,162300,806300,4059300,20595700
round_k,0,1,3,9,35,167,811,4031,20296,102978
round_shots,100,100,100,100,100,100,100,100,100,100
round_queries,100,300,700,2300,11300,53500,258700,1308900,6556900,33191300
round_k,0,1,3,11,56,267,1293,6544,32784,165956
round_shots,300,100,100,100,100,100,100,100,100,100
round_queries,300,300,1100,4100,19100,93700,467500,2359700,11856300,60032100
round_k,0,1,5,20,95,468,2337,11798,59281,300160
round_shots,200,100,100,100,100,100,100,100,100
round_queries,200,500,1900,8500,41500,200300,1003100,5072500,25592100
round_k,0,2,9,42,207,1001,5015,25362,127960
round_shots,100,100,100,100,100,100,100,100,100,100
round_queries,100,300,700,2300,9300,44500,214700,1072500,5402300,27161500
round_k,0,1,3,11,46,222,1073,5362,27011,135807
round_shots,200,100,100,100,100,100,100,100,100,100
round_queries,200,300,1100,3100,12900,62500,307500,1538300,7768500,39255700
round_k,0,1,5,15,64,312,1537,7691,38842,196278
round_shots,100,100,100,100,100,100,100,100,100,100
round_queries,100,300,1100,5100,23100,107300,531500,2669100,13491300,68021900
round_k,0,1,5,25,115,536,2657,13345,67456,340109
round_shots,100,100,100,100,100,100,100,100,100,100
round_queries,100,300,1100,4100,18500,89100,443500,2170100,10957500,55052700
round_k,0,1,5,20,92,445,2217,10850,54787,275263
round_shots,100,100,100,100,100,100,100,100,100,100
round_queries,100,300,1100,4900,21300,101500,507500,2576900,12890900,64912900
round_k,0,1,5,24,106,507,2537,12884,64454,324564
round_shots,100,100,100,100,100,100,100,100,100,100
round_queries,100,300,1100,3700,16700,80500,396700,1980100,10008700,50782500
round_k,0,1,5,18,83,402,1983,9900,50043,253912
round_shots,100,100,100,100,100,100,100,100,100
round_queries,100,300,1500,6700,29900,145900,735100,3712500,18810500
round_k,0,1,7,33,149,729,3675,18562,94052
round_shots,200,100,100,100,100,100,100,100,100
round_queries,200,300,1500,6900,32500,157100,787500,3945300,19878900
round_k,0,1,7,34,162,785,3937,19726,99394
round_shots,200,100,100,100,100,100,100,100,100
round_queries,200,500,1500,6300,27300,134500,663900,3336300,16769500
round_k,0,2,7,31,136,672,3319,16681,83847
round_shots,200,100,100,100,100,100,100,100,100,100
round_queries,200,300,700,3300,15300,71500,347700,1741300,8816900,44350500
round_k,0,1,3,16,76,357,1738,8706,44084,221752
round_shots,200,100,100,100,100,100,100,100,100,100
round_queries,200,300,1100,3700,16700,83300,406500,2051100,10348500,52462300
round_k,0,1,5,18,83,416,2032,10255,51742,262311
round_shots,200,100,100,100,100,100,100,100,100
round_queries,200,500,1900,7100,34500,164300,823500,4112900,20826500
round_k,0,2,9,35,172,821,4117,20564,104132
round_shots,100,100,100,100,100,100,100,100,100,100
round_queries,100,300,1100,3700,17300,83100,418300,2099500,10595100,53411700
round_k,0,1,5,18,86,415,2091,10497,52975,267058
round_shots,200,100,100,100,100,100,100,100,100,100
round_queries,200,300,700,2700,10300,51700,252900,1272900,6373300,32238700
round_k,0,1,3,13,51,258,1264,6364,31866,161193
round_shots,100,100,100,100,100,100,100,100,100,100
round_queries,100,300,700,1900,8100,38500,188500,937100,4716300,23697900
round_k,0,1,3,9,40,192,942,4685,23581,118489
round_shots,300,100,100,100,100,100,100,100,100,100
round_queries,300,300,1100,4900,22900,109500,548900,2757700,13874500,70439900
round_k,0,1,5,24,114,547,2744,13788,69372,352199
round_shots,100,100,100,100,100,100,100,100,100,100
round_queries,100,300,1100,4100,19500,93100,461300,2308900,11699500,59403500
round_k,0,1,5,20,97,465,2306,11544,58497,297017
round_shots,200,100,100,100,100,100,100,100,100,100
round_queries,200,300,1100,4900,23100,109100,544500,2753900,13942300,70737700
round_k,0,1,5,24,115,545,2722,13769,69711,353688
round_shots,200,100,100,100,100,100,100,100,100,100
round_queries,200,300,1100,4500,21100,104300,520300,2618900,13215500,66969500
round_k,0,1,5,22,105,521,2601,13094,66077,334847
round_shots,100,100,100,100,100,100,100,100,100
round_queries,100,300,1500,6300,28900,137500,686500,3453700,17447300
round_k,0,1,7,31,144,687,3432,17268,87236
round_shots,200,100,100,100,100,100,100,100,100
round_queries,200,300,1500,6500,29700,142700,716700,3606700,18261900
round_k,0,1,7,32,148,713,3583,18033,91309
round_shots,200,100,100,100,100,100,100,100,100
round_queries,200,700,2300,9700,48100,237100,1176900,5930300,29975900
round_k,0,3,11,48,240,1185,5884,29651,149879
round_shots,100,100,100,100,100,100,100,100,100,100
round_queries,100,300,1100,4500,19900,92900,457900,2314700,11625900,58814900
round_k,0,1,5,22,99,464,2289,11573,58129,294074
round_shots,200,100,100,100,100,100,100,100,100,100
round_queries,200,300,1100,3500,16300,76900,389900,1940100,9788300,49428300
round_k,0,1,5,17,81,384,1949,9700,48941,247141
round_shots,200,100,100,100,100,100,100,100,100,100
round_queries,200,300,1100,3700,18300,88900,449500,2279500,11151900,55924500
round_k,0,1,5,18,91,444,2247,11397,55759,279622
round_shots,100,100,100,100,100,100,100,100,100,100
round_queries,100,300,1100,4500,21300,101500,499900,2496100,12589100,63827300
round_k,0,1,5,22,106,507,2499,12480,62945,319136
round_shots,200,100,100,100,100,100,100,100,100,100
round_queries,200,300,1100,5500,25900,122100,610100,3046900,15355100,77830300
round_k,0,1,5,27,129,610,3050,15234,76775,389151
round_shots,100,100,100,100,100,100,100,100,100,100
round_queries,100,300,700,1900,7500,34500,163500,814300,4058100,20579900
round_k,0,1,3,9,37,172,817,4071,20290,102899
round_shots,100,100,100,100,100,100,100,100,100,100
round_queries,100,300,1100,4300,20700,100100,491300,2473100,12511700,63380900
round_k,0,1,5,21,103,500,2456,12365,62558,316904
round_shots,100,100,100,100,100,100,100,100,100,100
round_queries,100,300,1100,4900,24300,119700,590500,2955100,14867900,75410500
round_k,0,1,5,24,121,598,2952,14775,74339,377052
round_shots,200,100,100,100,100,100,100,100,100,100
round_queries,200,300,700,2900,11500,55300,269700,1347900,6825900,34405500
round_k,0,1,3,14,57,276,1348,6739,34129,172027
round_shots,200,100,100,100,100,100,100,100,100
round_queries,200,300,1500,7500,37500,180300,901300,4572300,23120900
round_k,0,1,7,37,187,901,4506,22861,115604
round_shots,100,100,100,100,100,100,100,100,100,100
round_queries,100,300,700,2500,10700,49700,246300,1236500,6210100,31499100
round_k,0,1,3,12,53,248,1231,6182,31050,157495
round_shots,100,100,100,100,100,100,100,100,100,100
round_queries,100,300,1100,5100,23100,107900,499900,2486900,12550300,63500700
round_k,0,1,5,25,115,539,2499,12434,62751,317503
round_shots,200,100,100,100,100,100,100,100,100
round_queries,200,300,1100,5500,27500,127100,631700,3164300,15913100
round_k,0,1,5,27,137,635,3158,15821,79565
round_shots,200,100,100,100,100,100,100,100,100,100
round_queries,200,300,700,1900,7900,38900,193100,960700,4839500,24483300
round_k,0,1,3,9,39,194,965,4803,24197,122416
round_shots,100,100,100,100,100,100,100,100,100,100
round_queries,100,300,1100,3700,17900,84700,425100,2137900,10770700,54101100
round_k,0,1,5,18,89,423,2125,10689,53853,270505
round_shots,300,100,100,100,100,100,100,100,100
round_queries,300,500,1900,8700,40300,201500,998700,5019900,25433500
round_k,0,2,9,43,201,1007,4993,25099,127167
round_shots,200,100,100,100,100,100,100,100,100,100
round_queries,200,300,700,1900,7700,38500,184100,926300,4661700,23557900
round_k,0,1,3,9,38,192,920,4631,23308,117789
round_shots,100,100,100,100,100,100,100,100,100,100
round_queries,100,300,1100,5500,24700,122300,607900,3034100,15316300,77475700
round_k,0,1,5,27,123,611,3039,15170,76581,387378
round_shots,100,100,100,100,100,100,100,100,100,100
round_queries,100,300,1100,3700,15900,74100,367300,1855500,9375100,47195100
round_k,0,1,5,18,79,370,1836,9277,46875,235975
round_shots,100,100,100,100,100,100,100,100,100,100
round_queries,100,300,700,3300,15700,74300,363900,1818500,9193100,46679500
round_k,0,1,3,16,78,371,1819,9092,45965,233397
round_shots,100,100,100,100,100,100,100,100,100,100
round_queries,100,300,700,3300,14100,70700,348900,1749100,8813300,44751700
round_k,0,1,3,16,70,353,1744,8745,44066,223758
round_shots,200,100,100,100,100,100,100,100,100,100
round_queries,200,300,1100,4100,19500,94300,470500,2363900,11949300,60634700
round_k,0,1,5,20,97,471,2352,11819,59746,303173
round_shots,200,100,100,100,100,100,100,100,100,100
round_queries,200,300,1100,4500,20100,95900,478700,2407900,12179900,61508900
round_k,0,1,5,22,100,479,2393,12039,60899,307544
round_shots,100,100,100,100,100,100,100,100,100,100
round_queries,100,300,1100,4500,20300,95100,477300,2396300,12139700,61396100
round_k,0,1,5,22,101,475,2386,11981,60698,306980
round_shots,100,100,100,100,100,100,100,100,100,100
round_queries,100,300,1100,4500,20500,102100,507100,2558100,12926900,65473900
round_k,0,1,5,22,102,510,2535,12790,64634,327369
round_shots,200,100,100,100,100,100,100,100,100,100
round_queries,200,300,1100,5100,23300,114900,581100,2914100,14614500,74018500
round_k,0,1,5,25,116,574,2905,14570,73072,370092
round_shots,200,100,100,100,100,100,100,100,100,100
round_queries,200,300,1100,4100,19700,98700,485300,2429300,12210500,61818900
round_k,0,1,5,20,98,493,2426,12146,61052,309094
round_shots,100,100,100,100,100,100,100,100,100,100
round_queries,100,300,1100,4100,18300,90100,445100,2223900,11229100,57003700
round_k,0,1,5,20,91,450,2225,11119,56145,285018
round_shots,100,100,100,100,100,100,100,100,100
round_queries,100,300,1500,6300,28100,135500,682300,3425500,17298900
round_k,0,1,7,31,140,677,3411,17127,86494
round_shots,200,100,100,100,100,100,100,100,100,100
round_queries,200,300,700,2300,11500,56300,281700,1401500,7070900,35759300
round_k,0,1,3,11,57,281,1408,7007,35354,178796
round_shots,100,100,100,100,100,100,100,100,100,100
round_queries,100,300,1100,4100,19300,96300,475100,2376300,12007300,60752500
round_k,0,1,5,20,96,481,2375,11881,60036,303762
round_shots,100,100,100,100,100,100,100,100,100,100
round_queries,100,300,1500,5300,24900,119500,592100,2964500,15026100,76025900
round_k,0,1,7,26,124,597,2960,14822,75130,380129
round_shots,200,100,100,100,100,100,100,100,100,100
round_queries,200,300,1100,4100,16900,83100,408700,2026900,10267500,51889700
round_k,0,1,5,20,84,415,2043,10134,51337,259448
round_shots,100,100,100,100,100,100,100,100,100,100
round_queries,100,300,1100,4500,21900,107900,535900,2699100,13705500,69431300
round_k,0,1,5,22,109,539,2679,13495,68527,347156
round_shots,200,100,100,100,100,100,100,100,100,100
round_queries,200,300,1100,4500,20500,99500,490900,2464300,12394100,62713500
round_k,0,1,5,22,102,497,2454,12321,61970,313567
round_shots,200,100,100,100,100,100,100,100,100,100
round_queries,200,300,1100,4100,19700,99300,496300,2493100,15159500,76232700
round_k,0,1,5,20,98,496,2481,12465,75797,381163
round_shots,200,100,100,100,100,100,100,100,100,100
round_queries,200,300,700,2300,9300,45900,227700,1145700,5711900,28971300
round_k,0,1,3,11,46,229,1138,5728,28559,144856
round_shots,200,100,100,100,100,100,100,100,100,100
round_queries,200,300,1100,3700,17500,86300,424700,2099900,10565500,53614700
round_k,0,1,5,18,87,431,2123,10499,52827,268073
round_shots,100,100,100,100,100,100,100,100,100,100
round_queries,100,300,1100,5100,24500,118300,582900,2920300,14531500,73786300
round_k,0,1,5,25,122,591,2914,14601,72657,368931
round_shots,100,100,100,100,100,100,100,100,100,100
round_queries,100,300,900,2700,11100,50700,255500,1276900,6456500,32781100
round_k,0,1,4,13,55,253,1277,6384,32282,163905
round_shots,100,100,100,100,100,100,100,100,100,100
round_queries,100,300,1100,5100,23900,114900,570900,2873700,14468300,72803500
round_k,0,1,5,25,119,574,2854,14368,72341,364017
round_shots,100,100,100,100,100,100,100,100,100,100
round_queries,100,300,1100,3700,16100,79500,394300,1973500,10003900,50755300
round_k,0,1,5,18,80,397,1971,9867,50019,253776
round_shots,200,100,100,100,100,100,100,100,100,100
round_queries,200,300,700,2700,10100,46500,229500,1140100,5747300,29054700
round_k,0,1,3,13,50,232,1147,5700,28736,145273
round_shots,200,100,100,100,100,100,100,100,100,100
round_queries,200,300,1100,4500,19700,98500,479100,2398500,12112100,61123500
round_k,0,1,5,22,98,492,2395,11992,60560,305617
round_shots,200,100,100,100,100,100,100,100,100,100
round_queries,200,300,900,2700,11100,52500,259300,1367100,6889700,34959900
round_k,0,1,4,13,55,262,1296,6835,34448,174799
round_shots,200,100,100,100,100,100,100,100,100,100
round_queries,200,300,1100,4500,19100,95300,479500,2408100,12162100,61210900
round_k,0,1,5,22,95,476,2397,12040,60810,306054
round_shots,100,100,100,100,100,100,100,100,100,100
round_queries,100,300,700,3100,12900,61100,305300,1519500,7684500,38863100
round_k,0,1,3,15,64,305,1526,7597,38422,194315
round_shots,100,100,100,100,100,100,100,100,100,100
round_queries,100,300,1100,4100,18900,88900,438100,2222500,11232500,56326700
round_k,0,1,5,20,94,444,2190,11112,56162,281633
round_shots,100,100,100,100,100,100,100,100,100
round_queries,100,300,1500,6700,29500,147300,741300,3716900,18778700
round_k,0,1,7,33,147,736,3706,18584,93893
round_shots,100,100,100,100,100,100,100,100,100,100
round_queries,100,300,1100,3700,18300,86700,413500,2083300,10555500,53238300
round_k,0,1,5,18,91,433,2067,10416,52777,266191
round_shots,200,100,100,100,100,100,100,100,100
round_queries,200,300,1500,5900,29700,142300,717300,3599300,18090900
round_k,0,1,7,29,148,711,3586,17996,90454
round_shots,200,100,100,100,100,100,100,100,100,100
round_queries,200,300,1100,4700,22300,106300,524500,2618700,13208900,67049300
round_k,0,1,5,23,111,531,2622,13093,66044,335246
round_shots,200,100,100,100,100,100,100,100,100,100
round_queries,200,300,1100,4500,21300,102300,504500,2539900,12707100,64396500
round_k,0,1,5,22,106,511,2522,12699,63535,321982
round_shots,100,100,100,100,100,100,100,100,100,100
round_queries,100,300,1100,3700,17500,86700,429900,2145300,10772100,54550700
round_k,0,1,5,18,87,433,2149,10726,53860,272753
round_shots,100,100,100,100,100,100,100,100,100
round_queries,100,300,1100,5100,25300,120900,602500,3647500,18486900
round_k,0,1,5,25,126,604,3012,18237,92434
round_shots,100,100,100,100,100,100,100,100,100,100
round_queries,100,300,1100,5500,25500,122300,605500,3061100,15444300,78383700
round_k,0,1,5,27,127,611,3027,15305,77221,391918
round_shots,100,100,100,100,100,100,100,100,100,100
round_queries,100,300,1100,5100,23700,115300,570500,2846500,14417900,73118100
round_k,0,1,5,25,118,576,2852,14232,72089,365590
round_shots,100,100,100,100,100,100,100,100,100,100
round_queries,100,300,1100,3700,15300,71500,360100,1802700,9057500,45955100
round_k,0,1,5,18,76,357,1800,9013,45287,229775
round_shots,100,100,100,100,100,100,100,100,100
round_queries,100,300,1500,7100,31700,155500,929500,4686700,23712500
round_k,0,1,7,35,158,777,4647,23433,118562
round_shots,200,100,100,100,100,100,100,100,100,100
round_queries,200,300,1100,3700,17300,81500,407500,2042900,10326100,52284100
round_k,0,1,5,18,86,407,2037,10214,51630,261420
round_shots,100,100,100,100,100,100,100,100,100,100
round_queries,100,300,1100,5100,24500,115500,574300,2884300,14611300,73894900
round_k,0,1,5,25,122,577,2871,14421,73056,369474
round_shots,200,100,100,100,100,100,100,100,100,100
round_queries,200,300,700,2300,10900,52100,261500,1317300,6626900,33597500
round_k,0,1,3,11,54,260,1307,6586,33134,167987
round_shots,100,100,100,100,100,100,100,100,100,100
round_queries,100,300,1100,4900,24100,118900,594500,2964300,14993500,75911300
round_k,0,1,5,24,120,594,2972,14821,74967,379556
round_shots,100,100,100,100,100,100,100,100,100,100
round_queries,100,300,1100,5100,23300,112900,561700,2799100,14099100,71576300
round_k,0,1,5,25,116,564,2808,13995,70495,357881
round_shots,200,100,100,100,100,100,100,100,100,100
round_queries,200,300,1100,5100,24300,121700,606100,3056700,15451500,78102300
round_k,0,1,5,25,121,608,3030,15283,77257,390511
round_shots,100,100,100,100,100,100,100,100,100,100
round_queries,100,300,1500,4900,21700,103300,509300,2583700,12982300,65734700
round_k,0,1,7,24,108,516,2546,12918,64911,328673
round_shots,100,100,100,100,100,100,100,100,100,100
round_queries,100,300,1100,4500,21900,102300,503300,2547700,12905700,65176100
round_k,0,1,5,22,109,511,2516,12738,64528,325880
round_shots,200,100,100,100,100,100,100,100,100
round_queries,200,300,1500,6300,28900,139100,700700,3512100,17662700
round_k,0,1,7,31,144,695,3503,17560,88313
round_shots,200,100,100,100,100,100,100,100,100,100
round_queries,200,300,1100,3700,15700,72100,351300,1753300,8869900,44920900
round_k,0,1,5,18,78,360,1756,8766,44349,224604
round_shots,200,100,100,100,100,100,100,100,100,100
round_queries,200,300,700,2300,10900,52900,256900,1288900,6502300,32940100
round_k,0,1,3,11,54,264,1284,6444,32511,164700
round_shots,200,100,100,100,100,100,100,100,100,100
round_queries,200,300,700,3300,15500,74900,366700,1833100,9222900,46787500
round_k,0,1,3,16,77,374,1833,9165,46114,233937
round_shots,100,100,100,100,100,100,100,100,100,100
round_queries,100,300,700,1900,8900,43500,216100,1070500,5329100,26881300
round_k,0,1,3,9,44,217,1080,5352,26645,134406
round_shots,100,100,100,100,100,100,100,100,100,100
round_queries,100,300,1100,3700,16500,81900,409500,2066300,10418700,52815700
round_k,0,1,5,18,82,409,2047,10331,52093,264078
round_shots,100,100,100,100,100,100,100,100,100
round_queries,100,300,1100,5100,25500,125100,616100,3089500,15594700
round_k,0,1,5,25,127,625,3080,15447,77973
round_shots,100,100,100,100,100,100,100,100,100,100
round_queries,100,300,700,3300,14700,71300,356900,1796700,9099500,45782100
round_k,0,1,3,16,73,356,1784,8983,45497,228910
round_shots,100,100,100,100,100,100,100,100,100,100
round_queries,100,300,1100,3900,17100,80500,406700,2044100,10290100,52057900
round_k,0,1,5,19,85,402,2033,10220,51450,260289
round_shots,200,100,100,100,100,100,100,100,100,100
round_queries,200,300,1100,4500,19900,96500,488300,2426300,12309900,62339900
round_k,0,1,5,22,99,482,2441,12131,61549,311699
round_shots,200,100,100,100,100,100,100,100,100,100
round_queries,200,300,1100,4700,21300,101900,509300,2570300,12976300,65886300
round_k,0,1,5,23,106,509,2546,12851,64881,329431
round_shots,100,100,100,100,100,100,100,100,100,100
round_queries,100,300,1100,4500,21100,105500,525900,2644100,13362500,67870500
round_k,0,1,5,22,105,527,2629,13220,66812,339352
round_shots,200,100,100,100,100,100,100,100,100,100
round_queries,200,300,1100,4100,18100,85500,426900,2132900,10707700,54226100
round_k,0,1,5,20,90,427,2134,10664,53538,271130
round_shots,200,100,100,100,100,100,100,100,100,100
round_queries,200,300,700,2700,12900,64900,320900,1607100,8110700,40995900
round_k,0,1,3,13,64,324,1604,8035,40553,204979
round_shots,100,100,100,100,100,100,100,100,100
round_queries,100,500,1500,6900,33300,160500,778700,3937700,19811700
round_k,0,2,7,34,166,802,3893,19688,99058
round_shots,200,100,100,100,100,100,100,100,100,100
round_queries,200,300,700,1900,8900,41500,204100,1023700,5117500,25977500
round_k,0,1,3,9,44,207,1020,5118,25587,129887
round_shots,200,100,100,100,100,100,100,100,100,100
round_queries,200,300,1100,4900,21700,105900,522100,2630300,13302900,67350100
round_k,0,1,5,24,108,529,2610,13151,66514,336750
round_shots,200,100,100,100,100,100,100,100,100,100
round_queries,200,300,1100,5300,23900,111900,553900,2790900,14117500,71461300
round_k,0,1,5,26,119,559,2769,13954,70587,357306
round_shots,200,100,100,100,100,100,100,100,100,100
round_queries,200,300,1100,4500,19300,91100,446700,2237100,11283700,57097100
round_k,0,1,5,22,96,455,2233,11185,56418,285485
round_shots,100,100,100,100,100,100,100,100,100,100
round_queries,100,300,1100,3700,16700,76900,388900,1882900,9557900,48051900
round_k,0,1,5,18,83,384,1944,9414,47789,240259
round_shots,100,100,100,100,100,100,100,100,100,100
round_queries,100,300,1100,4500,22100,106300,532700,2674100,13520700,68631300
round_k,0,1,5,22,110,531,2663,13370,67603,343156
round_shots,100,100,100,100,100,100,100,100,100,100
round_queries,100,300,1100,4500,22100,108100,540700,2703900,13699900,68931500
round_k,0,1,5,22,110,540,2703,13519,68499,344657
round_shots,100,100,100,100,100,100,100,100,100,100
round_queries,100,300,1100,4500,20100,93900,459300,2306100,11633700,58973700
round_k,0,1,5,22,100,469,2296,11530,58168,294868
round_shots,300,100,100,100,100,100,100,100,100
round_queries,300,500,1900,7500,35300,167100,834900,4134900,20893300
round_k,0,2,9,37,176,835,4174,20674,104466
round_shots,200,100,100,100,100,100,100,100,100,100
round_queries,200,300,1100,4100,19300,92900,464500,2334700,11822900,59736900
round_k,0,1,5,20,96,464,2322,11673,59114,298684
round_shots,100,100,100,100,100,100,100,100,100,100
round_queries,100,300,1100,4900,22500,109700,552900,2774900,14071300,71492300
round_k,0,1,5,24,112,548,2764,13874,70356,357461
round_shots,200,100,100,100,100,100,100,100,100,100
round_queries,200,300,1100,3700,16300,80100,386300,1934100,9729100,49094900
round_k,0,1,5,18,81,400,1931,9670,48645,245474
round_shots,100,100,100,100,100,100,100,100,100,100
round_queries,100,300,700,2300,10900,51100,251100,1261100,6334900,32115300
round_k,0,1,3,11,54,255,1255,6305,31674,160576
round_shots,100,100,100,100,100,100,100,100,100
round_queries,100,300,1500,6100,28900,137700,682700,3419100,17215500
round_k,0,1,7,30,144,688,3413,17095,86077
round_shots,100,100,100,100,100,100,100,100,100,100
round_queries,100,300,1100,4900,22500,112100,558100,2812300,14208300,71849700
round_k,0,1,5,24,112,560,2790,14061,71041,359248
round_shots,100,100,100,100,100,100,100,100,100,100
round_queries,100,300,1100,3700,16300,77700,385300,1935300,9735100,49171700
round_k,0,1,5,18,81,388,1926,9676,48675,245858
round_shots,100,100,100,100,100,100,100,100,100,100
round_queries,100,300,1100,4900,22300,106300,528500,2662500,13494500,68300300
round_k,0,1,5,24,111,531,2642,13312,67472,341501
round_shots,100,100,100,100,100,100,100,100,100,100
round_queries,100,300,1100,4500,20100,93700,456900,2308100,11663100,59072300
round_k,0,1,5,22,100,468,2284,11540,58315,295361
round_shots,100,100,100,100,100,100,100,100,100,100
round_queries,100,300,700,2500,11100,50900,250300,1186500,5941300,30014700
round_k,0,1,3,12,55,254,1251,5932,29706,150073
round_shots,100,100,100,100,100,100,100,100,100,100
round_queries,100,300,1100,4700,21300,101100,495100,2509100,12717700,64413300
round_k,0,1,5,23,106,505,2475,12545,63588,322066
round_shots,100,100,100,100,100,100,100,100,100,100
round_queries,100,300,1100,4500,19900,95900,477900,2416500,12071700,60672700
round_k,0,1,5,22,99,479,2389,12082,60358,303363
round_shots,100,100,100,100,100,100,100,100,100,100
round_queries,100,300,700,2300,9300,42300,198700,963300,4854300,24591700
round_k,0,1,3,11,46,211,993,4816,24271,122958
round_shots,300,100,100,100,100,100,100,100,100,100
round_queries,300,300,1100,4100,18700,88900,440500,2192900,11094500,56129900
round_k,0,1,5,20,93,444,2202,10964,55472,280649
round_shots,200,100,100,100,100,100,100,100,100,100
round_queries,200,300,1100,4900,22300,106100,534900,2675300,13407700,67682100
round_k,0,1,5,24,111,530,2674,13376,67038,338410
round_shots,200,100,100,100,100,100,100,100,100
round_queries,200,700,2900,11700,55100,266900,1325100,6685500,33815500
round_k,0,3,14,58,275,1334,6625,33427,169077
round_shots,200,100,100,100,100,100,100,100,100,100
round_queries,200,300,1100,4500,20900,102500,512900,2586900,13098500,66209500
round_k,0,1,5,22,104,512,2564,12934,65492,331047
round_shots,200,100,100,100,100,100,100,100,100,100
round_queries,200,300,1100,4100,18100,88100,435700,2190300,11071500,56115900
round_k,0,1,5,20,90,440,2178,10951,55357,280579
round_shots,100,100,100,100,100,100,100,100,100,100
round_queries,100,300,1100,4100,20100,93500,462500,2312500,11605900,58875100
round_k,0,1,5,20,100,467,2312,11562,58029,294375
round_shots,100,100,100,100,100,100,100,100,100,100
round_queries,100,300,1100,4100,17900,86900,434300,2189900,11010500,55693900
round_k,0,1,5,20,89,434,2171,10949,55052,278469
round_shots,100,100,100,100,100,100,100,100,100,100
round_queries,100,300,1100,4500,21100,103900,507900,2554700,12881500,65180500
round_k,0,1,5,22,105,519,2539,12773,64407,325902
round_shots,200,100,100,100,100,100,100,100,100,100
round_queries,200,300,1100,4100,19100,94100,468100,2349700,11849300,59754500
round_k,0,1,5,20,95,470,2340,11748,59246,298772
round_shots,100,100,100,100,100,100,100,100,100,100
round_queries,100,300,1100,5500,24700,120300,598300,3021500,15282100,76969900
round_k,0,1,5,27,123,601,2991,15107,76410,384849
round_shots,100,100,100,100,100,100,100,100,100,100
round_queries,100,300,700,2300,9900,46900,235300,1179700,5979700,30263700
round_k,0,1,3,11,49,234,1176,5898,29898,151318
round_shots,200,100,100,100,100,100,100,100,100,100
round_queries,200,300,1100,5500,24700,122500,594500,2975100,15079100,75983300
round_k,0,1,5,27,123,612,2972,14875,75395,379916
round_shots,100,100,100,100,100,100,100,100,100,100
round_queries,100,300,1100,3100,14500,68900,344900,1729300,8733100,44298300
round_k,0,1,5,15,72,344,1724,8646,43665,221491
round_shots,100,100,100,100,100,100,100,100,100,100
round_queries,100,300,1100,4500,22100,105900,519100,2609100,13151100,66617900
round_k,0,1,5,22,110,529,2595,13045,65755,333089
round_shots,200,100,100,100,100,100,100,100,100,100
round_queries,200,300,1100,4900,23700,114900,567100,2858700,14428100,73244700
round_k,0,1,5,24,118,574,2835,14293,72140,366223
round_shots,100,100,100,100,100,100,100,100,100,100
round_queries,100,300,1100,4500,20900,101700,502100,2505700,12662300,64258300
round_k,0,1,5,22,104,508,2510,12528,63311,321291
round_shots,200,100,100,100,100,100,100,100,100
round_queries,200,300,1500,6300,28900,143300,716100,3592700,18166500
round_k,0,1,7,31,144,716,3580,17963,90832
round_shots,200,100,100,100,100,100,100,100,100,100
round_queries,200,300,700,1900,7900,37300,177100,878500,4407300,22311100
round_k,0,1,3,9,39,186,885,4392,22036,111555
round_shots,200,100,100,100,100,100,100,100,100,100
round_queries,200,300,700,2300,8900,43100,208100,1050700,5294500,26580900
round_k,0,1,3,11,44,215,1040,5253,26472,132904
round_shots,200,100,100,100,100,100,100,100,100,100
round_queries,200,300,1100,4900,23100,114100,574300,2906900,14680900,73712100
round_k,0,1,5,24,115,570,2871,14534,73404,368560
round_shots,200,100,100,100,100,100,100,100,100
round_queries,200,300,1100,5500,27300,134700,666100,3313700,16764500
round_k,0,1,5,27,136,673,3330,16568,83822
round_shots,100,100,100,100,100,100,100,100,100,100
round_queries,100,300,1100,4700,22100,106500,527700,2645300,13347300,67563300
round_k,0,1,5,23,110,532,2638,13226,66736,337816
round_shots,200,200,100,100,100,100,100,100,100,100
round_queries,200,600,1100,4500,21100,99900,496300,2508500,12533900,63241700
round_k,0,1,5,22,105,499,2481,12542,62669,316208
round_shots,100,100,100,100,100,100,100,100,100,100
round_queries,100,300,700,2900,13700,65700,313100,1530300,7659900,38851700
round_k,0,1,3,14,68,328,1565,7651,38299,194258
round_shots,200,100,100,100,100,100,100,100,100,100
round_queries,200,300,700,2300,9100,43500,210700,1054500,5323700,26964100
round_k,0,1,3,11,45,217,1053,5272,26618,134820
round_shots,200,100,100,100,100,100,100,100,100,100
round_queries,200,300,1100,4100,17900,84500,422500,2131700,10732100,54423300
round_k,0,1,5,20,89,422,2112,10658,53660,272116
round_shots,200,100,100,100,100,100,100,100,100,100
round_queries,200,300,1100,4500,19500,91700,454700,2275500,11494100,58309100
round_k,0,1,5,22,97,458,2273,11377,57470,291545
round_shots,100,100,100,100,100,100,100,100,100,100
round_queries,100,300,1100,4500,22500,110500,550100,2765300,14010700,71042100
round_k,0,1,5,22,112,552,2750,13826,70053,355210
round_shots,100,100,100,100,100,100,100,100,100,100
round_queries,100,300,1100,4900,22300,110900,548700,2772700,14009300,70964300
round_k,0,1,5,24,111,554,2743,13863,70046,354821
round_shots,200,100,100,100,100,100,100,100,100,100
round_queries,200,300,1100,3500,14500,67700,335300,1674500,8443100,42819300
round_k,0,1,5,17,72,338,1676,8372,42215,214096
round_shots,200,100,100,100,100,100,100,100,100,100
round_queries,200,300,1100,3700,16900,79900,384300,1806300,8913300,45073500
round_k,0,1,5,18,84,399,1921,9031,44566,225367
round_shots,100,100,100,100,100,100,100,100,100,100
round_queries,100,300,1100,4900,22300,109300,530300,2646100,13406900,67976500
round_k,0,1,5,24,111,546,2651,13230,67034,339882
round_shots,200,100,100,100,100,100,100,100,100
round_queries,200,500,2300,9700,46100,219900,1074900,5211700,25243700
round_k,0,2,11,48,230,1099,5374,26058,126218
round_shots,200,100,100,100,100,100,100,100,100,100
round_queries,200,300,1100,4900,23700,120100,605100,3025500,15261500,77186900
round_k,0,1,5,24,118,600,3025,15127,76307,385934
round_shots,100,100,100,100,100,100,100,100,100,100
round_queries,100,300,1100,4500,21700,101100,507900,2541700,12860100,65044500
round_k,0,1,5,22,108,505,2539,12708,64300,325222
round_shots,300,100,100,100,100,100,100,100,100
round_queries,300,500,2300,10900,54500,263300,1325100,6677300,33585700
round_k,0,2,11,54,272,1316,6625,33386,167928
round_shots,200,100,100,100,100,100,100,100,100,100
round_queries,200,300,700,2700,13100,64700,319500,1596100,8057300,40728700
round_k,0,1,3,13,65,323,1597,7980,40286,203643
round_shots,100,100,100,100,100,100,100,100,100,100
round_queries,100,300,700,2700,11900,58900,288100,1451500,7288100,36963500
round_k,0,1,3,13,59,294,1440,7257,36440,184817
round_shots,200,100,100,100,100,100,100,100,100,100
round_queries,200,300,1100,4500,20500,101700,511100,2510700,12491700,63135900
round_k,0,1,5,22,102,508,2555,12553,62458,315679
round_shots,200,100,100,100,100,100,100,100,100,100
round_queries,200,300,1100,5100,25500,122100,607700,3041100,15415900,78184900
round_k,0,1,5,25,127,610,3038,15205,77079,390924
round_shots,200,100,100,100,100,100,100,100,100,100
round_queries,200,300,1100,5300,24300,121500,602900,3023300,15171900,76876100
round_k,0,1,5,26,121,607,3014,15116,75859,384380
round_shots,100,100,100,100,100,100,100,100,100,100
round_queries,100,300,1100,4100,18900,88700,437700,2183500,10963500,55356700
round_k,0,1,5,20,94,443,2188,10917,54817,276783
round_shots,200,100,100,100,100,100,100,100,100,100
round_queries,200,300,700,2300,10500,47900,237700,1191500,6023100,30560100
round_k,0,1,3,11,52,239,1188,5957,30115,152800
round_shots,200,100,100,100,100,100,100,100,100,100
round_queries,200,300,1100,5100,25100,119500,599100,3023500,15289100,77562900
round_k,0,1,5,25,125,597,2995,15117,76445,387814
round_shots,100,100,100,100,100,100,100,100,100,100
round_queries,100,300,700,2500,11700,58900,286100,1420300,7131900,36039300
round_k,0,1,3,12,58,294,1430,7101,35659,180196
round_shots,200,100,100,100,100,100,100,100,100
round_queries,200,500,2300,10500,52500,260500,1297900,6539100,33100100
round_k,0,2,11,52,262,1302,6489,32695,165500
round_shots,100,100,100,100,100,100,100,100,100,100
round_queries,100,300,700,3300,13700,62900,313100,1584900,8018700,40558300
round_k,0,1,3,16,68,314,1565,7924,40093,202791
round_shots,100,100,100,100,100,100,100,100,100,100
round_queries,100,300,1100,3100,14700,69700,339300,1674900,8476100,43038500
round_k,0,1,5,15,73,348,1696,8374,42380,215192
round_shots,200,100,100,100,100,100,100,100,100,100
round_queries,200,300,1100,3100,15100,71500,354300,1778300,8995300,45246700
round_k,0,1,5,15,75,357,1771,8891,44976,226233
round_shots,200,100,100,100,100,100,100,100,100,100
round_queries,200,300,1100,3700,16700,76900,383700,1934500,9764900,49402900
round_k,0,1,5,18,83,384,1918,9672,48824,247014
round_shots,200,100,100,100,100,100,100,100,100,100
round_queries,200,300,1100,4500,20500,100100,509100,2573100,12975500,65588500
round_k,0,1,5,22,102,500,2545,12865,64877,327942
round_shots,200,100,100,100,100,100,100,100,100,100
round_queries,200,300,1100,3500,15700,74500,367900,1842500,9343700,49679500
round_k,0,1,5,17,78,372,1839,9212,46718,248397
round_shots,100,100,100,100,100,100,100,100,100
round_queries,100,300,1500,5900,27500,133100,662700,3337300,16919700
round_k,0,1,7,29,137,665,3313,16686,84598
round_shots,200,100,100,100,100,100,100,100,100,100
round_queries,200,300,1100,4500,21300,102500,508900,2537100,12868300,65242700
round_k,0,1,5,22,106,512,2544,12685,64341,326213
round_shots,100,100,100,100,100,100,100,100,100
round_queries,100,300,1500,6300,29700,144700,720500,3627500,18373700
round_k,0,1,7,31,148,723,3602,18137,91868
round_shots,100,100,100,100,100,100,100,100,100,100
round_queries,100,300,700,2300,9700,48500,239100,1195500,6025500,30464300
round_k,0,1,3,11,48,242,1195,5977,30127,152321
round_shots,100,100,100,100,100,100,100,100,100,100
round_queries,100,300,1100,4900,22500,106300,532700,2695700,13630500,68495700
round_k,0,1,5,24,112,531,2663,13478,68152,342478
round_shots,300,100,100,100,100,100,100,100,100,100
round_queries,300,300,1100,4900,21900,105500,526500,2633100,13275100,66909500
round_k,0,1,5,24,109,527,2632,13165,66375,334547
round_shots,200,100,100,100,100,100,100,100,100,100
round_queries,200,300,900,3100,12100,59300,288300,1420300,7108700,35915300
round_k,0,1,4,15,60,296,1441,7101,35543,179576
round_shots,100,100,100,100,100,100,100,100,100,100
round_queries,100,300,900,4500,21700,106500,523100,2604700,13031700,64910700
round_k,0,1,4,22,108,532,2615,13023,65158,324553
round_shots,200,100,100,100,100,100,100,100,100
round_queries,200,500,1900,8900,43300,210100,1049700,5317300,26883500
round_k,0,2,9,44,216,1050,5248,26586,134417
round_shots,100,100,100,100,100,100,100,100,100,100
round_queries,100,300,1100,4500,21100,97900,488700,2464700,14982300,75157500
round_k,0,1,5,22,105,489,2443,12323,74911,375787
round_shots,100,100,100,100,100,100,100,100,100,100
round_queries,100,300,1100,4500,20900,101700,503700,2520300,12749900,64571700
round_k,0,1,5,22,104,508,2518,12601,63749,322858
round_shots,300,100,100,100,100,100,100,100,100
round_queries,300,500,1500,6900,32100,161700,807700,4082500,20620300
round_k,0,2,7,34,160,808,4038,20412,103101
round_shots,100,100,100,100,100,100,100,100,100,100
round_queries,100,300,1100,3100,13500,62500,309300,1559500,7816300,39636900
round_k,0,1,5,15,67,312,1546,7797,39081,198184
round_shots,100,100,100,100,100,100,100,100,100
round_queries,100,300,1300,6900,32500,156500,786300,3982500,20151500
round_k,0,1,6,34,162,782,3931,19912,100757
round_shots,200,100,100,100,100,100,100,100,100,100
round_queries,200,300,1100,4500,20100,99700,488500,2451700,12333900,62556700
round_k,0,1,5,22,100,498,2442,12258,61669,312783
round_shots,100,100,100,100,100,100,100,100,100,100
round_queries,100,300,1100,3500,17500,86100,426300,2153700,10826500,54903500
round_k,0,1,5,17,87,430,2131,10768,54132,274517
round_shots,200,100,100,100,100,100,100,100,100
round_queries,200,500,1500,7300,34900,168100,835300,4187100,21042900
round_k,0,2,7,36,174,840,4176,20935,105214
round_shots,100,100,100,100,100,100,100,100,100,100
round_queries,100,300,1100,4500,19700,97500,487900,2438700,12319900,62258100
round_k,0,1,5,22,98,487,2439,12193,61599,311290
round_shots,200,100,100,100,100,100,100,100,100,100
round_queries,200,300,1100,3500,16100,78700,386100,1952500,9783100,49050700
round_k,0,1,5,17,80,393,1930,9762,48915,245253
round_shots,200,100,100,100,100,100,100,100,100,100
round_queries,200,300,1100,4300,20500,93100,460700,2326900,11764300,59740700
round_k,0,1,5,21,102,465,2303,11634,58821,298703
round_shots,100,100,100,100,100,100,100,100,100,100
round_queries,100,300,1100,4500,21500,103900,518300,2592900,13025500,65737500
round_k,0,1,5,22,107,519,2591,12964,65127,328687
round_shots,200,100,100,100,100,100,100,100,100,100
round_queries,200,300,700,1900,7700,38700,185300,918500,4629700,23458700
round_k,0,1,3,9,38,193,926,4592,23148,117293
round_shots,300,100,100,100,100,100,100,100,100
round_queries,300,500,1500,6900,32500,159500,790900,3984700,20237700
round_k,0,2,7,34,162,797,3954,19923,101188
round_shots,200,100,100,100,100,100,100,100,100
round_queries,200,300,1100,5300,26300,126100,624900,3153900,15814300
round_k,0,1,5,26,131,630,3124,15769,79071
round_shots,100,100,100,100,100,100,100,100,100,100
round_queries,100,300,1100,4100,18500,91700,461100,2291500,11602500,58797900
round_k,0,1,5,20,92,458,2305,11457,58012,293989
round_shots,200,100,100,100,100,100,100,100,100,100
round_queries,200,300,1100,4500,21700,104100,496900,2479700,12529900,62907900
round_k,0,1,5,22,108,520,2484,12398,62649,314539
round_shots,100,100,100,100,100,100,100,100,100,100
round_queries,100,300,700,2300,10500,47900,239300,1198700,6017900,30291500
round_k,0,1,3,11,52,239,1196,5993,30089,151457
round_shots,100,100,100,100,100,100,100,100,100,100
round_queries,100,300,1100,3500,14300,71100,353900,1788500,9033700,45774500
round_k,0,1,5,17,71,355,1769,8942,45168,228872
round_shots,200,100,100,100,100,100,100,100,100,100
round_queries,200,300,1100,4500,20300,97900,469700,2339300,11856500,60208500
round_k,0,1,5,22,101,489,2348,11696,59282,301042
round_shots,100,100,100,100,100,100,100,100,100,100
round_queries,100,300,700,2300,9900,47900,229500,1147500,5786700,29212700
round_k,0,1,3,11,49,239,1147,5737,28933,146063
round_shots,300,100,100,100,100,100,100,100,100,100
round_queries,300,300,1100,4100,20100,99700,496100,2485300,12548900,63670500
round_k,0,1,5,20,100,498,2480,12426,62744,318352
round_shots,200,100,100,100,100,100,100,100,100,100
round_queries,200,300,1100,4900,21500,105100,524100,2650300,13377100,67793100
round_k,0,1,5,24,107,525,2620,13251,66885,338965
round_shots,200,100,100,100,100,100,100,100,100,100
round_queries,200,300,700,2300,10100,48500,239700,1182500,5867300,29498300
round_k,0,1,3,11,50,242,1198,5912,29336,147491
round_shots,200,100,100,100,100,100,100,100,100,100
round_queries,200,300,700,3100,13900,64100,309100,1537900,7764900,39063700
round_k,0,1,3,15,69,320,1545,7689,38824,195318
round_shots,100,100,100,100,100,100,100,100,100
round_queries,100,300,1100,5300,25100,122100,613100,3066700,15495900
round_k,0,1,5,26,125,610,3065,15333,77479
round_shots,100,100,100,100,100,100,100,100,100,100
round_queries,100,300,1100,5500,24500,116300,526700,2528700,12658300,63994300
round_k,0,1,5,27,122,581,2633,12643,63291,319971
round_shots,100,100,100,100,100,100,100,100,100,100
round_queries,100,300,1100,4100,19100,95300,475100,2396900,12135100,61554900
round_k,0,1,5,20,95,476,2375,11984,60675,307774
round_shots,200,100,100,100,100,100,100,100,100,100
round_queries,200,300,700,1900,8100,38700,190300,950500,4802300,24254300
round_k,0,1,3,9,40,193,951,4752,24011,121271
round_shots,200,100,100,100,100,100,100,100,100,100
round_queries,200,300,1100,4700,21500,106700,527300,2646100,13432900,68131500
round_k,0,1,5,23,107,533,2636,13230,67164,340657
round_shots,200,100,100,100,100,100,100,100,100,100
round_queries,200,300,1100,4900,22100,104300,525300,2640300,13368500,67307900
round_k,0,1,5,24,110,521,2626,13201,66842,336539
round_shots,100,100,100,100,100,100,100,100,100
round_queries,100,300,1100,5500,25900,124300,611900,3076900,15542900
round_k,0,1,5,27,129,621,3059,15384,77714
round_shots,100,100,100,100,100,100,100,100,100,100
round_queries,100,300,1500,5300,24100,119900,599300,3018700,15286100,77440500
round_k,0,1,7,26,120,599,2996,15093,76430,387202
round_shots,100,100,100,100,100,100,100,100,100,100
round_queries,100,300,1100,4100,18300,87500,438500,2178700,11028900,55662900
round_k,0,1,5,20,91,437,2192,10893,55144,278314
round_shots,100,100,100,100,100,100,100,100,100,100
round_queries,100,300,1100,3500,14700,69900,348500,1743300,8681700,43887100
round_k,0,1,5,17,73,349,1742,8716,43408,219435
round_shots,100,100,100,100,100,100,100,100,100,100
round_queries,100,300,1100,4900,21700,103100,514100,2597500,13008300,65401900
round_k,0,1,5,24,108,515,2570,12987,65041,327009
round_shots,100,100,100,100,100,100,100,100,100
round_queries,100,300,1500,6500,29300,140500,700100,3541500,17886700
round_k,0,1,7,32,146,702,3500,17707,89433
round_shots,100,100,100,100,100,100,100,100,100,100
round_queries,100,300,700,2900,11900,56700,278700,1395300,7059900,35765500
round_k,0,1,3,14,59,283,1393,6976,35299,178827
round_shots,100,100,100,100,100,100,100,100,100
round_queries,100,300,1500,5900,28700,138300,692900,3461700,17572100
round_k,0,1,7,29,143,691,3464,17308,87860
round_shots,200,100,100,100,100,100,100,100,100,100
round_queries,200,300,700,2300,9300,45700,221100,1116300,5655500,28661500
round_k,0,1,3,11,46,228,1105,5581,28277,143307
round_shots,200,100,100,100,100,100,100,100,100,100
round_queries,200,300,700,3300,15500,73100,360100,1802300,8964500,45326500
round_k,0,1,3,16,77,365,1800,9011,44822,226632
round_shots,100,100,100,100,100,100,100,100,100,100
round_queries,100,300,1100,4100,17700,85900,426300,2123500,10741100,54148900
round_k,0,1,5,20,88,429,2131,10617,53705,270744
round_shots,200,100,100,100,100,100,100,100,100,100
round_queries,200,300,1100,3700,17500,87700,439900,2178100,11017300,55759300
round_k,0,1,5,18,87,438,2199,10890,55086,278796
round_shots,100,100,100,100,100,100,100,100,100,100
round_queries,100,300,1100,3700,16500,82500,393100,1966100,9860100,49726300
round_k,0,1,5,18,82,412,1965,9830,49300,248631
round_shots,100,100,100,100,100,100,100,100,100,100
round_queries,100,300,1100,3100,12100,58300,288100,1443700,7297300,36752700
round_k,0,1,5,15,60,291,1440,7218,36486,183763
round_shots,100,100,100,100,100,100,100,100,100,100
round_queries,100,300,1100,4700,23500,112100,551700,2775700,13939700,70554100
round_k,0,1,5,23,117,560,2758,13878,69698,352770
round_shots,100,100,100,100,100,100,100,100,100,100
round_queries,100,300,1100,3700,17100,85100,429500,2153500,10765100,54556700
round_k,0,1,5,18,85,425,2147,10767,53825,272783
round_shots,100,100,100,100,100,100,100,100,100,100
round_queries,100,300,700,2900,13300,66700,334300,1675100,8451100,42783300
round_k,0,1,3,14,66,333,1671,8375,42255,213916
round_shots,200,100,100,100,100,100,100,100,100,100
round_queries,200,300,1100,4100,17100,82700,409900,2071100,10478700,53078700
round_k,0,1,5,20,85,413,2049,10355,52393,265393
round_shots,100,100,100,100,100,100,100,100,100,100
round_queries,100,300,1100,4500,20500,100900,504100,2524500,12732300,64425100
round_k,0,1,5,22,102,504,2520,12622,63661,322125
round_shots,100,100,100,100,100,100,100,100,100,100
round_queries,100,300,1100,4100,18700,88300,431300,2178900,11003900,55624300
round_k,0,1,5,20,93,441,2156,10894,55019,278121
round_shots,200,100,100,100,100,100,100,100,100,100
round_queries,200,300,700,1900,7500,36100,177300,888700,4441700,22433700
round_k,0,1,3,9,37,180,886,4443,22208,112168
round_shots,100,100,100,100,100,100,100,100,100,100
round_queries,100,300,1100,4500,19700,93900,468500,2350100,11878500,60354700
round_k,0,1,5,22,98,469,2342,11750,59392,301773
round_shots,100,100,100,100,100,100,100,100,100,100
round_queries,100,300,1100,4500,21300,100300,500900,2515500,12654700,64175500
round_k,0,1,5,22,106,501,2504,12577,63273,320877
round_shots,100,100,100,100,100,100,100,100,100,100
round_queries,100,300,1100,4500,19500,94700,471700,2357500,11871100,59926700
round_k,0,1,5,22,97,473,2358,11787,59355,299633
round_shots,200,100,100,100,100,100,100,100,100,100
round_queries,200,300,700,2700,11700,55300,272700,1366700,6929500,34970300
round_k,0,1,3,13,58,276,1363,6833,34647,174851
round_shots,100,100,100,100,100,100,100,100,100,100
round_queries,100,300,1100,4900,22300,106100,521300,2604900,13160700,66749700
round_k,0,1,5,24,111,530,2606,13024,65803,333748
round_shots,200,100,100,100,100,100,100,100,100,100
round_queries,200,300,1100,3700,17500,85300,420300,2116100,10679500,54080900
round_k,0,1,5,18,87,426,2101,10580,53397,270404
round_shots,100,100,100,100,100,100,100,100,100,100
round_queries,100,300,1100,4100,18100,87500,437500,2192500,10967500,55605500
round_k,0,1,5,20,90,437,2187,10962,54837,278027
round_shots,200,100,100,100,100,100,100,100,100,100
round_queries,200,300,700,2300,10100,46300,228300,1147300,5771300,29124300
round_k,0,1,3,11,50,231,1141,5736,28856,145621
round_shots,100,100,100,100,100,100,100,100,100,100
round_queries,100,300,700,2700,13100,61500,294900,1400100,7022900,35595300
round_k,0,1,3,13,65,307,1474,7000,35114,177976
round_shots,200,100,100,100,100,100,100,100,100,100
round_queries,200,300,900,4500,19900,99700,505300,2531300,12745500,64291900
round_k,0,1,4,22,99,498,2526,12656,63727,321459
round_shots,100,100,100,100,100,100,100,100,100,100
round_queries,100,300,1100,3500,17500,81300,403300,2033500,10278700,52180500
round_k,0,1,5,17,87,406,2016,10167,51393,260902
round_shots,100,100,100,100,100,100,100,100,100
round_queries,100,300,1100,5500,27100,127300,618100,3097700,15567300
round_k,0,1,5,27,135,636,3090,15488,77836
round_shots,200,100,100,100,100,100,100,100,100,100
round_queries,200,300,1100,4100,18700,90900,448900,2265900,11471900,58224900
round_k,0,1,5,20,93,454,2244,11329,57359,291124
round_shots,100,100,100,100,100,100,100,100,100,100
round_queries,100,300,1100,5500,25300,120300,597500,3021100,15202500,76874700
round_k,0,1,5,27,126,601,2987,15105,76012,384373
round_shots,100,100,100,100,100,100,100,100,100,100
round_queries,100,300,1100,5300,24300,115900,579300,2900700,14668500,74373300
round_k,0,1,5,26,121,579,2896,14503,73342,371866
round_shots,100,100,100,100,100,100,100,100,100,100
round_queries,100,300,1100,4700,20700,100300,498700,2508300,12695300,64189300
round_k,0,1,5,23,103,501,2493,12541,63476,320946
round_shots,100,100,100,100,100,100,100,100,100,100
round_queries,100,300,700,1900,8500,39500,190100,958100,4856300,24636100
round_k,0,1,3,9,42,197,950,4790,24281,123180
round_shots,200,100,100,100,100,100,100,100,100,100
round_queries,200,300,700,2700,12300,57100,288700,1448900,7313900,37100700
round_k,0,1,3,13,61,285,1443,7244,36569,185503
round_shots,100,100,100,100,100,100,100,100,100,100
round_queries,100,300,1100,3700,16500,76900,367500,1839500,9333900,47057500
round_k,0,1,5,18,82,384,1837,9197,46669,235287
round_shots,200,100,100,100,100,100,100,100,100,100
round_queries,200,300,1100,4900,23100,109300,537900,2713100,13728500,69658500
round_k,0,1,5,24,115,546,2689,13565,68642,348292
round_shots,200,100,100,100,100,100,100,100,100,100
round_queries,200,300,1100,4500,21500,103100,510300,2555500,12875700,65180100
round_k,0,1,5,22,107,515,2551,12777,64378,325900
round_shots,200,100,100,100,100,100,100,100,100,100
round_queries,200,300,1100,3700,15700,74100,357900,1803900,9130700,46126100
round_k,0,1,5,18,78,370,1789,9019,45653,230630
round_shots,200,100,100,100,100,100,100,100,100
round_queries,200,300,1500,6700,32100,157500,788500,3952300,19879500
round_k,0,1,7,33,160,787,3942,19761,99397
round_shots,200,100,100,100,100,100,100,100,100,100
round_queries,200,300,1100,5100,24500,113700,549900,2785700,14088500,71393100
round_k,0,1,5,25,122,568,2749,13928,70442,356965
round_shots,100,100,100,100,100,100,100,100,100,100
round_queries,100,300,1100,4900,23500,111700,559100,2819700,14233300,72188900
round_k,0,1,5,24,117,558,2795,14098,71166,360944
round_shots,200,100,100,100,100,100,100,100,100,100
round_queries,200,300,1100,4900,23700,114900,571500,2863700,14449700,73259700
round_k,0,1,5,24,118,574,2857,14318,72248,366298
round_shots,100,100,100,100,100,100,100,100,100,100
round_queries,100,300,1100,3100,13300,65100,323300,1613900,8138100,41007700
round_k,0,1,5,15,66,325,1616,8069,40690,205038
round_shots,100,100,100,100,100,100,100,100,100,100
round_queries,100,300,1100,4900,22300,108500,512500,2563500,12780100,64326300
round_k,0,1,5,24,111,542,2562,12817,63900,321631
round_shots,100,100,100,100,100,100,100,100,100,100
round_queries,100,300,1100,3700,17300,86300,436500,2207700,11171700,56316700
round_k,0,1,5,18,86,431,2182,11038,55858,281583
round_shots,200,100,100,100,100,100,100,100,100,100
round_queries,200,300,1100,5100,24700,121500,601100,2990900,15139100,76743900
round_k,0,1,5,25,123,607,3005,14954,75695,383719
round_shots,200,100,100,100,100,100,100,100,100,100
round_queries,200,300,700,2900,12500,58700,292500,1471300,7441700,37634700
round_k,0,1,3,14,62,293,1462,7356,37208,188173
round_shots,100,100,100,100,100,100,100,100,100,100
round_queries,100,300,700,1900,6900,31300,152700,764700,3847500,19478500
round_k,0,1,3,9,34,156,763,3823,19237,97392
round_shots,100,100,100,100,100,100,100,100,100,100
round_queries,100,300,1100,3700,17300,86500,424900,2138900,10818300,54862900
round_k,0,1,5,18,86,432,2124,10694,54091,274314
round_shots,100,100,100,100,100,100,100,100,100
round_queries,100,300,1500,7500,37100,173700,850300,4285500,21683300
round_k,0,1,7,37,185,868,4251,21427,108416
round_shots,100,100,100,100,100,100,100,100,100,100
round_queries,100,300,1100,3700,16100,73300,359900,1798300,9089300,45797900
round_k,0,1,5,18,80,366,1799,8991,45446,228989
round_shots,200,100,100,100,100,100,100,100,100,100
round_queries,200,300,700,2900,12700,58100,288700,1459700,7377700,37437500
round_k,0,1,3,14,63,290,1443,7298,36888,187187
round_shots,200,100,100,100,100,100,100,100,100,100
round_queries,200,300,1100,5100,24300,119100,593100,2968900,14994100,75988500
round_k,0,1,5,25,121,595,2965,14844,74970,379942
round_shots,100,100,100,100,100,100,100,100,100,100
round_queries,100,300,1100,4700,21300,100100,494500,2492700,12586100,63831300
round_k,0,1,5,23,106,500,2472,12463,62930,319156
round_shots,100,100,100,100,100,100,100,100,100,100
round_queries,100,300,700,2500,11300,52700,256700,1289500,6513100,33038300
round_k,0,1,3,12,56,263,1283,6447,32565,165191
round_shots,100,100,100,100,100,100,100,100,100
round_queries,100,500,2300,9700,44100,217300,1093300,5503300,27875300
round_k,0,2,11,48,220,1086,5466,27516,139376
round_shots,100,100,100,100,100,100,100,100,100,100
round_queries,100,300,1100,4900,20900,104300,517300,2600500,13187500,66689300
round_k,0,1,5,24,104,521,2586,13002,65937,333446
round_shots,100,100,100,100,100,100,100,100,100,100
round_queries,100,300,1100,4100,18900,90300,454900,2296300,11578500,58692700
round_k,0,1,5,20,94,451,2274,11481,57892,293463
round_shots,200,100,100,100,100,100,100,100,100,100
round_queries,200,300,1100,4900,23300,115500,580100,2909300,14656500,74238300
round_k,0,1,5,24,116,577,2900,14546,73282,371191
round_shots,100,100,100,100,100,100,100,100,100,100
round_queries,100,300,1100,4900,22500,111900,556300,2806100,14184500,71938100
round_k,0,1,5,24,112,559,2781,14030,70922,359690
round_shots,200,100,100,100,100,100,100,100,100
round_queries,200,500,1500,5900,27500,132100,668300,3354700,16950500
round_k,0,2,7,29,137,660,3341,16773,84752
round_shots,100,100,100,100,100,100,100,100,100,100
round_queries,100,300,1100,4100,18900,92500,453100,2288900,11563700,58555900
round_k,0,1,5,20,94,462,2265,11444,57818,292779
round_shots,200,100,100,100,100,100,100,100,100
round_queries,200,500,2300,9300,45500,223900,1115900,5641300,28599100
round_k,0,2,11,46,227,1119,5579,28206,142995
round_shots,100,100,100,100,100,100,100,100,100,100
round_queries,100,300,1100,4100,19100,89300,442700,2214700,11195700,56505300
round_k,0,1,5,20,95,446,2213,11073,55978,282526
round_shots,100,100,100,100,100,100,100,100,100,100
round_queries,100,300,1100,3500,15700,77100,376300,1885700,9557300,48156500
round_k,0,1,5,17,78,385,1881,9428,47786,240782
round_shots,300,100,100,100,100,100,100,100,100,100
round_queries,300,300,1100,3700,15900,75900,378500,1892100,9534900,48274500
round_k,0,1,5,18,79,379,1892,9460,47674,241372
round_shots,100,100,100,100,100,100,100,100,100,100
round_queries,100,300,1100,4500,19500,92900,463500,2329300,11766700,59767300
round_k,0,1,5,22,97,464,2317,11646,58833,298836
round_shots,100,100,100,100,100,100,100,100,100,100
round_queries,100,300,1100,3700,17300,83100,412300,2061500,10426900,52877700
round_k,0,1,5,18,86,415,2061,10307,52134,264388
round_shots,200,100,100,100,100,100,100,100,100,100
round_queries,200,300,1100,5100,23500,114100,577300,2898500,14555900,73566900
round_k,0,1,5,25,117,570,2886,14492,72779,367834
round_shots,200,100,100,100,100,100,100,100,100
round_queries,200,500,2300,10500,51500,254900,1274500,6453700,32633100
round_k,0,2,11,52,257,1274,6372,32268,163165
round_shots,300,100,100,100,100,100,100,100,100,100
round_queries,300,300,1100,4700,21100,101900,512500,2594300,13061300,66332900
round_k,0,1,5,23,105,509,2562,12971,65306,331664
round_shots,100,100,100,100,100,100,100,100,100,100
round_queries,100,300,1100,4500,20300,97900,481300,2411700,12184500,61811100
round_k,0,1,5,22,101,489,2406,12058,60922,309055
round_shots,100,100,100,100,100,100,100,100,100,100
round_queries,100,300,700,3300,14500,68100,321300,1567700,7861300,39784900
round_k,0,1,3,16,72,340,1606,7838,39306,198924
round_shots,200,100,100,100,100,100,100,100,100
round_queries,200,500,1900,8500,39500,191700,956100,4787100,24202100
round_k,0,2,9,42,197,958,4780,23935,121010
round_shots,200,100,100,100,100,100,100,100,100,100
round_queries,200,300,1100,4500,22300,105100,520900,2581100,13036300,65813500
round_k,0,1,5,22,111,525,2604,12905,65181,329067
round_shots,100,100,100,100,100,100,100,100,100,100
round_queries,100,300,1100,4500,21300,102300,517500,2626100,13326900,67579700
round_k,0,1,5,22,106,511,2587,13130,66634,337898
round_shots,100,100,100,100,100,100,100,100,100,100
round_queries,100,300,1100,4100,17700,88500,437500,2168500,10984100,55661500
round_k,0,1,5,20,88,442,2187,10842,54920,278307
round_shots,100,100,100,100,100,100,100,100,100,100
round_queries,100,300,1100,4300,20100,100500,499900,2528700,12787700,64770300
round_k,0,1,5,21,100,502,2499,12643,63938,323851
round_shots,200,100,100,100,100,100,100,100,100,100
round_queries,200,300,1100,4900,23700,112300,559300,2816500,14275700,72172700
round_k,0,1,5,24,118,561,2796,14082,71378,360863
round_shots,200,100,100,100,100,100,100,100,100,100
round_queries,200,300,700,2700,13100,62500,308500,1541900,7812100,39541300
round_k,0,1,3,13,65,312,1542,7709,39060,197706
round_shots,100,100,100,100,100,100,100,100,100,100
round_queries,100,300,700,2900,12900,61300,306500,1528900,7696900,39031100
round_k,0,1,3,14,64,306,1532,7644,38484,195155
round_shots,100,100,100,100,100,100,100,100,100,100
round_queries,100,300,1100,4300,19900,96500,479900,2411300,12138100,61463900
round_k,0,1,5,21,99,482,2399,12056,60690,307319
round_shots,100,100,100,100,100,100,100,100,100,100
round_queries,100,300,1100,4500,21700,104700,518700,2596100,13148100,66598300
round_k,0,1,5,22,108,523,2593,12980,65740,332991
round_shots,200,100,100,100,100,100,100,100,100,100
round_queries,200,300,1500,4900,23100,115500,569700,2869100,14505900,73427100
round_k,0,1,7,24,115,577,2848,14345,72529,367135
round_shots,200,100,100,100,100,100,100,100,100,100
round_queries,200,300,700,2500,11300,53100,260300,1304900,6621300,33448500
round_k,0,1,3,12,56,265,1301,6524,33106,167242
round_shots,200,100,100,100,100,100,100,100,100,100
round_queries,200,300,700,2300,9300,43300,217100,1087100,5465300,27678100
round_k,0,1,3,11,46,216,1085,5435,27326,138390
round_shots,100,100,100,100,100,100,100,100,100
round_queries,100,300,1500,5900,26500,133500,662500,3343900,16786300
round_k,0,1,7,29,132,667,3312,16719,83931
round_shots,200,100,100,100,100,100,100,100,100,100
round_queries,200,300,1100,3700,17300,82500,407700,2013500,10143700,51408100
round_k,0,1,5,18,86,412,2038,10067,50718,257040
round_shots,200,100,100,100,100,100,100,100,100
round_queries,200,300,1100,5500,25700,123900,615500,3093300,15628900
round_k,0,1,5,27,128,619,3077,15466,78144
round_shots,100,100,100,100,100,100,100,100,100,100
round_queries,100,300,1100,4100,19700,91700,455100,2198300,10838500,54898900
round_k,0,1,5,20,98,458,2275,10991,54192,274494
round_shots,100,100,100,100,100,100,100,100,100,100
round_queries,100,300,700,1900,8500,41700,204500,997700,4860700,24506500
round_k,0,1,3,9,42,208,1022,4988,24303,122532
round_shots,200,100,100,100,100,100,100,100,100,100
round_queries,200,300,1100,4100,18900,91500,459100,2304500,11680500,59011700
round_k,0,1,5,20,94,457,2295,11522,58402,295058
round_shots,300,100,100,100,100,100,100,100,100
round_queries,300,500,1500,7100,33300,165500,833500,4204100,21100900
round_k,0,2,7,35,166,827,4167,21020,105504
round_shots,100,100,100,100,100,100,100,100,100,100
round_queries,100,300,1100,5100,23500,112900,565900,2856100,14411500,73093900
round_k,0,1,5,25,117,564,2829,14280,72057,365469
round_shots,200,100,100,100,100,100,100,100,100,100
round_queries,200,300,1100,5100,23900,111300,555100,2791500,14046700,71178300
round_k,0,1,5,25,119,556,2775,13957,70233,355891
round_shots,100,100,100,100,100,100,100,100,100,100
round_queries,100,300,1100,4500,19700,94700,476900,2309900,11576100,58612100
round_k,0,1,5,22,98,473,2384,11549,57880,293060
round_shots,100,100,100,100,100,100,100,100,100,100
round_queries,100,300,1100,4100,19100,87900,440700,2229100,11257500,57096300
round_k,0,1,5,20,95,439,2203,11145,56287,285481
round_shots,300,100,100,100,100,100,100,100,100,100
round_queries,300,300,1100,3700,16100,78700,380900,1904500,9596700,48088700
round_k,0,1,5,18,80,393,1904,9522,47983,240443
round_shots,100,100,100,100,100,100,100,100,100,100
round_queries,100,300,1100,3700,17300,84900,413700,2066500,10442300,52860900
round_k,0,1,5,18,86,424,2068,10332,52211,264304
round_shots,200,100,100,100,100,100,100,100,100,100
round_queries,200,300,1100,5100,24100,113500,566700,2864300,14545300,73665300
round_k,0,1,5,25,120,567,2833,14321,72726,368326
round_shots,200,100,100,100,100,100,100,100,100,100
round_queries,200,300,700,2900,12900,61900,306900,1517500,7635500,38685100
round_k,0,1,3,14,64,309,1534,7587,38177,193425
round_shots,200,100,100,100,100,100,100,100,100,100
round_queries,200,300,1100,3500,15300,75700,374700,1881100,9497500,47817300
round_k,0,1,5,17,76,378,1873,9405,47487,239086
round_shots,200,100,100,100,100,100,100,100,100,100
round_queries,200,300,1100,3700,17300,82100,402700,2015900,10148700,51484100
round_k,0,1,5,18,86,410,2013,10079,50743,257420
round_shots,100,100,100,100,100,100,100,100,100
round_queries,100,300,1500,7100,33100,159300,789100,3991500,20110100
round_k,0,1,7,35,165,796,3945,19957,100550
round_shots,200,100,100,100,100,100,100,100,100
round_queries,200,500,1900,8700,41900,209100,1047100,5287900,26593100
round_k,0,2,9,43,209,1045,5235,26439,132965
round_shots,100,100,100,100,100,100,100,100,100,100
round_queries,100,300,1100,3700,17100,83700,415100,2092900,10525100,53339700
round_k,0,1,5,18,85,418,2075,10464,52625,266698
round_shots,200,100,100,100,100,100,100,100,100
round_queries,200,300,1500,5900,27100,130700,655500,3314500,16694500
round_k,0,1,7,29,135,653,3277,16572,83472
round_shots,100,100,100,100,100,100,100,100,100,100
round_queries,100,300,1100,4700,20900,95500,474100,2384500,12084300,61141900
round_k,0,1,5,23,104,477,2370,11922,60421,305709
round_shots,100,100,100,100,100,100,100,100,100,100
round_queries,100,300,1100,4500,20100,93900,467900,2362100,11971500,60763900
round_k,0,1,5,22,100,469,2339,11810,59857,303819
round_shots,200,100,100,100,100,100,100,100,100,100
round_queries,200,300,1100,4900,22100,107300,532300,2661500,13476300,68216300
round_k,0,1,5,24,110,536,2661,13307,67381,341081
round_shots,200,100,100,100,100,100,100,100,100,100
round_queries,200,300,700,3300,14100,65100,324900,1607100,8105100,40869500
round_k,0,1,3,16,70,325,1624,8035,40525,204347
round_shots,200,100,100,100,100,100,100,100,100,100
round_queries,200,300,700,2700,12700,60300,298500,1491700,7537500,37952500
round_k,0,1,3,13,63,301,1492,7458,37687,189762
round_shots,200,100,100,100,100,100,100,100,100,100
round_queries,200,300,1100,4300,20500,103300,512500,2599300,13077300,66315700
round_k,0,1,5,21,102,516,2562,12996,65386,331578
round_shots,200,100,100,100,100,100,100,100,100,100
round_queries,200,300,1100,4500,20300,96700,477700,2416900,12237900,61782500
round_k,0,1,5,22,101,483,2388,12084,61189,308912
round_shots,200,100,100,100,100,100,100,100,100,100
round_queries,200,300,1100,4100,17700,88500,433900,2171300,10979700,55670100
round_k,0,1,5,20,88,442,2169,10856,54898,278350
round_shots,100,100,100,100,100,100,100,100,100,100
round_queries,100,300,700,2300,9700,46700,233100,1157500,5849900,29632300
round_k,0,1,3,11,48,233,1165,5787,29249,148161
round_shots,300,100,100,100,100,100,100,100,100
round_queries,300,500,2300,10100,47500,237100,1180900,5915300,29911500
round_k,0,2,11,50,237,1185,5904,29576,149557
round_shots,100,100,100,100,100,100,100,100,100,100
round_queries,100,300,1100,4500,21700,107300,532300,2696300,13546900,68586100
round_k,0,1,5,22,108,536,2661,13481,67734,342930
round_shots,100,100,100,100,100,100,100,100,100
round_queries,100,500,2300,9700,46500,216900,1087100,5780100,29183100
round_k,0,2,11,48,232,1084,5435,28900,145915
round_shots,200,100,100,100,100,100,100,100,100,100
round_queries,200,300,1100,4500,21900,104500,526100,2660300,13457900,67972300
round_k,0,1,5,22,109,522,2630,13301,67289,339861
round_shots,100,100,100,100,100,100,100,100,100,100
round_queries,100,300,1100,4900,21700,103700,519300,2603900,13146700,66634500
round_k,0,1,5,24,108,518,2596,13019,65733,333172
round_shots,100,100,100,100,100,100,100,100,100,100
round_queries,100,300,1100,5100,23700,117500,577900,2913500,14720900,74590300
round_k,0,1,5,25,118,587,2889,14567,73604,372951
round_shots,100,100,100,100,100,100,100,100,100
round_queries,100,300,1500,5900,27100,132300,655500,3294700,16620100
round_k,0,1,7,29,135,661,3277,16473,83100
round_shots,300,100,100,100,100,100,100,100,100,100
round_queries,300,300,1100,4900,22300,111500,558300,2772100,14021900,70861500
round_k,0,1,5,24,111,557,2791,13860,70109,354307
round_shots,100,100,100,100,100,100,100,100,100,100
round_queries,100,300,700,2900,14100,69900,339900,1700300,8590900,43354700
round_k,0,1,3,14,70,349,1699,8501,42954,216773
round_shots,200,100,100,100,100,100,100,100,100,100
round_queries,200,300,700,2900,12300,59100,283700,1428300,7199100,36530100
round_k,0,1,3,14,61,295,1418,7141,35995,182650
round_shots,200,200,100,100,100,100,100,100,100,100
round_queries,200,600,1100,4900,21500,103300,515300,2578300,12909700,65248900
round_k,0,1,5,24,107,516,2576,12891,64548,326244
round_shots,200,100,100,100,100,100,100,100,100,100
round_queries,200,300,1100,4100,17700,84300,419300,2102100,10605100,53414300
round_k,0,1,5,20,88,421,2096,10510,53025,267071
round_shots,100,100,100,100,100,100,100,100,100,100
round_queries,100,300,1100,4700,21500,100900,500900,2513700,12711500,64451900
round_k,0,1,5,23,107,504,2504,12568,63557,322259
round_shots,200,100,100,100,100,100,100,100,100,100
round_queries,200,300,700,1900,8700,39700,190900,964700,4860300,24494900
round_k,0,1,3,9,43,198,954,4823,24301,122474
round_shots,100,100,100,100,100,100,100,100,100,100
round_queries,100,300,1500,4900,23500,115100,573500,2891500,14512700,73658100
round_k,0,1,7,24,117,575,2867,14457,72563,368290
round_shots,100,100,100,100,100,100,100,100,100,100
round_queries,100,300,1100,4500,21500,108900,541500,2720300,13733700,69557100
round_k,0,1,5,22,107,544,2707,13601,68668,347785
round_shots,200,100,100,100,100,100,100,100,100
round_queries,200,300,1500,5700,27700,131300,656300,3289500,16662900
round_k,0,1,7,28,138,656,3281,16447,83314
round_shots,100,100,100,100,100,100,100,100,100,100
round_queries,100,300,1100,4700,21100,103300,499500,2498100,12559900,63663700
round_k,0,1,5,23,105,516,2497,12490,62799,318318
round_shots,100,100,100,100,100,100,100,100,100,100
round_queries,100,300,1100,4100,19500,93500,467700,2345100,11688500,59183300
round_k,0,1,5,20,97,467,2338,11725,58442,295916
round_shots,200,100,100,100,100,100,100,100,100,100
round_queries,200,300,1100,3700,17900,88700,435100,2195900,11103700,56270500
round_k,0,1,5,18,89,443,2175,10979,55518,281352
round_shots,200,100,100,100,100,100,100,100,100,100
round_queries,200,300,1100,4100,18500,89700,446100,2259100,11398700,57749900
round_k,0,1,5,20,92,448,2230,11295,56993,288749
round_shots,200,100,100,100,100,100,100,100,100
round_queries,200,500,1900,9100,45500,223300,1106900,5542100,27922700
round_k,0,2,9,45,227,1116,5534,27710,139613
round_shots,100,100,100,100,100,100,100,100,100,100
round_queries,100,300,1100,4100,17900,83300,403700,2006100,10083300,51023700
round_k,0,1,5,20,89,416,2018,10030,50416,255118
round_shots,200,100,100,100,100,100,100,100,100,100
round_queries,200,300,1100,3100,13900,66100,329500,1664700,8436300,42704500
round_k,0,1,5,15,69,330,1647,8323,42181,213522
round_shots,200,100,100,100,100,100,100,100,100
round_queries,200,500,1900,8100,37300,182500,914500,4571300,23161900
round_k,0,2,9,40,186,912,4572,22856,115809
round_shots,200,100,100,100,100,100,100,100,100,100
round_queries,200,300,1100,5100,24900,118100,582300,2903700,14707300,74523700
round_k,0,1,5,25,124,590,2911,14518,73536,372618
round_shots,200,100,100,100,100,100,100,100,100,100
round_queries,200,300,1100,4500,21300,107300,535100,2700300,13639300,69067500
round_k,0,1,5,22,106,536,2675,13501,68196,345337
round_shots,100,100,100,100,100,100,100,100,100,100
round_queries,100,300,1100,3700,16900,78500,380500,1929300,9763900,49591900
round_k,0,1,5,18,84,392,1902,9646,48819,247959
round_shots,100,100,100,100,100,100,100,100,100,100
round_queries,100,300,1100,4700,22500,107100,541500,2676100,13477500,68184900
round_k,0,1,5,23,112,535,2707,13380,67387,340924
round_shots,200,100,100,100,100,100,100,100,100
round_queries,200,500,1500,5900,27700,136900,669500,3399100,17210500
round_k,0,2,7,29,138,684,3347,16995,86052
round_shots,100,100,100,100,100,100,100,100,100,100
round_queries,100,300,700,2300,10900,53900,255900,1289100,6434100,32530900
round_k,0,1,3,11,54,269,1279,6445,32170,162654
round_shots,100,100,100,100,100,100,100,100,100,100
round_queries,100,300,1100,5100,21900,108300,545100,2755900,13958500,70835100
round_k,0,1,5,25,109,541,2725,13779,69792,354175
round_shots,100,100,100,100,100,100,100,100,100,100
round_queries,100,300,700,2300,10500,51500,253900,1273300,6408700,32367100
round_k,0,1,3,11,52,257,1269,6366,32043,161835
round_shots,200,100,100,100,100,100,100,100,100
round_queries,200,300,1500,5700,26700,130700,653100,3267100,16511100
round_k,0,1,7,28,133,653,3265,16335,82555
round_shots,200,100,100,100,100,100,100,100,100,100
round_queries,200,300,1100,4500,20300,98700,495500,2488900,12610900,63386700
round_k,0,1,5,22,101,493,2477,12444,63054,316933
round_shots,200,100,100,100,100,100,100,100,100,100
round_queries,200,300,700,3300,15900,73700,363500,1815500,9120300,45974300
round_k,0,1,3,16,79,368,1817,9077,45601,229871
round_shots,100,100,100,100,100,100,100,100,100
round_queries,100,300,1500,6500,29300,142500,717300,3634100,18393500
round_k,0,1,7,32,146,712,3586,18170,91967
round_shots,300,100,100,100,100,100,100,100,100,100
round_queries,300,300,1100,5100,23100,109700,550300,2753500,13947900,70777500
round_k,0,1,5,25,115,548,2751,13767,69739,353887
round_shots,200,100,100,100,100,100,100,100,100
round_queries,200,500,2300,8900,43300,216700,1078500,5474900,27674700
round_k,0,2,11,44,216,1083,5392,27374,138373
round_shots,100,100,100,100,100,100,100,100,100,100
round_queries,100,300,1100,4100,18100,88100,441300,2223900,11254500,57042700
round_k,0,1,5,20,90,440,2206,11119,56272,285213
round_shots,100,100,100,100,100,100,100,100,100,100
round_queries,100,300,1100,4500,20500,99500,500900,2483100,12448300,62834500
round_k,0,1,5,22,102,497,2504,12415,62241,314172
round_shots,200,100,100,100,100,100,100,100,100,100
round_queries,200,300,700,1900,8500,41300,199900,1007900,5062100,25665900
round_k,0,1,3,9,42,206,999,5039,25310,128329
round_shots,200,100,100,100,100,100,100,100,100,100
round_queries,200,300,1100,3700,17500,86700,422300,2114700,10600500,53560100
round_k,0,1,5,18,87,433,2111,10573,53002,267800
round_shots,200,100,100,100,100,100,100,100,100,100
round_queries,200,300,1100,4700,23500,114300,566500,2834700,14321500,72665500
round_k,0,1,5,23,117,571,2832,14173,71607,363327
round_shots,200,100,100,100,100,100,100,100,100,100
round_queries,200,300,1100,4700,20300,100500,494900,2470500,12500500,63245700
round_k,0,1,5,23,101,502,2474,12352,62502,316228
round_shots,200,100,100,100,100,100,100,100,100,100
round_queries,200,300,1100,3500,16300,82100,411100,2050300,10358900,51830300
round_k,0,1,5,17,81,410,2055,10251,51794,259151
round_shots,200,100,100,100,100,100,100,100,100,100
round_queries,200,300,700,2300,9700,47300,237500,1181700,5912300,29706100
round_k,0,1,3,11,48,236,1187,5908,29561,148530
round_shots,200,100,100,100,100,100,100,100,100,100
round_queries,200,300,1100,3700,16500,82300,407500,2041700,10242300,51870900
round_k,0,1,5,18,82,411,2037,10208,51211,259354
round_shots,200,100,100,100,100,100,100,100,100,100
round_queries,200,300,1100,4900,20900,104500,515500,2598700,13164300,66559100
round_k,0,1,5,24,104,522,2577,12993,65821,332795
round_shots,100,100,100,100,100,100,100,100,100
round_queries,100,300,1500,5900,27900,139100,702700,3524100,17785500
round_k,0,1,7,29,139,695,3513,17620,88927
round_shots,100,100,100,100,100,100,100,100,100
round_queries,100,300,1500,7100,33300,163500,808700,4050500,20543900
round_k,0,1,7,35,166,817,4043,20252,102719
round_shots,100,100,100,100,100,100,100,100,100,100
round_queries,100,300,1100,4700,21500,104700,516300,2580300,13056900,66103100
round_k,0,1,5,23,107,523,2581,12901,65284,330515
round_shots,100,100,100,100,100,100,100,100,100,100
round_queries,100,300,1100,4100,18900,89500,441900,2313500,11586700,58785700
round_k,0,1,5,20,94,447,2209,11567,57933,293928
round_shots,200,100,100,100,100,100,100,100,100,100
round_queries,200,300,700,2700,12500,60300,293900,1472500,7443300,37750900
round_k,0,1,3,13,62,301,1469,7362,37216,188754
round_shots,200,100,100,100,100,100,100,100,100
round_queries,200,300,1500,6700,31500,154100,766700,3882300,19623700
round_k,0,1,7,33,157,770,3833,19411,98118
round_shots,100,100,100,100,100,100,100,100,100,100
round_queries,100,300,1100,4500,19900,98900,488300,2442900,12346700,62454700
round_k,0,1,5,22,99,494,2441,12214,61733,312273
round_shots,200,100,100,100,100,100,100,100,100,100
round_queries,200,300,1100,4500,20100,96100,473100,2355900,11895300,60213300
round_k,0,1,5,22,100,480,2365,11779,59476,301066
round_shots,100,100,100,100,100,100,100,100,100,100
round_queries,100,300,1100,4500,21100,100500,506300,2541300,12831900,64895700
round_k,0,1,5,22,105,502,2531,12706,64159,324478
round_shots,200,100,100,100,100,100,100,100,100,100
round_queries,200,300,1100,4900,23300,112900,553500,2768100,13949100,70676500
round_k,0,1,5,24,116,564,2767,13840,69745,353382
round_shots,100,100,100,100,100,100,100,100,100,100
round_queries,100,300,1100,4500,21500,101700,503500,2518900,12744500,64450900
round_k,0,1,5,22,107,508,2517,12594,63722,322254
round_shots,200,100,100,100,100,100,100,100,100
round_queries,200,500,1500,5500,26100,123900,623100,3119900,15816700
round_k,0,2,7,27,130,619,3115,15599,79083
round_shots,200,100,100,100,100,100,100,100,100,100
round_queries,200,300,700,2700,11700,54700,265100,1298500,6566300,33292700
round_k,0,1,3,13,58,273,1325,6492,32831,166463
round_shots,100,100,100,100,100,100,100,100,100,100
round_queries,100,300,1100,4500,21300,106500,531900,2678100,13538300,68462700
round_k,0,1,5,22,106,532,2659,13390,67691,342313
round_shots,200,100,100,100,100,100,100,100,100,100
round_queries,200,300,1100,4900,22500,111300,556500,2789300,14067700,71133900
round_k,0,1,5,24,112,556,2782,13946,70338,355669
round_shots,100,100,100,100,100,100,100,100,100,100
round_queries,100,300,1100,4100,19700,93900,449500,2247300,11378100,57741300
round_k,0,1,5,20,98,469,2247,11236,56890,288706
round_shots,200,100,100,100,100,100,100,100,100,100
round_queries,200,500,1500,4900,21700,105900,534300,2681300,13575900,68814300
round_k,0,2,7,24,108,529,2671,13406,67879,344071
round_shots,100,100,100,100,100,100,100,100,100,100
round_queries,100,300,700,2300,9700,46900,227500,1139900,5776900,29194900
round_k,0,1,3,11,48,234,1137,5699,28884,145974
round_shots,100,100,100,100,100,100,100,100,100,100
round_queries,100,300,1100,5100,23100,108300,532100,2681500,13558500,68696100
round_k,0,1,5,25,115,541,2660,13407,67792,343480
round_shots,200,100,100,100,100,100,100,100,100,100
round_queries,200,300,1100,4500,20700,101500,586300,2910100,14714300,74440900
round_k,0,1,5,22,103,507,2931,14550,73571,372204
round_shots,100,100,100,100,100,100,100,100,100,100
round_queries,100,300,1100,3700,16100,77700,366100,1832300,9267500,46999700
round_k,0,1,5,18,80,388,1830,9161,46337,234998
round_shots,100,100,100,100,100,100,100,100,100,100
round_queries,100,300,1100,4700,21100,100700,488700,2462900,12458300,63136700
round_k,0,1,5,23,105,503,2443,12314,62291,315683
round_shots,300,100,100,100,100,100,100,100,100
round_queries,300,500,2300,11500,52900,259900,1303700,6598500,33367300
round_k,0,2,11,57,264,1299,6518,32992,166836
round_shots,200,100,100,100,100,100,100,100,100
round_queries,200,300,1500,5900,29300,145500,698300,3498100,17600100
round_k,0,1,7,29,146,727,3491,17490,88000
round_shots,200,100,100,100,100,100,100,100,100,100
round_queries,200,300,700,3300,16100,77900,385100,1923500,9664900,49029900
round_k,0,1,3,16,80,389,1925,9617,48324,245149
round_shots,100,100,100,100,100,100,100,100,100,100
round_queries,100,300,1100,4500,21900,104100,524100,2611300,13144100,66571900
round_k,0,1,5,22,109,520,2620,13056,65720,332859
round_shots,100,100,100,100,100,100,100,100,100,100
round_queries,100,300,1100,4100,20500,98500,488700,2442900,12367100,62594700
round_k,0,1,5,20,102,492,2443,12214,61835,312973
round_shots,100,100,100,100,100,100,100,100,100,100
round_queries,100,300,1100,4100,17500,80900,402100,2022900,10213700,51709500
round_k,0,1,5,20,87,404,2010,10114,51068,258547
round_shots,100,100,100,100,100,100,100,100,100,100
round_queries,100,300,700,2900,12700,60900,305900,1535300,7721300,39034700
round_k,0,1,3,14,63,304,1529,7676,38606,195173
round_shots,100,100,100,100,100,100,100,100,100
round_queries,100,300,1100,5100,25300,125300,617500,3116300,15764700
round_k,0,1,5,25,126,626,3087,15581,78823
round_shots,100,100,100,100,100,100,100,100,100,100
round_queries,100,300,1100,3700,17300,83300,408700,2050300,10392300,52149700
round_k,0,1,5,18,86,416,2043,10251,51961,260748
round_shots,100,100,100,100,100,100,100,100,100,100
round_queries,100,300,1100,4900,23100,113500,565900,2840300,14379300,72917900
round_k,0,1,5,24,115,567,2829,14201,71896,364589
round_shots,200,100,100,100,100,100,100,100,100,100
round_queries,200,300,1100,4100,19100,95500,476100,2471700,12338300,62600900
round_k,0,1,5,20,95,477,2380,12358,61691,313004
round_shots,200,100,100,100,100,100,100,100,100
round_queries,200,300,1500,6300,29900,146100,731700,3687100,18692100
round_k,0,1,7,31,149,730,3658,18435,93460
round_shots,200,100,100,100,100,100,100,100,100,100
round_queries,200,300,1100,4900,21100,101100,510500,2556900,12901900,65483900
round_k,0,1,5,24,105,505,2552,12784,64509,327419
round_shots,100,100,100,100,100,100,100,100,100,100
round_queries,100,300,1100,4700,20300,97700,492900,2460700,12425500,63066500
round_k,0,1,5,23,101,488,2464,12303,62127,315332
round_shots,200,100,100,100,100,100,100,100,100,100
round_queries,200,300,1100,4100,17700,86300,430100,2155900,10871500,55123500
round_k,0,1,5,20,88,431,2150,10779,54357,275617
round_shots,100,100,100,100,100,100,100,100,100,100
round_queries,100,300,1100,4900,24500,118700,590500,2988700,15131700,76458100
round_k,0,1,5,24,122,593,2952,14943,75658,382290
round_shots,200,100,100,100,100,100,100,100,100,100
round_queries,200,300,700,1900,8100,38700,185700,932900,4674500,23810100
round_k,0,1,3,9,40,193,928,4664,23372,119050
round_shots,200,100,100,100,100,100,100,100,100,100
round_queries,200,300,1100,4900,22500,106100,526100,2660900,13369100,67540300
round_k,0,1,5,24,112,530,2630,13304,66845,337701
round_shots,200,100,100,100,100,100,100,100,100,100
round_queries,200,300,1100,5500,24300,117900,585500,2944300,14857500,74856900
round_k,0,1,5,27,121,589,2927,14721,74287,374284
round_shots,200,100,100,100,100,100,100,100,100,100
round_queries,200,300,1100,4700,20900,98700,493300,2408900,12182100,61782500
round_k,0,1,5,23,104,493,2466,12044,60910,308912
round_shots,300,100,100,100,100,100,100,100,100,100
round_queries,300,300,1100,3900,17500,83700,405700,2040700,10313100,51981900
round_k,0,1,5,19,87,418,2028,10203,51565,259909
round_shots,100,100,100,100,100,100,100,100,100,100
round_queries,100,300,1100,4100,18700,90500,441100,2208900,11138300,56299100
round_k,0,1,5,20,93,452,2205,11044,55691,281495
round_shots,300,100,100,100,100,100,100,100,100
round_queries,300,500,1900,7900,35500,178700,892300,4486500,22734700
round_k,0,2,9,39,177,893,4461,22432,113673
round_shots,200,100,100,100,100,100,100,100,100
round_queries,200,300,1500,5900,28100,134100,661700,3309700,16729900
round_k,0,1,7,29,140,670,3308,16548,83649
round_shots,200,100,100,100,100,100,100,100,100,100
round_queries,200,300,700,2900,12700,60900,298100,1500900,7586500,38346700
round_k,0,1,3,14,63,304,1490,7504,37932,191733
round_shots,100,100,100,100,100,100,100,100,100,100
round_queries,100,300,1500,5300,24100,114700,577100,2894300,14653300,74359900
round_k,0,1,7,26,120,573,2885,14471,73266,371799
round_shots,200,100,100,100,100,100,100,100,100,100
round_queries,200,300,700,2500,12100,59100,286300,1441300,7288900,36954500
round_k,0,1,3,12,60,295,1431,7206,36444,184772
round_shots,200,100,100,100,100,100,100,100,100,100
round_queries,200,300,1100,4500,20300,99500,500500,2518500,12694900,64216700
round_k,0,1,5,22,101,497,2502,12592,63474,321083
round_shots,200,100,100,100,100,100,100,100,100,100
round_queries,200,300,1100,3100,14300,68700,328900,1655900,8344100,42273300
round_k,0,1,5,15,71,343,1644,8279,41720,211366
round_shots,200,100,100,100,100,100,100,100,100
round_queries,200,500,2300,10500,50100,242700,1217500,6157900,30975900
round_k,0,2,11,52,250,1213,6087,30789,154879
round_shots,200,100,100,100,100,100,100,100,100,100
round_queries,200,300,700,2700,12100,57100,285100,1438500,7274500,36785100
round_k,0,1,3,13,60,285,1425,7192,36372,183925
round_shots,100,100,100,100,100,100,100,100,100,100
round_queries,100,300,700,2300,10500,51900,253500,1254700,6282300,31798700
round_k,0,1,3,11,52,259,1267,6273,31411,158993
round_shots,200,100,100,100,100,100,100,100,100,100
round_queries,200,300,1100,4100,19700,97100,485500,2440100,12314300,62022100
round_k,0,1,5,20,98,485,2427,12200,61571,310110
round_shots,100,100,100,100,100,100,100,100,100,100
round_queries,100,300,1100,4500,20100,100300,499700,2496900,12664500,64006700
round_k,0,1,5,22,100,501,2498,12484,63322,320033
round_shots,200,100,100,100,100,100,100,100,100,100
round_queries,200,300,1100,4500,20100,98500,495100,2486100,12581900,63196500
round_k,0,1,5,22,100,492,2475,12430,62909,315982
round_shots,200,100,100,100,100,100,100,100,100
round_queries,200,700,2300,9700,46100,230300,1125900,5607500,28394900
round_k,0,3,11,48,230,1151,5629,28037,141974
round_shots,100,100,100,100,100,100,100,100,100,100
round_queries,100,300,1100,5100,24700,121700,600700,3044700,15235700,77259500
round_k,0,1,5,25,123,608,3003,15223,76178,386297
round_shots,100,100,100,100,100,100,100,100,100,100
round_queries,100,300,1100,4700,22900,111700,556100,2809500,14196300,72011300
round_k,0,1,5,23,114,558,2780,14047,70981,360056
round_shots,100,100,100,100,100,100,100,100,100,100
round_queries,100,300,1100,4100,18100,85900,429300,2148100,10819300,54732100
round_k,0,1,5,20,90,429,2146,10740,54096,273660
round_shots,100,100,100,100,100,100,100,100,100
round_queries,100,300,1500,6300,27700,134700,662300,3327700,16832100
round_k,0,1,7,31,138,673,3311,16638,84160
round_shots,100,100,100,100,100,100,100,100,100
round_queries,100,300,1500,5900,26700,127500,631900,3159500,16003900
round_k,0,1,7,29,133,637,3159,15797,80019
round_shots,100,100,100,100,100,100,100,100,100,100
round_queries,100,300,1100,4100,19300,94900,470100,2338300,11836300,59672300
round_k,0,1,5,20,96,474,2350,11691,59181,298361
round_shots,100,100,100,100,100,100,100,100,100,100
round_queries,100,300,700,2900,13900,66700,327100,1634300,8257300,41886700
round_k,0,1,3,14,69,333,1635,8171,41286,209433
round_shots,100,100,100,100,100,100,100,100,100,100
round_queries,100,300,700,1900,8300,40100,191700,956300,4828500,24303100
round_k,0,1,3,9,41,200,958,4781,24142,121515
round_shots,100,100,100,100,100,100,100,100,100,100
round_queries,100,300,1100,4900,21300,104100,514100,2611700,13174300,66796500
round_k,0,1,5,24,106,520,2570,13058,65871,333982
round_shots,100,100,100,100,100,100,100,100,100
round_queries,100,300,1500,5900,26900,128300,640900,3229100,16345300
round_k,0,1,7,29,134,641,3204,16145,81726
round_shots,200,100,100,100,100,100,100,100,100,100
round_queries,200,300,1100,4100,18100,86700,431700,2170100,10911100,55027100
round_k,0,1,5,20,90,433,2158,10850,54555,275135
round_shots,300,100,100,100,100,100,100,100,100,100
round_queries,300,300,700,2300,9900,48100,238300,1208700,6050500,30632100
round_k,0,1,3,11,49,240,1191,6043,30252,153160
round_shots,100,100,100,100,100,100,100,100,100
round_queries,100,300,1100,5500,24900,124700,624300,3086500,15617500
round_k,0,1,5,27,124,623,3121,15432,78087
round_shots,100,100,100,100,100,100,100,100,100,100
round_queries,100,300,1100,3700,15300,69900,349300,1751300,8849300,44852700
round_k,0,1,5,18,76,349,1746,8756,44246,224263
round_shots,200,100,100,100,100,100,100,100,100,100
round_queries,200,300,1100,4100,19700,96100,478300,2390100,12077500,60783300
round_k,0,1,5,20,98,480,2391,11950,60387,303916
round_shots,200,100,100,100,100,100,100,100,100,100
round_queries,200,300,1100,4100,19500,92700,451100,2256100,11338700,57476500
round_k,0,1,5,20,97,463,2255,11280,56693,287382
round_shots,200,100,100,100,100,100,100,100,100,100
round_queries,200,300,1100,4500,18300,86700,436300,2186900,11017500,55779500
round_k,0,1,5,22,91,433,2181,10934,55087,278897
round_shots,200,100,100,100,100,100,100,100,100,100
round_queries,200,300,1100,4900,22100,105900,523700,2645900,13308900,67556900
round_k,0,1,5,24,110,529,2618,13229,66544,337784
round_shots,100,100,100,100,100,100,100,100,100,100
round_queries,100,300,700,2700,13100,62700,305700,1525300,7694700,38932300
round_k,0,1,3,13,65,313,1528,7626,38473,194661
round_shots,100,100,100,100,100,100,100,100,100,100
round_queries,100,300,700,2900,13300,62900,314100,1573500,7924500,40200500
round_k,0,1,3,14,66,314,1570,7867,39622,201002
round_shots,100,100,100,100,100,100,100,100,100,100
round_queries,100,300,1500,4900,23300,114100,566900,2852700,14467300,73438500
round_k,0,1,7,24,116,570,2834,14263,72336,367192
round_shots,100,100,100,100,100,100,100,100,100,100
round_queries,100,300,1100,5300,25100,119900,593100,2972500,14974900,75666300
round_k,0,1,5,26,125,599,2965,14862,74874,378331
round_shots,200,100,100,100,100,100,100,100,100,100
round_queries,200,300,1100,3700,16300,79900,399500,2023100,10208900,51594700
round_k,0,1,5,18,81,399,1997,10115,51044,257973
round_shots,200,100,100,100,100,100,100,100,100
round_queries,200,500,1500,5300,25100,123900,618900,3256100,16432100
round_k,0,2,7,26,125,619,3094,16280,82160
round_shots,100,100,100,100,100,100,100,100,100,100
round_queries,100,300,700,2900,13300,63900,313300,1563900,7878900,39932300
round_k,0,1,3,14,66,319,1566,7819,39394,199661
round_shots,100,100,100,100,100,100,100,100,100
round_queries,100,300,1500,6100,27900,131700,653300,3284700,16587300
round_k,0,1,7,30,139,658,3266,16423,82936
round_shots,100,100,100,100,100,100,100,100,100,100
round_queries,100,300,700,2300,9900,46500,229300,1149300,5795900,29265100
round_k,0,1,3,11,49,232,1146,5746,28979,146325
round_shots,100,100,100,100,100,100,100,100,100,100
round_queries,100,300,1100,4900,22100,108700,545300,2727500,13765900,69824900
round_k,0,1,5,24,110,543,2726,13637,68829,349124
round_shots,200,100,100,100,100,100,100,100,100
round_queries,200,300,1100,5300,30900,148900,730900,3690700,18642500
round_k,0,1,5,26,154,744,3654,18453,93212
round_shots,100,100,100,100,100,100,100,100,100,100
round_queries,100,300,1100,4500,21900,104300,526100,2650300,13440500,68144500
round_k,0,1,5,22,109,521,2630,13251,67202,340722
round_shots,200,100,100,100,100,100,100,100,100,100
round_queries,200,300,1100,3900,16100,79900,393500,1972100,10012700,50777500
round_k,0,1,5,19,80,399,1967,9860,50063,253887
round_shots,200,100,100,100,100,100,100,100,100
round_queries,200,500,1500,6300,28900,142500,708500,3511900,17703900
round_k,0,2,7,31,144,712,3542,17559,88519
round_shots,100,100,100,100,100,100,100,100,100,100
round_queries,100,300,1100,4100,18900,90700,459100,2318300,11668500,58967900
round_k,0,1,5,20,94,453,2295,11591,58342,294839
round_shots,100,100,100,100,100,100,100,100,100
round_queries,100,300,1500,5900,25900,129500,647700,3244300,16376100
round_k,0,1,7,29,129,647,3238,16221,81880
round_shots,200,100,100,100,100,100,100,100,100,100
round_queries,200,300,1100,5100,24700,119100,594100,2989500,15123900,76600500
round_k,0,1,5,25,123,595,2970,14947,75619,383002
round_shots,100,100,100,100,100,100,100,100,100,100
round_queries,100,300,700,2900,14500,69100,344300,1731100,8739500,44127700
round_k,0,1,3,14,72,345,1721,8655,43697,220638
round_shots,200,100,100,100,100,100,100,100,100,100
round_queries,200,300,1100,4700,22900,109900,534100,2697700,13606500,69014900
round_k,0,1,5,23,114,549,2670,13488,68032,345074
round_shots,100,100,100,100,100,100,100,100,100,100
round_queries,100,300,1100,4900,20900,102300,504900,2528700,12631500,63990900
round_k,0,1,5,24,104,511,2524,12643,63157,319954
round_shots,200,100,100,100,100,100,100,100,100,100
round_queries,200,300,700,2700,11900,55300,273300,1354900,6781700,34406700
round_k,0,1,3,13,59,276,1366,6774,33908,172033
round_shots,100,100,100,100,100,100,100,100,100,100
round_queries,100,300,1100,3700,15700,75500,374300,1869500,9453500,47758300
round_k,0,1,5,18,78,377,1871,9347,47267,238791
round_shots,200,100,100,100,100,100,100,100,100,100
round_queries,200,300,700,1900,9300,43700,209300,1045700,5230700,26477700
round_k,0,1,3,9,46,218,1046,5228,26153,132388
round_shots,200,100,100,100,100,100,100,100,100,100
round_queries,200,300,1100,4500,21300,104100,522500,2630100,13304100,67529900
round_k,0,1,5,22,106,520,2612,13150,66520,337649
round_shots,100,100,100,100,100,100,100,100,100,100
round_queries,100,300,1100,4100,20500,95100,470100,2367100,11903100,60352900
round_k,0,1,5,20,102,475,2350,11835,59515,301764
round_shots,200,100,100,100,100,100,100,100,100,100
round_queries,200,300,1100,4100,19900,94700,468100,2347700,11883100,60186500
round_k,0,1,5,20,99,473,2340,11738,59415,300932
round_shots,100,100,100,100,100,100,100,100,100,100
round_queries,100,300,1100,5300,23700,115300,580100,2924300,14752100,74279500
round_k,0,1,5,26,118,576,2900,14621,73760,371397
round_shots,300,100,100,100,100,100,100,100,100,100
round_queries,300,300,700,1900,7100,33700,165100,823900,4134100,20950500
round_k,0,1,3,9,35,168,825,4119,20670,104752
round_shots,100,100,100,100,100,100,100,100,100,100
round_queries,100,300,1100,4900,22100,104700,518300,2617100,13211100,66748900
round_k,0,1,5,24,110,523,2591,13085,66055,333744
round_shots,100,100,100,100,100,100,100,100,100,100
round_queries,100,300,1100,4900,23300,113500,562100,2802900,14170900,71268300
round_k,0,1,5,24,116,567,2810,14014,70854,356341
round_shots,100,100,100,100,100,100,100,100,100,100
round_queries,100,300,1100,3700,17500,82100,384700,1794300,9007100,45500300
round_k,0,1,5,18,87,410,1923,8971,45035,227501
round_shots,200,100,100,100,100,100,100,100,100
round_queries,200,300,1500,6500,31500,155100,777100,3920700,19809300
round_k,0,1,7,32,157,775,3885,19603,99046
round_shots,100,100,100,100,100,100,100,100,100,100
round_queries,100,300,700,1900,8500,38300,185900,922300,4646500,23516300
round_k,0,1,3,9,42,191,929,4611,23232,117581
round_shots,200,100,100,100,100,100,100,100,100,100
round_queries,200,300,1100,3100,15100,73300,368900,1842300,9320700,47031900
round_k,0,1,5,15,75,366,1844,9211,46603,235159
round_shots,100,200,100,100,100,100,100,100,100
round_queries,100,600,1900,8300,40300,194900,979500,4960500,25164100
round_k,0,1,9,41,201,974,4897,24802,125820
round_shots,100,100,100,100,100,100,100,100,100,100
round_queries,100,300,700,1900,8100,37500,176100,861100,4342300,21906700
round_k,0,1,3,9,40,187,880,4305,21711,109533
round_shots,100,100,100,100,100,100,100,100,100
round_queries,100,500,2300,10900,50100,248300,1231100,6180500,31265100
round_k,0,2,11,54,250,1241,6155,30902,156325
round_shots,100,100,100,100,100,100,100,100,100,100
round_queries,100,300,1100,4700,21900,107500,540500,2739700,13761300,69833100
round_k,0,1,5,23,109,537,2702,13698,68806,349165
round_shots,100,100,100,100,100,100,100,100,100
round_queries,100,500,1500,7300,33900,164100,817300,4124300,20875500
round_k,0,2,7,36,169,820,4086,20621,104377
round_shots,100,100,100,100,100,100,100,100,100,100
round_queries,100,300,1100,5500,24900,120300,594300,2997300,15094700,76246100
round_k,0,1,5,27,124,601,2971,14986,75473,381230
round_shots,100,100,100,100,100,100,100,100,100,100
round_queries,100,300,700,3300,14300,66900,335700,1673500,8438500,42561900
round_k,0,1,3,16,71,334,1678,8367,42192,212809
round_shots,300,100,100,100,100,100,100,100,100
round_queries,300,500,1500,6300,28700,143900,725300,3628700,18290100
round_k,0,2,7,31,143,719,3626,18143,91450
round_shots,200,100,100,100,100,100,100,100,100,100
round_queries,200,300,1100,3700,17500,85700,425700,2131700,10736500,54493300
round_k,0,1,5,18,87,428,2128,10658,53682,272466
round_shots,100,100,100,100,100,100,100,100,100,100
round_queries,100,300,1500,5700,24900,122300,609900,3040700,15351100,77962500
round_k,0,1,7,28,124,611,3049,15203,76755,389812
round_shots,100,100,100,100,100,100,100,100,100,100
round_queries,100,300,1100,4100,17900,85700,424700,2142900,10820900,54906500
round_k,0,1,5,20,89,428,2123,10714,54104,274532
round_shots,100,100,100,100,100,100,100,100,100,100
round_queries,100,300,1100,4500,21500,107500,531100,2685900,13575700,68639900
round_k,0,1,5,22,107,537,2655,13429,67878,343199
round_shots,100,100,100,100,100,100,100,100,100,100
round_queries,100,300,1500,5300,24100,121900,600100,3035700,15354900,77909100
round_k,0,1,7,26,120,609,3000,15178,76774,389545
round_shots,100,100,100,100,100,100,100,100,100,100
round_queries,100,300,1100,4100,18100,87300,440500,2227500,11182500,56657300
round_k,0,1,5,20,90,436,2202,11137,55912,283286
round_shots,200,100,100,100,100,100,100,100,100,100
round_queries,200,300,1100,4900,22100,103700,507700,2543700,12902500,64764100
round_k,0,1,5,24,110,518,2538,12718,64512,323820
round_shots,300,100,100,100,100,100,100,100,100,100
round_queries,300,300,1100,4500,19700,95300,475900,2395900,12106500,61390900
round_k,0,1,5,22,98,476,2379,11979,60532,306954
round_shots,100,100,100,100,100,100,100,100,100,100
round_queries,100,300,1100,3700,16500,80100,396500,2002900,10107300,51248300
round_k,0,1,5,18,82,400,1982,10014,50536,256241
round_shots,100,100,100,100,100,100,100,100,100,100
round_queries,100,300,1100,5100,24900,115500,543900,2709500,13610500,68991100
round_k,0,1,5,25,124,577,2719,13547,68052,344955
round_shots,100,100,100,100,100,100,100,100,100,100
round_queries,100,300,700,2300,10500,49500,240700,1178900,5943100,29905300
round_k,0,1,3,11,52,247,1203,5894,29715,149526
round_shots,100,100,100,100,100,100,100,100,100,100
round_queries,100,300,1100,4900,22900,110300,553300,2742700,13884100,70505700
round_k,0,1,5,24,114,551,2766,13713,69420,352528
round_shots,200,100,100,100,100,100,100,100,100
round_queries,200,700,1900,7100,31500,158100,788900,3982700,20015100
round_k,0,3,9,35,157,790,3944,19913,100075
round_shots,300,100,100,100,100,100,100,100,100,100
round_queries,300,300,1100,4500,21900,103100,517700,2576700,13025300,65989700
round_k,0,1,5,22,109,515,2588,12883,65126,329948
round_shots,200,100,100,100,100,100,100,100,100,100
round_queries,200,300,700,2700,12500,59500,294700,1487300,7512700,37923500
round_k,0,1,3,13,62,297,1473,7436,37563,189617
round_shots,300,100,100,100,100,100,100,100,100,100
round_queries,300,300,1100,4900,21100,98900,494100,2468700,12358500,62441100
round_k,0,1,5,24,105,494,2470,12343,61792,312205
round_shots,200,100,100,100,100,100,100,100,100,100
round_queries,200,300,1100,4900,23300,114900,569900,2834100,14265500,71941700
round_k,0,1,5,24,116,574,2849,14170,71327,359708
round_shots,100,100,100,100,100,100,100,100,100,100
round_queries,100,300,1100,4500,20900,104300,518500,2608300,13176300,66846700
round_k,0,1,5,22,104,521,2592,13041,65881,334233
round_shots,100,100,100,100,100,100,100,100,100,100
round_queries,100,300,700,2300,9300,42500,206300,1041300,5241300,26268100
round_k,0,1,3,11,46,212,1031,5206,26206,131340
round_shots,100,100,100,100,100,100,100,100,100,100
round_queries,100,300,1100,4100,17700,84500,418500,2096500,10601700,53855500
round_k,0,1,5,20,88,422,2092,10482,53008,269277
round_shots,100,100,100,100,100,100,100,100,100,100
round_queries,100,300,700,1900,7500,36100,177700,889300,4430300,22087300
round_k,0,1,3,9,37,180,888,4446,22151,110436
round_shots,200,100,100,100,100,100,100,100,100,100
round_queries,200,300,1100,3700,15700,76900,385500,1941300,9791700,49358300
round_k,0,1,5,18,78,384,1927,9706,48958,246791
round_shots,200,100,100,100,100,100,100,100,100
round_queries,200,300,1100,5500,25900,121900,613900,3090500,15637700
round_k,0,1,5,27,129,609,3069,15452,78188
round_shots,200,100,100,100,100,100,100,100,100,100
round_queries,200,300,700,2300,8900,40700,195500,973700,4929900,24861900
round_k,0,1,3,11,44,203,977,4868,24649,124309
round_shots,100,100,100,100,100,100,100,100,100,100
round_queries,100,300,1100,3700,18300,88700,418900,2116100,10687300,53998300
round_k,0,1,5,18,91,443,2094,10580,53436,269991
round_shots,100,100,100,100,100,100,100,100,100,100
round_queries,100,300,1100,3700,18500,89300,442900,2238500,11362100,57142500
round_k,0,1,5,18,92,446,2214,11192,56810,285712
round_shots,200,100,100,100,100,100,100,100,100,100
round_queries,200,300,1100,4100,18900,91100,451300,2279500,11438700,57790300
round_k,0,1,5,20,94,455,2256,11397,57193,288951
round_shots,100,100,100,100,100,100,100,100,100,100
round_queries,100,300,1100,4100,19900,97900,485700,2455500,12455100,63262300
round_k,0,1,5,20,99,489,2428,12277,62275,316311
round_shots,200,100,100,100,100,100,100,100,100
round_queries,200,500,2500,11300,52100,261500,1324500,6695100,33933900
round_k,0,2,12,56,260,1307,6622,33475,169669
round_shots,100,100,100,100,100,100,100,100,100,100
round_queries,100,300,1100,4500,20900,102500,510100,2565700,13024300,65734900
round_k,0,1,5,22,104,512,2550,12828,65121,328674
round_shots,200,100,100,100,100,100,100,100,100,100
round_queries,200,300,1100,4700,20100,99700,492300,2466500,12391900,62817300
round_k,0,1,5,23,100,498,2461,12332,61959,314086
round_shots,300,100,100,100,100,100,100,100,100,100
round_queries,300,300,1100,4500,21300,106300,519500,2553500,12714300,64438300
round_k,0,1,5,22,106,531,2597,12767,63571,322191
round_shots,200,100,100,100,100,100,100,100,100,100
round_queries,200,300,1100,3700,18500,90500,446900,2228100,11211900,56888900
round_k,0,1,5,18,92,452,2234,11140,56059,284444
round_shots,100,100,100,100,100,100,100,100,100,100
round_queries,100,300,1100,3700,16100,78900,387900,1940500,9827500,49760100
round_k,0,1,5,18,80,394,1939,9702,49137,248800
round_shots,200,100,100,100,100,100,100,100,100,100
round_queries,200,300,700,2900,12500,61500,306500,1545500,7749700,38992500
round_k,0,1,3,14,62,307,1532,7727,38748,194962
round_shots,100,100,100,100,100,100,100,100,100,100
round_queries,100,300,700,2300,10500,52300,253300,1275700,6417700,32453500
round_k,0,1,3,11,52,261,1266,6378,32088,162267
round_shots,100,100,100,100,100,100,100,100,100,100
round_queries,100,300,1100,4500,22100,108100,519700,2619900,13201300,66916900
round_k,0,1,5,22,110,540,2598,13099,66006,334584
round_shots,200,100,100,100,100,100,100,100,100,100
round_queries,200,300,1100,3700,18100,89900,441300,2209900,10986300,55814100
round_k,0,1,5,18,90,449,2206,11049,54931,279070
round_shots,100,200,100,100,100,100,100,100,100,100
round_queries,100,600,900,4500,20100,94700,458700,2299700,11614900,58966700
round_k,0,1,4,22,100,473,2293,11498,58074,294833
round_shots,200,100,100,100,100,100,100,100,100,100
round_queries,200,300,1100,4100,20500,99300,498700,2511900,12729500,64589700
round_k,0,1,5,20,102,496,2493,12559,63647,322948
round_shots,100,100,100,100,100,100,100,100,100,100
round_queries,100,300,1100,3700,16500,78100,382500,1902300,9599900,48667900
round_k,0,1,5,18,82,390,1912,9511,47999,243339
round_shots,100,100,100,100,100,100,100,100,100,100
round_queries,100,300,1100,4100,19700,93500,465700,2338700,11747300,59471700
round_k,0,1,5,20,98,467,2328,11693,58736,297358
round_shots,100,100,100,100,100,100,100,100,100,100
round_queries,100,300,1100,4100,19300,91700,457500,2281500,11108100,56385900
round_k,0,1,5,20,96,458,2287,11407,55540,281929
round_shots,100,100,100,100,100,100,100,100,100,100
round_queries,100,300,1100,4900,23900,117300,581700,2926900,14779700,74807300
round_k,0,1,5,24,119,586,2908,14634,73898,374036
round_shots,200,100,100,100,100,100,100,100,100,100
round_queries,200,300,700,2300,9900,47500,229700,1147500,5683300,28380100
round_k,0,1,3,11,49,237,1148,5737,28416,141900
round_shots,100,100,100,100,100,100,100,100,100,100
round_queries,100,300,1100,4300,19300,92900,455500,2297900,11601500,58771900
round_k,0,1,5,21,96,464,2277,11489,58007,293859
round_shots,100,100,100,100,100,100,100,100,100,100
round_queries,100,300,1100,4100,19300,89700,452500,2258300,11386900,57720500
round_k,0,1,5,20,96,448,2262,11291,56934,288602
round_shots,200,100,100,100,100,100,100,100,100
round_queries,200,300,1500,6100,27100,136300,682100,3444900,17400900
round_k,0,1,7,30,135,681,3410,17224,87004
round_shots,200,100,100,100,100,100,100,100,100
round_queries,200,300,1100,5300,26100,124500,628500,3150100,15993300
round_k,0,1,5,26,130,622,3142,15750,79966
round_shots,100,100,100,100,100,100,100,100,100,100
round_queries,100,300,1100,4100,17900,89500,443500,2205700,11121300,56110100
round_k,0,1,5,20,89,447,2217,11028,55606,280550
round_shots,100,100,100,100,100,100,100,100,100,100
round_queries,100,300,1100,4100,19900,92900,457500,2293500,11604100,58738300
round_k,0,1,5,20,99,464,2287,11467,58020,293691
round_shots,200,100,100,100,100,100,100,100,100,100
round_queries,200,300,1100,4300,20700,102300,512100,2578100,12956100,65629700
round_k,0,1,5,21,103,511,2560,12890,64780,328148
round_shots,100,100,100,100,100,100,100,100,100
round_queries,100,300,1500,5700,25300,125500,622100,3153300,15959100
round_k,0,1,7,28,126,627,3110,15766,79795
round_shots,100,100,100,100,100,100,100,100,100
round_queries,100,500,1500,5700,32900,164300,829300,4179300,20949100
round_k,0,2,7,28,164,821,4146,20896,104745
round_shots,200,100,100,100,100,100,100,100,100,100
round_queries,200,300,700,2300,10100,49100,236700,1183500,5990100,30023700
round_k,0,1,3,11,50,245,1183,5917,29950,150118
round_shots,200,200,100,100,100,100,100,100,100,100
round_queries,200,600,900,2700,11700,55300,276300,1387100,6966900,35363900
round_k,0,1,4,13,58,276,1381,6935,34834,176819
round_shots,100,100,100,100,100,100,100,100,100,100
round_queries,100,300,1100,4500,20900,103500,525900,2651700,13436300,67417900
round_k,0,1,5,22,104,517,2629,13258,67181,337089
round_shots,300,100,100,100,100,100,100,100,100
round_queries,300,500,1900,7300,34300,164900,821300,4117100,20851300
round_k,0,2,9,36,171,824,4106,20585,104256
round_shots,100,100,100,100,100,100,100,100,100,100
round_queries,100,300,1100,3700,16900,83900,403300,2019500,10194300,51509700
round_k,0,1,5,18,84,419,2016,10097,50971,257548
round_shots,200,100,100,100,100,100,100,100,100,100
round_queries,200,300,1100,4500,21100,98700,492100,2476900,12536100,63536700
round_k,0,1,5,22,105,493,2460,12384,62680,317683
round_shots,100,100,100,100,100,100,100,100,100,100
round_queries,100,300,1100,3700,15900,75900,375300,1876100,9457100,47902900
round_k,0,1,5,18,79,379,1876,9380,47285,239514
round_shots,200,100,100,100,100,100,100,100,100
round_queries,200,300,1500,5900,27900,134700,665300,3352500,16978900
round_k,0,1,7,29,139,673,3326,16762,84894
round_shots,200,100,100,100,100,100,100,100,100
round_queries,200,300,1500,6900,32100,154500,772300,3882100,19488300
round_k,0,1,7,34,160,772,3861,19410,97441
round_shots,200,100,100,100,100,100,100,100,100
round_queries,200,500,1900,7900,39300,191500,955500,4812300,24380300
round_k,0,2,9,39,196,957,4777,24061,121901
round_shots,100,100,100,100,100,100,100,100,100,100
round_queries,100,300,1100,4500,19900,97100,488100,2458700,12420900,63004900
round_k,0,1,5,22,99,485,2440,12293,62104,315024
round_shots,100,100,100,100,100,100,100,100,100,100
round_queries,100,300,1100,4100,18900,91700,452900,2266300,11432700,57864300
round_k,0,1,5,20,94,458,2264,11331,57163,289321
round_shots,200,100,100,100,100,100,100,100,100,100
round_queries,200,300,1100,4100,18700,87100,431900,2175500,10980300,55301700
round_k,0,1,5,20,93,435,2159,10877,54901,276508
round_shots,200,100,100,100,100,100,100,100,100,100
round_queries,200,300,1100,4700,22700,105500,526700,2655100,13401100,67953500
round_k,0,1,5,23,113,527,2633,13275,67005,339767
round_shots,200,100,100,100,100,100,100,100,100,100
round_queries,200,300,1100,4700,21300,101300,507700,2571100,13033500,66171300
round_k,0,1,5,23,106,506,2538,12855,65167,330856
round_shots,200,100,100,100,100,100,100,100,100
round_queries,200,500,2300,9300,42700,208300,1033700,5237900,26504300
round_k,0,2,11,46,213,1041,5168,26189,132521
round_shots,200,100,100,100,100,100,100,100,100
round_queries,200,500,1500,6300,31100,147100,734100,3691300,18435100
round_k,0,2,7,31,155,735,3670,18456,92175
round_shots,200,200,100,100,100,100,100,100,100,100
round_queries,200,600,1100,4500,20700,99700,501300,2529700,12722900,65002500
round_k,0,1,5,22,103,498,2506,12648,63614,325012
round_shots,200,100,100,100,100,100,100,100,100
round_queries,200,300,1500,5300,25700,127500,629500,3121100,15741300
round_k,0,1,7,26,128,637,3147,15605,78706
round_shots,200,100,100,100,100,100,100,100,100,100
round_queries,200,300,1100,3500,15900,76900,381900,1911100,9609300,48268700
round_k,0,1,5,17,79,384,1909,9555,48046,241343
round_shots,100,100,100,100,100,100,100,100,100,100
round_queries,100,300,700,2700,11300,54300,275500,1358900,6855100,34672300
round_k,0,1,3,13,56,271,1377,6794,34275,173361
round_shots,200,100,100,100,100,100,100,100,100,100
round_queries,200,300,1100,4100,19300,93500,456500,2280700,11522500,58463500
round_k,0,1,5,20,96,467,2282,11403,57612,292317
round_shots,200,100,100,100,100,100,100,100,100,100
round_queries,200,300,1100,4900,22700,106500,521900,2609500,13211500,67041700
round_k,0,1,5,24,113,532,2609,13047,66057,335208
round_shots,200,100,100,100,100,100,100,100,100
round_queries,200,300,1500,6900,31900,155500,786700,3962700,20088700
round_k,0,1,7,34,159,777,3933,19813,100443
round_shots,100,100,100,100,100,100,100,100,100,100
round_queries,100,300,700,2900,11700,56100,268900,1341100,6744500,34035100
round_k,0,1,3,14,58,280,1344,6705,33722,170175
round_shots,100,100,100,100,100,100,100,100,100,100
round_queries,100,300,700,1900,7700,34900,167900,839300,4229100,21410500
round_k,0,1,3,9,38,174,839,4196,21145,107052
round_shots,200,100,100,100,100,100,100,100,100,100
round_queries,200,300,1100,4700,22300,109900,546500,2742300,13906700,70499900
round_k,0,1,5,23,111,549,2732,13711,69533,352499
round_shots,200,100,100,100,100,100,100,100,100,100
round_queries,200,300,700,2900,14500,69300,344100,1718900,8647500,43179500
round_k,0,1,3,14,72,346,1720,8594,43237,215897
round_shots,100,100,100,100,100,100,100,100,100
round_queries,100,500,1500,5900,27500,135900,672700,3389100,17056300
round_k,0,2,7,29,137,679,3363,16945,85281
round_shots,200,100,100,100,100,100,100,100,100,100
round_queries,200,300,1100,3100,15500,75900,368100,1861700,9373900,47485300
round_k,0,1,5,15,77,379,1840,9308,46869,237426
round_shots,100,100,100,100,100,100,100,100,100,100
round_queries,100,300,1100,4700,22300,106500,513900,2594500,13068100,66101900
round_k,0,1,5,23,111,532,2569,12972,65340,330509
round_shots,200,100,100,100,100,100,100,100,100,100
round_queries,200,300,1100,3700,17700,85300,413100,2051300,10366300,52501700
round_k,0,1,5,18,88,426,2065,10256,51831,262508
round_shots,100,100,100,100,100,100,100,100,100,100
round_queries,100,300,700,1900,8100,36900,178700,884700,4450100,22439100
round_k,0,1,3,9,40,184,893,4423,22250,112195
round_shots,100,100,100,100,100,100,100,100,100,100
round_queries,100,300,1100,4900,21700,105700,525500,2581300,13035700,66047900
round_k,0,1,5,24,108,528,2627,12906,65178,330239
round_shots,200,100,100,100,100,100,100,100,100,100
round_queries,200,300,1100,4100,19300,95900,473300,2388300,12092500,61228700
round_k,0,1,5,20,96,479,2366,11941,60462,306143
round_shots,200,100,100,100,100,100,100,100,100,100
round_queries,200,300,1100,4500,21500,104900,524700,2626500,13104500,65441900
round_k,0,1,5,22,107,524,2623,13132,65522,327209
round_shots,200,100,100,100,100,100,100,100,100,100
round_queries,200,300,1100,4100,17300,82500,403900,2029300,10214300,51219700
round_k,0,1,5,20,86,412,2019,10146,51071,256098
round_shots,100,100,100,100,100,100,100,100,100,100
round_queries,100,300,1100,5100,25100,122700,614100,3079100,15491300,78003900
round_k,0,1,5,25,125,613,3070,15395,77456,390019
round_shots,200,100,100,100,100,100,100,100,100,100
round_queries,200,300,700,2900,12700,62700,309700,1545100,7818300,39538700
round_k,0,1,3,14,63,313,1548,7725,39091,197693
round_shots,200,100,100,100,100,100,100,100,100
round_queries,200,700,2900,12500,56700,277700,1407300,7091500,35861900
round_k,0,3,14,62,283,1388,7036,35457,179309
round_shots,200,100,100,100,100,100,100,100,100,100
round_queries,200,300,700,2900,11900,56700,274100,1353700,6819300,34541900
round_k,0,1,3,14,59,283,1370,6768,34096,172709
round_shots,200,100,100,100,100,100,100,100,100
round_queries,200,300,1500,6300,28300,141500,697300,3539900,17901500
round_k,0,1,7,31,141,707,3486,17699,89507
round_shots,200,100,100,100,100,100,100,100,100,100
round_queries,200,300,1100,4100,17500,86700,433700,2193900,11104700,55766700
round_k,0,1,5,20,87,433,2168,10969,55523,278833
round_shots,100,100,100,100,100,100,100,100,100,100
round_queries,100,300,1100,3700,16500,78700,388900,1958500,9867300,49883700
round_k,0,1,5,18,82,393,1944,9792,49336,249418
round_shots,300,100,100,100,100,100,100,100,100,100
round_queries,300,300,700,2300,8900,42500,203700,1011100,5081500,25690500
round_k,0,1,3,11,44,212,1018,5055,25407,128452
round_shots,100,100,100,100,100,100,100,100,100
round_queries,100,300,1500,7100,33500,162500,815300,4114900,20820900
round_k,0,1,7,35,167,812,4076,20574,104104
round_shots,100,100,100,100,100,100,100,100,100,100
round_queries,100,300,700,2900,13100,61900,308900,1562100,7890100,39995100
round_k,0,1,3,14,65,309,1544,7810,39450,199975
round_shots,100,100,100,100,100,100,100,100,100,100
round_queries,100,300,700,1900,7500,37300,179100,895900,4516900,22891900
round_k,0,1,3,9,37,186,895,4479,22584,114459
round_shots,200,100,100,100,100,100,100,100,100,100
round_queries,200,300,1100,3100,15500,72500,354900,1778900,8953100,45389300
round_k,0,1,5,15,77,362,1774,8894,44765,226946
round_shots,200,100,100,100,100,100,100,100,100,100
round_queries,200,300,1100,4500,19300,95300,469300,2379900,12070100,61155700
round_k,0,1,5,22,96,476,2346,11899,60350,305778
round_shots,100,100,100,100,100,100,100,100,100,100
round_queries,100,300,1100,4500,21300,104900,514100,2558100,12888900,65375300
round_k,0,1,5,22,106,524,2570,12790,64444,326876
round_shots,200,100,100,100,100,100,100,100,100,100
round_queries,200,300,700,2500,11500,56100,267700,1329700,6668700,33654100
round_k,0,1,3,12,57,280,1338,6648,33343,168270
round_shots,100,100,100,100,100,100,100,100,100,100
round_queries,100,300,1100,4100,18500,90500,453100,2281300,11507700,58286900
round_k,0,1,5,20,92,452,2265,11406,57538,291434
round_shots,200,100,100,100,100,100,100,100,100,100
round_queries,200,300,1100,4500,19500,90700,449300,2258100,11445500,57990700
round_k,0,1,5,22,97,453,2246,11290,57227,289953
round_shots,200,100,100,100,100,100,100,100,100,100
round_queries,200,300,1100,4100,18300,87500,432500,2176100,11017300,55760100
round_k,0,1,5,20,91,437,2162,10880,55086,278800
round_shots,200,100,100,100,100,100,100,100,100,100
round_queries,200,300,1100,3700,18500,86500,429500,2133300,10784700,54585300
round_k,0,1,5,18,92,432,2147,10666,53923,272926
round_shots,100,100,100,100,100,100,100,100,100
round_queries,100,300,1500,5900,27500,129900,639900,3248100,16399900
round_k,0,1,7,29,137,649,3199,16240,81999
round_shots,200,100,100,100,100,100,100,100,100
round_queries,200,700,1900,7500,34700,167300,824500,4120700,20868500
round_k,0,3,9,37,173,836,4122,20603,104342
round_shots,100,100,100,100,100,100,100,100,100
round_queries,100,300,1500,6300,29700,145900,709500,3579100,18139700
round_k,0,1,7,31,148,729,3547,17895,90698
round_shots,100,100,100,100,100,100,100,100,100,100
round_queries,100,300,1100,4900,23500,112700,566700,2834700,14340900,72474900
round_k,0,1,5,24,117,563,2833,14173,71704,362374
round_shots,100,100,100,100,100,100,100,100,100,100
round_queries,100,300,1100,4100,19100,92300,462100,2326500,11761700,59416100
round_k,0,1,5,20,95,461,2310,11632,58808,297080
round_shots,100,100,100,100,100,100,100,100,100,100
round_queries,100,300,700,2900,13300,61300,301900,1509100,7586300,38243700
round_k,0,1,3,14,66,306,1509,7545,37931,191218
round_shots,300,100,100,100,100,100,100,100,100,100
round_queries,300,300,1100,4500,21300,106900,537900,2719700,13737500,69526900
round_k,0,1,5,22,106,534,2689,13598,68687,347634
round_shots,200,100,100,100,100,100,100,100,100
round_queries,200,500,2300,10900,53100,265500,1327300,6681300,33776500
round_k,0,2,11,54,265,1327,6636,33406,168882
round_shots,100,100,100,100,100,100,100,100,100,100
round_queries,100,300,1100,4500,20700,99100,487700,2453500,12380700,62874500
round_k,0,1,5,22,103,495,2438,12267,61903,314372
round_shots,100,100,100,100,100,100,100,100,100,100
round_queries,100,300,1100,5100,24900,122500,605700,3042700,15308700,77511300
round_k,0,1,5,25,124,612,3028,15213,76543,387556
round_shots,100,100,100,100,100,100,100,100,100,100
round_queries,100,300,1100,4500,20500,98900,473500,2383300,12070500,61131100
round_k,0,1,5,22,102,494,2367,11916,60352,305655
round_shots,200,100,100,100,100,100,100,100,100,100
round_queries,200,300,1100,5100,23500,113300,568100,2849700,14337100,72532100
round_k,0,1,5,25,117,566,2840,14248,71685,362660
round_shots,100,100,100,100,100,100,100,100,100,100
round_queries,100,300,1100,4500,20100,99700,498100,2512500,12665300,64297100
round_k,0,1,5,22,100,498,2490,12562,63326,321485
round_shots,200,100,100,100,100,100,100,100,100,100
round_queries,200,300,1100,4900,22500,106500,525100,2509700,12631300,64003700
round_k,0,1,5,24,112,532,2625,12548,63156,320018
round_shots,100,100,100,100,100,100,100,100,100,100
round_queries,100,300,1100,4900,23300,112500,557900,2802700,14175300,71523700
round_k,0,1,5,24,116,562,2789,14013,70876,357618
round_shots,100,100,100,100,100,100,100,100,100,100
round_queries,100,300,1100,4500,21500,101100,480100,2377100,11994900,60766100
round_k,0,1,5,22,107,505,2400,11885,59974,303830
round_shots,100,100,100,100,100,100,100,100,100,100
round_queries,100,300,1100,4100,18300,88700,418900,2079900,10436700,52888100
round_k,0,1,5,20,91,443,2094,10399,52183,264440
round_shots,100,100,100,100,100,100,100,100,100,100
round_queries,100,300,1100,5100,24300,119300,600300,3022300,15314300,77239500
round_k,0,1,5,25,121,596,3001,15111,76571,386197
round_shots,200,100,100,100,100,100,100,100,100
round_queries,200,500,2300,9300,44700,219500,1089700,5492500,27721500
round_k,0,2,11,46,223,1097,5448,27462,138607
round_shots,200,100,100,100,100,100,100,100,100,100
round_queries,200,300,1100,4900,23900,119100,593100,2999500,15036900,76212900
round_k,0,1,5,24,119,595,2965,14997,75184,381064
round_shots,200,100,100,100,100,100,100,100,100,100
round_queries,200,300,700,1900,8300,38700,187300,926900,4643100,23491100
round_k,0,1,3,9,41,193,936,4634,23215,117455
round_shots,100,100,100,100,100,100,100,100,100,100
round_queries,100,300,1100,5500,24100,118100,585100,2936100,14851500,75439100
round_k,0,1,5,27,120,590,2925,14680,74257,377195
round_shots,100,100,100,100,100,100,100,100,100,100
round_queries,100,300,700,2500,10700,48500,245900,1226300,6193500,31291500
round_k,0,1,3,12,53,242,1229,6131,30967,156457
round_shots,100,100,100,100,100,100,100,100,100,100
round_queries,100,300,700,2300,10900,50300,245700,1217300,6171900,31079500
round_k,0,1,3,11,54,251,1228,6086,30859,155397
round_shots,200,100,100,100,100,100,100,100,100,100
round_queries,200,300,1100,4500,21500,108100,540700,2714300,13693500,69268500
round_k,0,1,5,22,107,540,2703,13571,68467,346342
round_shots,100,100,100,100,100,100,100,100,100,100
round_queries,100,300,700,2700,12500,61700,309700,1547300,7826900,39286300
round_k,0,1,3,13,62,308,1548,7736,39134,196431
round_shots,200,100,100,100,100,100,100,100,100,100
round_queries,200,300,700,2300,10100,46100,229300,1134100,5733700,28973300
round_k,0,1,3,11,50,230,1146,5670,28668,144866
round_shots,100,100,100,100,100,100,100,100,100,100
round_queries,100,300,1100,5500,24500,115900,575300,2852900,14412500,72993900
round_k,0,1,5,27,122,579,2876,14264,72062,364969
round_shots,200,100,100,100,100,100,100,100,100,100
round_queries,200,300,700,2300,11500,54300,264500,1322700,6677100,33672900
round_k,0,1,3,11,57,271,1322,6613,33385,168364
round_shots,100,100,100,100,100,100,100,100,100,100
round_queries,100,300,1100,4500,20700,101700,496900,2516500,12698300,64302700
round_k,0,1,5,22,103,508,2484,12582,63491,321513
round_shots,100,100,100,100,100,100,100,100,100,100
round_queries,100,300,1100,3700,16900,80900,400300,2017900,10148700,51417100
round_k,0,1,5,18,84,404,2001,10089,50743,257085
round_shots,200,100,100,100,100,100,100,100,100,100
round_queries,200,300,1100,4900,22300,107500,538900,2710500,13602500,68757500
round_k,0,1,5,24,111,537,2694,13552,68012,343787
round_shots,200,100,100,100,100,100,100,100,100,100
round_queries,200,300,1100,3100,17300,83700,405700,2039300,10299500,52025100
round_k,0,1,5,15,86,418,2028,10196,51497,260125
round_shots,100,100,100,100,100,100,100,100,100,100
round_queries,100,300,1100,3100,12900,63500,307900,1529100,7661300,38895700
round_k,0,1,5,15,64,317,1539,7645,38306,194478
round_shots,200,100,100,100,100,100,100,100,100,100
round_queries,200,300,1100,4100,18100,85300,421700,2130900,10812900,54822300
round_k,0,1,5,20,90,426,2108,10654,54064,274111
round_shots,200,100,100,100,100,100,100,100,100,100
round_queries,200,300,1100,3700,16500,81500,400900,1999100,10103100,51235900
round_k,0,1,5,18,82,407,2004,9995,50515,256179
round_shots,200,100,100,100,100,100,100,100,100,100
round_queries,200,300,1100,4500,20300,101500,506300,2545900,12827700,65012700
round_k,0,1,5,22,101,507,2531,12729,64138,325063
round_shots,100,100,100,100,100,100,100,100,100
round_queries,100,300,1500,7100,32700,152500,758900,3816500,19285900
round_k,0,1,7,35,163,762,3794,19082,96429
round_shots,100,100,100,100,100,100,100,100,100,100
round_queries,100,300,1100,4100,17900,88700,444700,2217700,11161500,56327900
round_k,0,1,5,20,89,443,2223,11088,55807,281639
round_shots,100,100,100,100,100,100,100,100,100
round_queries,100,300,1500,6300,28700,139300,692100,3507100,17595700
round_k,0,1,7,31,143,696,3460,17535,87978
round_shots,200,100,100,100,100,100,100,100,100,100
round_queries,200,300,1100,3700,16300,79500,395700,1972300,10001100,50653700
round_k,0,1,5,18,81,397,1978,9861,50005,253268
round_shots,100,100,100,100,100,100,100,100,100,100
round_queries,100,300,1100,4100,20300,97500,478900,2426500,12187100,61811100
round_k,0,1,5,20,101,487,2394,12132,60935,309055
round_shots,200,100,100,100,100,100,100,100,100
round_queries,200,500,1900,9500,43700,214500,1071300,5429900,27458700
round_k,0,2,9,47,218,1072,5356,27149,137293
round_shots,100,100,100,100,100,100,100,100,100,100
round_queries,100,300,1100,4100,19900,95500,477100,2390700,12059900,61113300
round_k,0,1,5,20,99,477,2385,11953,60299,305566
round_shots,100,100,100,100,100,100,100,100,100
round_queries,100,300,1500,5900,26700,128900,640300,3209100,16235900
round_k,0,1,7,29,133,644,3201,16045,81179
round_shots,200,100,100,100,100,100,100,100,100
round_queries,200,700,2900,12500,61700,303300,1516300,7630100,38562500
round_k,0,3,14,62,308,1516,7581,38150,192812
round_shots,100,100,100,100,100,100,100,100,100,100
round_queries,100,300,1100,3500,16500,80900,409900,2053900,10396900,52640500
round_k,0,1,5,17,82,404,2049,10269,51984,263202
round_shots,200,100,100,100,100,100,100,100,100,100
round_queries,200,300,700,2900,12900,61100,298700,1415300,7026500,35364700
round_k,0,1,3,14,64,305,1493,7076,35132,176823
round_shots,100,100,100,100,100,100,100,100,100,100
round_queries,100,300,1100,3900,17900,86700,422100,2109900,10659700,54019100
round_k,0,1,5,19,89,433,2110,10549,53298,270095
round_shots,100,100,100,100,100,100,100,100,100,100
round_queries,100,300,1100,4500,20900,99700,495900,2505700,12665700,64083700
round_k,0,1,5,22,104,498,2479,12528,63328,320418
round_shots,200,100,100,100,100,100,100,100,100,100
round_queries,200,500,1500,5500,25300,119900,573900,2829100,14219700,72028700
round_k,0,2,7,27,126,599,2869,14145,71098,360143
round_shots,200,100,100,100,100,100,100,100,100,100
round_queries,200,300,1100,4500,21500,100100,497900,2482500,12529100,63167700
round_k,0,1,5,22,107,500,2489,12412,62645,315838
round_shots,200,100,100,100,100,100,100,100,100
round_queries,200,300,1100,5500,25700,123700,613900,3085500,15673100
round_k,0,1,5,27,128,618,3069,15427,78365
round_shots,100,100,100,100,100,100,100,100,100
round_queries,100,300,1500,6300,31100,154700,765100,3855300,19507300
round_k,0,1,7,31,155,773,3825,19276,97536
round_shots,200,100,100,100,100,100,100,100,100
round_queries,200,300,1500,6100,28300,137900,691700,3459100,17431900
round_k,0,1,7,30,141,689,3458,17295,87159
round_shots,300,100,100,100,100,100,100,100,100,100
round_queries,300,300,1100,4500,20300,96500,480900,2391700,12086700,61169100
round_k,0,1,5,22,101,482,2404,11958,60433,305845
round_shots,100,100,100,100,100,100,100,100,100,100
round_queries,100,300,700,2700,12700,61700,303900,1521100,7647300,38737700
round_k,0,1,3,13,63,308,1519,7605,38236,193688
round_shots,100,100,100,100,100,100,100,100,100,100
round_queries,100,300,1100,5300,24100,118300,580700,2930300,14713100,74449300
round_k,0,1,5,26,120,591,2903,14651,73565,372246
round_shots,200,100,100,100,100,100,100,100,100,100
round_queries,200,300,1100,3700,17900,88500,441700,2210300,11164500,56479300
round_k,0,1,5,18,89,442,2208,11051,55822,282396
round_shots,200,100,100,100,100,100,100,100,100,100
round_queries,200,300,1100,4700,21900,105100,524300,2651100,13392300,67518900
round_k,0,1,5,23,109,525,2621,13255,66961,337594
round_shots,200,100,100,100,100,100,100,100,100,100
round_queries,200,300,700,2300,9700,48300,235700,1182100,5973900,30275500
round_k,0,1,3,11,48,241,1178,5910,29869,151377
round_shots,200,200,100,100,100,100,100,100,100,100
round_queries,200,600,900,4500,19900,98100,491300,2456500,12262500,62279500
round_k,0,1,4,22,99,490,2456,12282,61312,311397
round_shots,100,100,100,100,100,100,100,100,100,100
round_queries,100,300,1100,4900,22300,106900,534300,2647700,13410700,67385100
round_k,0,1,5,24,111,534,2671,13238,67053,336925
round_shots,100,100,100,100,100,100,100,100,100
round_queries,100,300,1500,6900,33500,162300,800700,4030700,20262500
round_k,0,1,7,34,167,811,4003,20153,101312
round_shots,200,100,100,100,100,100,100,100,100,100
round_queries,200,300,1100,4500,21100,106300,530500,2667900,13478500,67887900
round_k,0,1,5,22,105,531,2652,13339,67392,339439
round_shots,100,100,100,100,100,100,100,100,100,100
round_queries,100,300,1100,4100,18500,89100,443900,2229300,11244700,57042700
round_k,0,1,5,20,92,445,2219,11146,56223,285213
round_shots,200,100,100,100,100,100,100,100,100,100
round_queries,200,300,1100,3500,17500,85500,425700,2133700,10787700,54727900
round_k,0,1,5,17,87,427,2128,10668,53938,273639
round_shots,200,100,100,100,100,100,100,100,100,100
round_queries,200,300,1100,4500,19500,95300,478500,2406100,12178100,61678500
round_k,0,1,5,22,97,476,2392,12030,60890,308392
round_shots,100,100,100,100,100,100,100,100,100,100
round_queries,100,300,700,2500,10700,48500,237700,1185700,5966300,29918900
round_k,0,1,3,12,53,242,1188,5928,29831,149594
round_shots,200,100,100,100,100,100,100,100,100,100
round_queries,200,300,700,2300,11100,51500,256900,1284300,6494300,32708300
round_k,0,1,3,11,55,257,1284,6421,32471,163541
round_shots,100,100,100,100,100,100,100,100,100,100
round_queries,100,300,1100,3700,16700,76100,357900,1801500,9087300,45919500
round_k,0,1,5,18,83,380,1789,9007,45436,229597
round_shots,100,100,100,100,100,100,100,100,100,100
round_queries,100,300,1100,4900,22500,104900,511100,2555500,12978700,65238100
round_k,0,1,5,24,112,524,2555,12777,64893,326190
round_shots,200,100,100,100,100,100,100,100,100,100
round_queries,200,300,700,1900,7300,36300,178300,873300,4417100,22373900
round_k,0,1,3,9,36,181,891,4366,22085,111869
round_shots,200,100,100,100,100,100,100,100,100,100
round_queries,200,300,1100,4500,21100,104700,523100,2646500,13387100,67862700
round_k,0,1,5,22,105,523,2615,13232,66935,339313
round_shots,100,100,100,100,100,100,100,100,100,100
round_queries,100,300,1100,3700,17300,83900,417900,2100700,10624300,53752300
round_k,0,1,5,18,86,419,2089,10503,53121,268761
round_shots,100,100,100,100,100,100,100,100,100,100
round_queries,100,300,1100,4500,20500,99900,489900,2460100,12480900,63201900
round_k,0,1,5,22,102,499,2449,12300,62404,316009
round_shots,100,100,100,100,100,100,100,100,100
round_queries,100,300,1500,6300,30100,145100,724100,3644300,18451900
round_k,0,1,7,31,150,725,3620,18221,92259
round_shots,100,100,100,100,100,100,100,100,100
round_queries,100,300,1500,6300,29300,142100,693300,3663900,18485100
round_k,0,1,7,31,146,710,3466,18319,92425
round_shots,100,100,100,100,100,100,100,100,100,100
round_queries,100,300,1100,3100,14500,69100,337500,1713900,8503100,43069700
round_k,0,1,5,15,72,345,1687,8569,42515,215348
round_shots,100,100,100,100,100,100,100,100,100,100
round_queries,100,300,1100,3900,17100,79700,402300,1967500,9919500,49763900
round_k,0,1,5,19,85,398,2011,9837,49597,248819
round_shots,100,100,100,100,100,100,100,100,100,100
round_queries,100,300,1100,4500,19100,91900,443300,2227300,11247500,57034700
round_k,0,1,5,22,95,459,2216,11136,56237,285173
round_shots,100,100,100,100,100,100,100,100,100,100
round_queries,100,300,700,3300,15500,72100,351700,1750500,8884700,44982700
round_k,0,1,3,16,77,360,1758,8752,44423,224913
round_shots,100,100,100,100,100,100,100,100,100,100
round_queries,100,300,1100,4500,20100,99100,496900,2493500,12604100,63839100
round_k,0,1,5,22,100,495,2484,12467,63020,319195
round_shots,100,100,100,100,100,100,100,100,100
round_queries,100,300,1100,4100,19700,97100,583900,3071900,15578700
round_k,0,1,5,20,98,485,2919,15359,77893
round_shots,100,100,100,100,100,100,100,100,100,100
round_queries,100,300,700,2300,8700,41700,201100,1003100,5035900,25530300
round_k,0,1,3,11,43,208,1005,5015,25179,127651
round_shots,200,100,100,100,100,100,100,100,100
round_queries,200,300,1500,7100,32700,159700,802500,4072700,20584700
round_k,0,1,7,35,163,798,4012,20363,102923
round_shots,100,100,100,100,100,100,100,100,100,100
round_queries,100,300,700,2300,10100,46300,228300,1153100,5831300,29563100
round_k,0,1,3,11,50,231,1141,5765,29156,147815
round_shots,200,100,100,100,100,100,100,100,100,100
round_queries,200,300,700,2900,13300,63900,312500,1563300,7867500,39935900
round_k,0,1,3,14,66,319,1562,7816,39337,199679
round_shots,200,100,100,100,100,100,100,100,100
round_queries,200,500,1900,7500,34700,172700,857300,4296900,21671500
round_k,0,2,9,37,173,863,4286,21484,108357
round_shots,200,100,100,100,100,100,100,100,100,100
round_queries,200,300,1100,4100,19700,96300,475100,2389500,12078700,61241100
round_k,0,1,5,20,98,481,2375,11947,60393,306205
round_shots,200,100,100,100,100,100,100,100,100
round_queries,200,700,2900,12300,58100,292700,1474900,7452100,37695300
round_k,0,3,14,61,290,1463,7374,37260,188476
round_shots,100,100,100,100,100,100,100,100,100,100
round_queries,100,300,1100,4500,20500,97300,480900,2422300,12193900,61836300
round_k,0,1,5,22,102,486,2404,12111,60969,309181
round_shots,100,100,100,100,100,100,100,100,100,100
round_queries,100,300,1100,4500,20300,97700,485700,2424300,12266700,62178700
round_k,0,1,5,22,101,488,2428,12121,61333,310893
round_shots,200,100,100,100,100,100,100,100,100,100
round_queries,200,300,700,2900,12700,61100,301700,1505700,7576300,38419100
round_k,0,1,3,14,63,305,1508,7528,37881,192095
round_shots,300,100,100,100,100,100,100,100,100
round_queries,300,500,2500,10700,49100,234700,1117900,5611700,27106100
round_k,0,2,12,53,245,1173,5589,28058,135530
round_shots,100,100,100,100,100,100,100,100,100,100
round_queries,100,300,1100,5100,23300,112700,568900,2870100,14505300,73519100
round_k,0,1,5,25,116,563,2844,14350,72526,367595
round_shots,100,100,100,100,100,100,100,100,100,100
round_queries,100,300,700,2700,11100,51900,254700,1275500,6418500,32518500
round_k,0,1,3,13,55,259,1273,6377,32092,162592
round_shots,200,100,100,100,100,100,100,100,100,100
round_queries,200,300,1100,5100,22500,112500,559700,2774100,14009100,70673300
round_k,0,1,5,25,112,562,2798,13870,70045,353366
round_shots,100,100,100,100,100,100,100,100,100,100
round_queries,100,300,1100,3700,16300,77700,384700,1949300,9833300,49905900
round_k,0,1,5,18,81,388,1923,9746,49166,249529
round_shots,100,100,100,100,100,100,100,100,100,100
round_queries,100,300,1100,4700,20500,99300,493100,2475100,12489700,63254100
round_k,0,1,5,23,102,496,2465,12375,62448,316270
round_shots,200,100,100,100,100,100,100,100,100,100
round_queries,200,300,1100,5500,26100,130500,615100,3041300,15364900,77671300
round_k,0,1,5,27,130,652,3075,15206,76824,388356
round_shots,100,100,100,100,100,100,100,100,100
round_queries,100,300,1100,5500,25700,127900,639100,3205900,16232300
round_k,0,1,5,27,128,639,3195,16029,81161
round_shots,100,100,100,100,100,100,100,100,100,100
round_queries,100,300,1100,5100,24700,118700,587900,2945100,14888300,74800100
round_k,0,1,5,25,123,593,2939,14725,74441,374000
round_shots,100,100,100,100,100,100,100,100,100,100
round_queries,100,300,1100,4900,21500,104500,523100,2612300,13107900,66474700
round_k,0,1,5,24,107,522,2615,13061,65539,332373
round_shots,200,100,100,100,100,100,100,100,100,100
round_queries,200,300,1100,4100,19100,89100,438700,2181100,11041900,55727300
round_k,0,1,5,20,95,445,2193,10905,55209,278636
round_shots,200,100,100,100,100,100,100,100,100,100
round_queries,200,300,1100,5100,22300,106900,536300,2718500,13771300,69768500
round_k,0,1,5,25,111,534,2681,13592,68856,348842
round_shots,200,100,100,100,100,100,100,100,100,100
round_queries,200,300,1100,3700,16100,75100,373900,1878500,9445700,47759300
round_k,0,1,5,18,80,375,1869,9392,47228,238796
round_shots,200,100,100,100,100,100,100,100,100,100
round_queries,200,300,900,3100,13500,63900,317900,1591500,8055900,40454500
round_k,0,1,4,15,67,319,1589,7957,40279,202272
round_shots,100,100,100,100,100,100,100,100,100,100
round_queries,100,300,700,1900,9100,43900,210900,1037900,5202700,26337500
round_k,0,1,3,9,45,219,1054,5189,26013,131687
round_shots,300,100,100,100,100,100,100,100,100
round_queries,300,500,1900,8100,38500,188100,982300,4952500,25004300
round_k,0,2,9,40,192,940,4911,24762,125021
round_shots,200,100,100,100,100,100,100,100,100,100
round_queries,200,300,1100,4500,21300,104700,521500,2613900,13320900,67140900
round_k,0,1,5,22,106,523,2607,13069,66604,335704
round_shots,100,100,100,100,100,100,100,100,100,100
round_queries,100,300,1100,3100,12900,62300,306900,1531100,7683500,38904900
round_k,0,1,5,15,64,311,1534,7655,38417,194524
round_shots,200,100,100,100,100,100,100,100,100
round_queries,200,500,1900,8700,42900,211900,1052500,5327700,26985300
round_k,0,2,9,43,214,1059,5262,26638,134926
round_shots,100,100,100,100,100,100,100,100,100
round_queries,100,300,1100,4900,21900,104100,623300,3136900,15848900
round_k,0,1,5,24,109,520,3116,15684,79244
round_shots,200,100,100,100,100,100,100,100,100,100
round_queries,200,300,700,2700,10900,53900,267300,1330100,6716300,34106300
round_k,0,1,3,13,54,269,1336,6650,33581,170531
round_shots,100,100,100,100,100,100,100,100,100,100
round_queries,100,300,700,2300,10100,49300,246500,1238500,6281300,31625300
round_k,0,1,3,11,50,246,1232,6192,31406,158126
round_shots,200,100,100,100,100,100,100,100,100,100
round_queries,200,300,1100,4900,22300,106100,524700,2648300,13393100,67609500
round_k,0,1,5,24,111,530,2623,13241,66965,338047
round_shots,200,100,100,100,100,100,100,100,100,100
round_queries,200,300,1100,4500,19500,95700,473900,2379300,12019700,60952900
round_k,0,1,5,22,97,478,2369,11896,60098,304764
round_shots,100,100,100,100,100,100,100,100,100,100
round_queries,100,300,1100,4100,18300,89500,443700,2232100,11846500,59634700
round_k,0,1,5,20,91,447,2218,11160,59232,298173
round_shots,100,100,100,100,100,100,100,100,100,100
round_queries,100,300,1100,4900,24500,119900,592500,2999700,15178500,77004100
round_k,0,1,5,24,122,599,2962,14998,75892,385020
round_shots,300,100,100,100,100,100,100,100,100,100
round_queries,300,300,1100,4100,18900,93100,464700,2337500,11764900,59690900
round_k,0,1,5,20,94,465,2323,11687,58824,298454
round_shots,200,100,100,100,100,100,100,100,100,100
round_queries,200,300,1100,4500,22300,110300,556700,2681300,13064900,65668100
round_k,0,1,5,22,111,551,2783,13406,65324,328340
round_shots,300,100,100,100,100,100,100,100,100
round_queries,300,500,1900,8900,42100,204700,1015500,5150300,26053900
round_k,0,2,9,44,210,1023,5077,25751,130269
round_shots,100,100,100,100,100,100,100,100,100,100
round_queries,100,300,700,2300,10300,48500,239100,1199900,6034300,30531300
round_k,0,1,3,11,51,242,1195,5999,30171,152656
round_shots,200,100,100,100,100,100,100,100,100,100
round_queries,200,300,1100,4500,19700,98300,482300,2427100,12265300,62084700
round_k,0,1,5,22,98,491,2411,12135,61326,310423
round_shots,100,100,100,100,100,100,100,100,100,100
round_queries,100,300,1100,5100,24500,118900,593700,2986500,15057300,76166700
round_k,0,1,5,25,122,594,2968,14932,75286,380833
round_shots,200,100,100,100,100,100,100,100,100
round_queries,200,500,1900,8500,39900,194300,975100,4935300,24750500
round_k,0,2,9,42,199,971,4875,24676,123752
round_shots,300,100,100,100,100,100,100,100,100,100
round_queries,300,300,700,1900,9100,41700,203700,1020500,5154900,25930300
round_k,0,1,3,9,45,208,1018,5102,25774,129651
round_shots,200,100,100,100,100,100,100,100,100,100
round_queries,200,300,1100,5500,24300,110500,545900,2753900,13915900,70649500
round_k,0,1,5,27,121,552,2729,13769,69579,353247
round_shots,200,100,100,100,100,100,100,100,100,100
round_queries,200,300,1100,4500,20100,98700,486500,2456900,12364100,62645900
round_k,0,1,5,22,100,493,2432,12284,61820,313229
round_shots,200,100,100,100,100,100,100,100,100
round_queries,200,300,1100,5500,26100,128300,632700,3169700,15897900
round_k,0,1,5,27,130,641,3163,15848,79489
round_shots,100,100,100,100,100,100,100,100,100
round_queries,100,300,1500,7300,34900,172500,868500,4362300,21984700
round_k,0,1,7,36,174,862,4342,21811,109923
round_shots,200,100,100,100,100,100,100,100,100
round_queries,200,500,1500,5900,27500,139700,660300,3230100,16257500
round_k,0,2,7,29,137,698,3301,16150,81287
round_shots,100,100,100,100,100,100,100,100,100,100
round_queries,100,300,1100,5500,25100,120300,595900,3011900,15231900,77081100
round_k,0,1,5,27,125,601,2979,15059,76159,385405
round_shots,100,100,100,100,100,100,100,100,100,100
round_queries,100,300,700,2900,12900,59500,297500,1484300,7485500,37943100
round_k,0,1,3,14,64,297,1487,7421,37427,189715
round_shots,200,100,100,100,100,100,100,100,100
round_queries,200,500,1500,6300,30700,152100,758300,3811900,19310900
round_k,0,2,7,31,153,760,3791,19059,96554
round_shots,200,100,100,100,100,100,100,100,100,100
round_queries,200,300,1100,3700,17300,83500,418900,2109100,10668500,53990300
round_k,0,1,5,18,86,417,2094,10545,53342,269951
round_shots,100,100,100,100,100,100,100,100,100,100
round_queries,100,300,1100,4100,18700,88500,425900,2116900,10657300,53984100
round_k,0,1,5,20,93,442,2129,10584,53286,269920
round_shots,200,100,100,100,100,100,100,100,100,100
round_queries,200,300,1100,4500,19500,94300,470100,2373700,11989700,60638700
round_k,0,1,5,22,97,471,2350,11868,59948,303193
round_shots,200,100,100,100,100,100,100,100,100,100
round_queries,200,300,700,2300,9300,43700,218700,1026300,5197500,26135700
round_k,0,1,3,11,46,218,1093,5131,25987,130678
round_shots,200,100,100,100,100,100,100,100,100,100
round_queries,200,300,700,2300,9100,40100,190300,957300,4829500,24408700
round_k,0,1,3,11,45,200,951,4786,24147,122043
round_shots,200,100,100,100,100,100,100,100,100,100
round_queries,200,300,700,3100,13100,61700,306300,1540500,7765100,41066300
round_k,0,1,3,15,65,308,1531,7702,38825,205331
round_shots,100,100,100,100,100,100,100,100,100,100
round_queries,100,300,700,2900,13500,66100,323100,1602100,8076900,40828500
round_k,0,1,3,14,67,330,1615,8010,40384,204142
round_shots,100,100,100,100,100,100,100,100,100
round_queries,100,500,1500,6300,29900,149500,749700,3957700,20005700
round_k,0,2,7,31,149,747,3748,19788,100028
round_shots,200,100,100,100,100,100,100,100,100
round_queries,200,300,1500,5900,25900,128100,633700,3168900,16050100
round_k,0,1,7,29,129,640,3168,15844,80250
round_shots,200,100,100,100,100,100,100,100,100,100
round_queries,200,300,700,1900,7700,36300,176300,873500,4362300,22062100
round_k,0,1,3,9,38,181,881,4367,21811,110310
round_shots,100,100,100,100,100,100,100,100,100,100
round_queries,100,300,1100,4500,19500,96300,478100,2378500,11835100,60064100
round_k,0,1,5,22,97,481,2390,11892,59175,300320
round_shots,100,100,100,100,100,100,100,100,100,100
round_queries,100,300,1100,5300,25100,121900,600700,3012900,15165300,76712300
round_k,0,1,5,26,125,609,3003,15064,75826,383561
round_shots,200,100,100,100,100,100,100,100,100,100
round_queries,200,300,1100,3100,14300,72300,362100,1811900,9128900,45832100
round_k,0,1,5,15,71,361,1810,9059,45644,229160
round_shots,200,100,100,100,100,100,100,100,100,100
round_queries,200,300,1100,4100,20300,100300,500500,2492700,12625700,63976900
round_k,0,1,5,20,101,501,2502,12463,63128,319884
round_shots,200,100,100,100,100,100,100,100,100
round_queries,200,500,1900,7900,38900,193100,959900,4824500,24477300
round_k,0,2,9,39,194,965,4799,24122,122386
round_shots,100,100,100,100,100,100,100,100,100
round_queries,100,300,1100,5500,25500,124300,609300,3073500,15529300
round_k,0,1,5,27,127,621,3046,15367,77646
round_shots,100,100,100,100,100,100,100,100,100,100
round_queries,100,300,1100,4700,20900,98700,456300,2312500,11626100,58925300
round_k,0,1,5,23,104,493,2281,11562,58130,294626
round_shots,100,100,100,100,100,100,100,100,100,100
round_queries,100,300,700,3300,14900,72700,357300,1799100,9128500,46171500
round_k,0,1,3,16,74,363,1786,8995,45642,230857
round_shots,200,100,100,100,100,100,100,100,100
round_queries,200,700,2300,8900,41700,205700,1026900,5173100,26172700
round_k,0,3,11,44,208,1028,5134,25865,130863
round_shots,200,100,100,100,100,100,100,100,100,100
round_queries,200,300,1100,4100,18700,87900,429300,2102100,10152900,51147900
round_k,0,1,5,20,93,439,2146,10510,50764,255739
round_shots,300,100,100,100,100,100,100,100,100,100
round_queries,300,300,1100,3900,19500,94900,458700,2316100,11692300,59017100
round_k,0,1,5,19,97,474,2293,11580,58461,295085
round_shots,200,100,100,100,100,100,100,100,100,100
round_queries,200,300,1100,5100,24900,114700,561900,2828900,14318500,72517900
round_k,0,1,5,25,124,573,2809,14144,71592,362589
round_shots,200,100,100,100,100,100,100,100,100,100
round_queries,200,300,700,2900,12300,60100,297500,1486500,7507900,38067300
round_k,0,1,3,14,61,300,1487,7432,37539,190336
round_shots,100,100,100,100,100,100,100,100,100,100
round_queries,100,300,1100,4700,22100,108300,540500,2732500,13815700,69792100
round_k,0,1,5,23,110,541,2702,13662,69078,348960
round_shots,200,100,100,100,100,100,100,100,100,100
round_queries,200,300,700,2900,11700,55300,276500,1373100,6870100,34441500
round_k,0,1,3,14,58,276,1382,6865,34350,172207
round_shots,200,100,100,100,100,100,100,100,100,100
round_queries,200,300,1100,3700,16700,79700,403100,2019300,10208500,51650700
round_k,0,1,5,18,83,398,2015,10096,51042,258253
round_shots,100,100,100,100,100,100,100,100,100,100
round_queries,100,300,700,2300,9500,46500,230100,1118300,5598100,28385500
round_k,0,1,3,11,47,232,1150,5591,27990,141927
round_shots,100,100,100,100,100,100,100,100,100,100
round_queries,100,300,1100,4500,19100,95500,469300,2359100,11947300,60599900
round_k,0,1,5,22,95,477,2346,11795,59736,302999
round_shots,100,100,100,100,100,100,100,100,100,100
round_queries,100,300,1100,3700,17300,83100,413500,2049700,10361500,52477500
round_k,0,1,5,18,86,415,2067,10248,51807,262387
round_shots,200,100,100,100,100,100,100,100,100,100
round_queries,200,300,700,1900,7100,32500,155900,772700,3885500,19703900
round_k,0,1,3,9,35,162,779,3863,19427,98519
round_shots,200,100,100,100,100,100,100,100,100,100
round_queries,200,300,1100,4500,22500,111300,544300,2720300,13819100,69767100
round_k,0,1,5,22,112,556,2721,13601,69095,348835
round_shots,100,100,100,100,100,100,100,100,100,100
round_queries,100,300,700,1900,7900,35700,172300,864500,4370300,22139900
round_k,0,1,3,9,39,178,861,4322,21851,110699
round_shots,200,100,100,100,100,100,100,100,100,100
round_queries,200,300,1100,5100,23700,114900,563500,2827900,14263500,72162700
round_k,0,1,5,25,118,574,2817,14139,71317,360813
round_shots,200,100,100,100,100,100,100,100,100,100
round_queries,200,300,700,2300,10300,47700,235100,1182100,5985700,30224100
round_k,0,1,3,11,51,238,1175,5910,29928,151120
round_shots,100,100,100,100,100,100,100,100,100,100
round_queries,100,300,1100,5100,23700,115100,576900,2894100,14557100,73759500
round_k,0,1,5,25,118,575,2884,14470,72785,368797
round_shots,100,100,100,100,100,100,100,100,100,100
round_queries,100,300,1100,4700,21100,101300,498500,2501100,12649500,63729500
round_k,0,1,5,23,105,506,2492,12505,63247,318647
round_shots,100,100,100,100,100,100,100,100,100,100
round_queries,100,300,1100,5100,22900,111100,562500,2833300,14366500,72087500
round_k,0,1,5,25,114,555,2812,14166,71832,360437
round_shots,200,100,100,100,100,100,100,100,100,100
round_queries,200,300,1100,4700,22700,111100,555100,2786700,14107700,71489900
round_k,0,1,5,23,113,555,2775,13933,70538,357449
round_shots,200,100,100,100,100,100,100,100,100,100
round_queries,200,300,1100,3700,15900,77700,385100,1933700,9749300,49304100
round_k,0,1,5,18,79,388,1925,9668,48746,246520
round_shots,200,100,100,100,100,100,100,100,100,100
round_queries,200,300,1100,4100,18300,88300,430700,2162900,10877900,54931500
round_k,0,1,5,20,91,441,2153,10814,54389,274657
round_shots,200,100,100,100,100,100,100,100,100
round_queries,200,300,1100,5100,22900,134300,660900,3311300,16696100
round_k,0,1,5,25,114,671,3304,16556,83480
round_shots,200,100,100,100,100,100,100,100,100,100
round_queries,200,300,1100,4900,23100,115500,551100,2542700,12739500,63684500
round_k,0,1,5,24,115,577,2755,12713,63697,318422
round_shots,100,100,100,100,100,100,100,100,100,100
round_queries,100,300,1100,5500,24100,118500,547700,2727900,13668700,69171700
round_k,0,1,5,27,120,592,2738,13639,68343,345858
round_shots,100,100,100,100,100,100,100,100,100,100
round_queries,100,300,1100,3700,16500,77300,371500,1785500,8851100,44608700
round_k,0,1,5,18,82,386,1857,8927,44255,223043
round_shots,200,100,100,100,100,100,100,100,100,100
round_queries,200,300,1100,4300,20100,95900,477900,2419300,12186700,61227500
round_k,0,1,5,21,100,479,2389,12096,60933,306137
round_shots,200,100,100,100,100,100,100,100,100,100
round_queries,200,300,700,1900,7300,35900,179500,889300,4477100,22639100
round_k,0,1,3,9,36,179,897,4446,22385,113195
round_shots,200,100,100,100,100,100,100,100,100
round_queries,200,300,1100,5100,24700,121700,614500,3089500,15658300
round_k,0,1,5,25,123,608,3072,15447,78291
round_shots,300,100,100,100,100,100,100,100,100
round_queries,300,500,1900,7900,37900,189900,957500,4825100,24252700
round_k,0,2,9,39,189,949,4787,24125,121263
round_shots,100,100,100,100,100,100,100,100,100,100
round_queries,100,300,1100,4500,21700,104300,522100,2638300,13367300,67658700
round_k,0,1,5,22,108,521,2610,13191,66836,338293
round_shots,200,100,100,100,100,100,100,100,100
round_queries,200,300,1500,5900,28500,139100,698500,3499300,17722300
round_k,0,1,7,29,142,695,3492,17496,88611
round_shots,200,100,100,100,100,100,100,100,100
round_queries,200,500,1500,7500,33900,166100,833900,4209300,21312900
round_k,0,2,7,37,169,830,4169,21046,106564
round_shots,200,200,100,100,100,100,100,100,100
round_queries,200,600,1500,7300,31900,154300,779700,3909300,19639700
round_k,0,1,7,36,159,771,3898,19546,98198
round_shots,100,100,100,100,100,100,100,100,100,100
round_queries,100,300,1100,3500,17100,83700,418700,2101300,10617700,53421300
round_k,0,1,5,17,85,418,2093,10506,53088,267106
round_shots,100,100,100,100,100,100,100,100,100,100
round_queries,100,300,1100,3700,17700,83900,411500,2078700,10452500,53055700
round_k,0,1,5,18,88,419,2057,10393,52262,265278
round_shots,100,100,100,100,100,100,100,100,100,100
round_queries,100,300,1100,5300,23300,113500,565900,2856500,14325900,72567900
round_k,0,1,5,26,116,567,2829,14282,71629,362839
round_shots,200,100,100,100,100,100,100,100,100,100
round_queries,200,300,1100,3700,16300,77300,377700,1896500,9561500,48085700
round_k,0,1,5,18,81,386,1888,9482,47807,240428
round_shots,200,100,100,100,100,100,100,100,100,100
round_queries,200,300,700,1900,8900,40500,201300,1001100,5045300,25478700
round_k,0,1,3,9,44,202,1006,5005,25226,127393
round_shots,100,100,100,100,100,100,100,100,100,100
round_queries,100,300,700,2300,8900,41300,204900,1014300,5129900,25958100
round_k,0,1,3,11,44,206,1024,5071,25649,129790
round_shots,100,100,100,100,100,100,100,100,100,100
round_queries,100,300,1100,4100,19300,90300,423900,2142700,10829500,54865700
round_k,0,1,5,20,96,451,2119,10713,54147,274328
round_shots,200,100,100,100,100,100,100,100,100,100
round_queries,200,300,1100,3700,17300,82300,412100,2074900,10393900,52495500
round_k,0,1,5,18,86,411,2060,10374,51969,262477
round_shots,100,100,100,100,100,100,100,100,100,100
round_queries,100,300,1100,4100,20500,100300,491300,2452900,12363300,62707500
round_k,0,1,5,20,102,501,2456,12264,61816,313537
round_shots,200,100,100,100,100,100,100,100,100
round_queries,200,300,1500,5900,26900,133100,659700,3326300,16808300
round_k,0,1,7,29,134,665,3298,16631,84041
round_shots,100,100,100,100,100,100,100,100,100,100
round_queries,100,300,700,3100,13100,63500,313100,1572100,7851700,39718500
round_k,0,1,3,15,65,317,1565,7860,39258,198592
round_shots,100,100,100,100,100,100,100,100,100,100
round_queries,100,300,1100,4100,18900,88700,448900,2252900,11421900,57835100
round_k,0,1,5,20,94,443,2244,11264,57109,289175
round_shots,100,100,100,100,100,100,100,100,100,100
round_queries,100,300,1100,3700,15900,80100,400300,2025100,10249700,51945500
round_k,0,1,5,18,79,400,2001,10125,51248,259727
round_shots,100,100,100,100,100,100,100,100,100,100
round_queries,100,300,700,3300,14500,68700,341100,1722500,8732500,44332700
round_k,0,1,3,16,72,343,1705,8612,43662,221663
round_shots,100,100,100,100,100,100,100,100,100,100
round_queries,100,300,1100,4100,18900,90300,450700,2247900,11370500,57502900
round_k,0,1,5,20,94,451,2253,11239,56852,287514
round_shots,300,100,100,100,100,100,100,100,100
round_queries,300,500,2300,11300,53700,258700,1254700,6291500,31913900
round_k,0,2,11,56,268,1293,6273,31457,159569
round_shots,200,100,100,100,100,100,100,100,100,100
round_queries,200,300,1100,4700,21300,98900,490500,2470100,12470700,63230100
round_k,0,1,5,23,106,494,2452,12350,62353,316150
round_shots,100,100,100,100,100,100,100,100,100,100
round_queries,100,300,700,1900,8500,39900,195900,972900,4889700,24616700
round_k,0,1,3,9,42,199,979,4864,24448,123083
round_shots,100,100,100,100,100,100,100,100,100,100
round_queries,100,300,700,2900,13300,60900,302700,1503500,7584300,38216700
round_k,0,1,3,14,66,304,1513,7517,37921,191083
round_shots,100,100,100,100,100,100,100,100,100,100
round_queries,100,300,1100,3500,15700,74700,364300,1826500,9265900,46962100
round_k,0,1,5,17,78,373,1821,9132,46329,234810
round_shots,300,100,100,100,100,100,100,100,100,100
round_queries,300,300,700,2300,8900,42700,208900,1051700,5299100,26856100
round_k,0,1,3,11,44,213,1044,5258,26495,134280
round_shots,200,100,100,100,100,100,100,100,100,100
round_queries,200,300,1100,4500,21700,108700,543300,2728100,13782700,69845300
round_k,0,1,5,22,108,543,2716,13640,68913,349226
round_shots,100,100,100,100,100,100,100,100,100,100
round_queries,100,300,1100,4100,18500,86300,432900,2153300,10762300,54505100
round_k,0,1,5,20,92,431,2164,10766,53811,272525
round_shots,100,100,100,100,100,100,100,100,100,100
round_queries,100,300,700,2900,12900,64500,313700,1588500,8027100,40335900
round_k,0,1,3,14,64,322,1568,7942,40135,201679
round_shots,200,100,100,100,100,100,100,100,100
round_queries,200,300,1500,5900,28100,137100,689300,3481100,17593500
round_k,0,1,7,29,140,685,3446,17405,87967
round_shots,200,100,100,100,100,100,100,100,100
round_queries,200,500,1900,7100,33100,160500,792700,4004700,21322900
round_k,0,2,9,35,165,802,3963,20023,106614
round_shots,200,100,100,100,100,100,100,100,100,100
round_queries,200,300,1100,4100,17900,85900,427900,2140900,10848900,54808500
round_k,0,1,5,20,89,429,2139,10704,54244,274042
round_shots,100,100,100,100,100,100,100,100,100,100
round_queries,100,300,700,1900,9100,43700,215100,1082700,5449500,27578300
round_k,0,1,3,9,45,218,1075,5413,27247,137891
round_shots,200,100,100,100,100,100,100,100,100,100
round_queries,200,300,1100,4100,18500,90300,452900,2283900,11524900,58348300
round_k,0,1,5,20,92,451,2264,11419,57624,291741
round_shots,100,100,100,100,100,100,100,100,100
round_queries,100,300,1500,6700,32900,154700,773500,3894300,19743700
round_k,0,1,7,33,164,773,3867,19471,98718
round_shots,100,100,100,100,100,100,100,100,100,100
round_queries,100,300,1100,4500,19900,93100,462500,2343100,11821500,59445700
round_k,0,1,5,22,99,465,2312,11715,59107,297228
round_shots,200,100,100,100,100,100,100,100,100
round_queries,200,300,1100,4500,22500,106100,517500,3139300,16671900
round_k,0,1,5,22,112,530,2587,15696,83359
round_shots,100,100,100,100,100,100,100,100,100,100
round_queries,100,300,700,2900,14300,67100,332100,1672100,8428300,42165500
round_k,0,1,3,14,71,335,1660,8360,42141,210827
round_shots,100,100,100,100,100,100,100,100,100,100
round_queries,100,300,1100,3700,15900,77100,382700,1931900,9697900,49140300
round_k,0,1,5,18,79,385,1913,9659,48489,245701
round_shots,100,100,100,100,100,100,100,100,100,100
round_queries,100,300,1100,3900,18100,87700,441500,2210500,11197300,56641300
round_k,0,1,5,19,90,438,2207,11052,55986,283206
round_shots,200,100,100,100,100,100,100,100,100,100
round_queries,200,300,900,4500,21900,109700,549100,2749700,13880700,70363300
round_k,0,1,4,22,109,548,2745,13748,69403,351816
round_shots,200,100,100,100,100,100,100,100,100,100
round_queries,200,300,1100,5100,23900,111500,556500,2762700,13942100,70695100
round_k,0,1,5,25,119,557,2782,13813,69710,353475
round_shots,300,100,100,100,100,100,100,100,100,100
round_queries,300,300,1100,3700,17500,83700,414900,2075300,10511900,53241500
round_k,0,1,5,18,87,418,2074,10376,52559,266207
round_shots,200,100,100,100,100,100,100,100,100
round_queries,200,700,1900,8100,40100,198900,998700,5021100,25357700
round_k,0,3,9,40,200,994,4993,25105,126788
round_shots,200,100,100,100,100,100,100,100,100
round_queries,200,500,1500,5900,27500,130700,655300,3290100,16521300
round_k,0,2,7,29,137,653,3276,16450,82606
round_shots,200,100,100,100,100,100,100,100,100,100
round_queries,200,300,700,1900,8900,44500,218100,1101700,5484500,27738100
round_k,0,1,3,9,44,222,1090,5508,27422,138690
round_shots,100,100,100,100,100,100,100,100,100,100
round_queries,100,300,700,1900,7500,33700,166100,821900,4147700,20830100
round_k,0,1,3,9,37,168,830,4109,20738,104150
round_shots,100,100,100,100,100,100,100,100,100,100
round_queries,100,300,1500,5300,24300,119100,598100,3011300,15253900,76896300
round_k,0,1,7,26,121,595,2990,15056,76269,384481
round_shots,200,100,100,100,100,100,100,100,100,100
round_queries,200,300,1100,4100,18700,92500,454500,2293700,11503100,58170700
round_k,0,1,5,20,93,462,2272,11468,57515,290853
round_shots,100,100,100,100,100,100,100,100,100,100
round_queries,100,300,1100,4500,20500,98500,475100,2388500,12058700,61164300
round_k,0,1,5,22,102,492,2375,11942,60293,305821
round_shots,200,100,100,100,100,100,100,100,100,100
round_queries,200,300,1100,4900,22500,111300,548500,2758300,13948700,70806100
round_k,0,1,5,24,112,556,2742,13791,69743,354030
round_shots,100,100,100,100,100,100,100,100,100
round_queries,100,300,1500,7100,35300,171500,850500,4261100,21564500
round_k,0,1,7,35,176,857,4252,21305,107822
round_shots,100,100,100,100,100,100,100,100,100,100
round_queries,100,300,700,1900,8100,38100,191900,967100,4887300,24495100
round_k,0,1,3,9,40,190,959,4835,24436,122475
round_shots,100,100,100,100,100,100,100,100,100
round_queries,100,300,1500,6100,28900,142900,710300,3578300,18129300
round_k,0,1,7,30,144,714,3551,17891,90646
round_shots,200,100,100,100,100,100,100,100,100,100
round_queries,200,300,1100,4500,21300,107700,530500,2648900,13403700,68069900
round_k,0,1,5,22,106,538,2652,13244,67018,340349
round_shots,200,100,100,100,100,100,100,100,100,100
round_queries,200,300,1100,4500,20500,95700,466700,2338700,11830300,59826900
round_k,0,1,5,22,102,478,2333,11693,59151,299134
round_shots,100,100,100,100,100,100,100,100,100,100
round_queries,100,300,1100,4100,17100,81100,399500,2003100,10219700,51515700
round_k,0,1,5,20,85,405,1997,10015,51098,257578
round_shots,100,100,100,100,100,100,100,100,100
round_queries,100,300,1100,5100,24900,123500,620500,3134700,15743100
round_k,0,1,5,25,124,617,3102,15673,78715
round_shots,200,100,100,100,100,100,100,100,100,100
round_queries,200,300,1100,4100,19300,94300,459500,2279900,11555700,58695300
round_k,0,1,5,20,96,471,2297,11399,57778,293476
round_shots,200,100,100,100,100,100,100,100,100,100
round_queries,200,300,1100,4100,17900,82300,410700,2074900,10531500,53438500
round_k,0,1,5,20,89,411,2053,10374,52657,267192
round_shots,100,100,100,100,100,100,100,100,100,100
round_queries,100,300,1100,5100,23100,111500,546700,2757900,13885500,70319300
round_k,0,1,5,25,115,557,2733,13789,69427,351596
round_shots,300,100,100,100,100,100,100,100,100
round_queries,300,500,1900,8500,42700,206900,1040500,5227700,26500300
round_k,0,2,9,42,213,1034,5202,26138,132501
round_shots,100,100,100,100,100,100,100,100,100,100
round_queries,100,300,700,2500,10900,55100,270700,1361300,6808900,34463900
round_k,0,1,3,12,54,275,1353,6806,34044,172319
round_shots,200,100,100,100,100,100,100,100,100
round_queries,200,500,2300,10900,52100,250900,1251300,6139700,30985100
round_k,0,2,11,54,260,1254,6256,30698,154925
round_shots,200,100,100,100,100,100,100,100,100,100
round_queries,200,300,1100,4100,18100,85900,420300,2114300,10720300,54378100
round_k,0,1,5,20,90,429,2101,10571,53601,271890
round_shots,200,100,100,100,100,100,100,100,100,100
round_queries,200,300,1100,4100,19100,95300,467700,2360900,11909500,60153700
round_k,0,1,5,20,95,476,2338,11804,59547,300768
round_shots,200,100,100,100,100,100,100,100,100,100
round_queries,200,300,1100,4700,21500,104900,522900,2624500,13262100,67122300
round_k,0,1,5,23,107,524,2614,13122,66310,335611
round_shots,100,100,100,100,100,100,100,100,100,100
round_queries,100,300,1100,4700,21500,105900,528300,2636100,13293900,66919100
round_k,0,1,5,23,107,529,2641,13180,66469,334595
round_shots,100,100,100,100,100,100,100,100,100,100
round_queries,100,300,1100,4900,21500,104900,520300,2626500,13306700,67026700
round_k,0,1,5,24,107,524,2601,13132,66533,335133
round_shots,200,100,100,100,100,100,100,100,100,100
round_queries,200,300,1100,4500,20300,96700,462500,2331700,11781900,59681300
round_k,0,1,5,22,101,483,2312,11658,58909,298406
round_shots,100,100,100,100,100,100,100,100,100,100
round_queries,100,300,1100,4500,20900,101100,504900,2545300,12879300,65055100
round_k,0,1,5,22,104,505,2524,12726,64396,325275
round_shots,200,100,100,100,100,100,100,100,100,100
round_queries,200,300,1100,4900,24500,117700,588700,2956700,14925900,75518900
round_k,0,1,5,24,122,588,2943,14783,74629,377594
round_shots,200,100,100,100,100,100,100,100,100,100
round_queries,200,300,1100,4100,18700,87700,428300,2164100,10879100,55066300
round_k,0,1,5,20,93,438,2141,10820,54395,275331
round_shots,100,100,100,100,100,100,100,100,100,100
round_queries,100,300,700,2500,10500,50100,245100,1230700,6187100,31408700
round_k,0,1,3,12,52,250,1225,6153,30935,157043
round_shots,100,100,100,100,100,100,100,100,100,100
round_queries,100,300,700,2900,13100,61900,304300,1520700,7687900,38784100
round_k,0,1,3,14,65,309,1521,7603,38439,193920
round_shots,200,100,100,100,100,100,100,100,100,100
round_queries,200,300,1100,4500,20100,94500,497100,2516500,12696700,63958700
round_k,0,1,5,22,100,472,2485,12582,63483,319793
round_shots,100,100,100,100,100,100,100,100,100,100
round_queries,100,300,1500,5700,25100,116700,570500,2850100,14346900,72214500
round_k,0,1,7,28,125,583,2852,14250,71734,361072
round_shots,100,100,100,100,100,100,100,100,100,100
round_queries,100,300,1500,5300,25100,119500,602500,3039500,15387700,77618900
round_k,0,1,7,26,125,597,3012,15197,76938,388094
round_shots,200,100,100,100,100,100,100,100,100,100
round_queries,200,300,700,2900,12900,59500,293700,1477300,7441500,37683700
round_k,0,1,3,14,64,297,1468,7386,37207,188418
round_shots,100,100,100,100,100,100,100,100,100,100
round_queries,100,300,700,2900,13500,64700,302700,1502100,7581300,38326500
round_k,0,1,3,14,67,323,1513,7510,37906,191632
round_shots,200,100,100,100,100,100,100,100,100,100
round_queries,200,300,1100,4500,21100,104700,518700,2618500,13261700,67283700
round_k,0,1,5,22,105,523,2593,13092,66308,336418
round_shots,200,100,100,100,100,100,100,100,100
round_queries,200,500,2300,9900,46700,227700,1142500,5748100,29145500
round_k,0,2,11,49,233,1138,5712,28740,145727
round_shots,100,100,100,100,100,100,100,100,100,100
round_queries,100,300,1100,4100,19500,97100,472900,2357700,11903300,60347100
round_k,0,1,5,20,97,485,2364,11788,59516,301735
round_shots,300,100,100,100,100,100,100,100,100,100
round_queries,300,300,700,2300,9700,46300,229500,1149700,5746100,28948100
round_k,0,1,3,11,48,231,1147,5748,28730,144740
round_shots,200,100,100,100,100,100,100,100,100,100
round_queries,200,300,1100,4900,23500,113900,558500,2810500,14246700,72166300
round_k,0,1,5,24,117,569,2792,14052,71233,360831
round_shots,200,100,100,100,100,100,100,100,100
round_queries,200,700,3300,14900,72300,360100,1818900,9134100,46326900
round_k,0,3,16,74,361,1800,9094,45670,231634
round_shots,200,100,100,100,100,100,100,100,100,100
round_queries,200,300,700,2900,11700,57700,288100,1434700,7247900,36668900
round_k,0,1,3,14,58,288,1440,7173,36239,183344
round_shots,100,100,100,100,100,100,100,100,100,100
round_queries,100,300,1100,5100,25100,119700,587500,2956700,14905900,75436100
round_k,0,1,5,25,125,598,2937,14783,74529,377180
round_shots,200,100,100,100,100,100,100,100,100,100
round_queries,200,300,1100,4100,19500,97300,479300,2398700,12090300,60972300
round_k,0,1,5,20,97,486,2396,11993,60451,304861
round_shots,200,100,100,100,100,100,100,100,100,100
round_queries,200,300,700,2900,11500,56300,270100,1359100,6801900,34157700
round_k,0,1,3,14,57,281,1350,6795,34009,170788
round_shots,300,100,100,100,100,100,100,100,100,100
round_queries,300,300,1100,4500,21700,103900,505500,2519100,12593300,63526900
round_k,0,1,5,22,108,519,2527,12595,62966,317634
round_shots,100,100,100,100,100,100,100,100,100,100
round_queries,100,300,1100,4700,21100,103500,518300,2585700,13092100,66382100
round_k,0,1,5,23,105,517,2591,12928,65460,331910
round_shots,100,100,100,100,100,100,100,100,100,100
round_queries,100,300,1100,5100,23300,111900,563100,2849500,14421900,72922300
round_k,0,1,5,25,116,559,2815,14247,72109,364611
round_shots,200,100,100,100,100,100,100,100,100,100
round_queries,200,300,1100,3700,17100,85500,446500,2235500,11273500,56934700
round_k,0,1,5,18,85,427,2232,11177,56367,284673
round_shots,100,100,100,100,100,100,100,100,100
round_queries,100,500,2300,10100,46300,231900,1156900,5861700,29664700
round_k,0,2,11,50,231,1159,5784,29308,148323
round_shots,300,100,100,100,100,100,100,100,100
round_queries,300,500,1900,8700,42300,204100,1018700,5145100,26049300
round_k,0,2,9,43,211,1020,5093,25725,130246
round_shots,100,100,100,100,100,100,100,100,100,100
round_queries,100,300,1100,4700,21300,98700,495900,2507700,12514100,63031700
round_k,0,1,5,23,106,493,2479,12538,62570,315158
round_shots,100,100,100,100,100,100,100,100,100,100
round_queries,100,300,700,1900,8700,40300,198700,1006100,5058500,25568100
round_k,0,1,3,9,43,201,993,5030,25292,127840
round_shots,100,100,100,100,100,100,100,100,100,100
round_queries,100,300,700,1900,8500,39900,196900,984500,4966300,30225900
round_k,0,1,3,9,42,199,984,4922,24831,151129
round_shots,200,100,100,100,100,100,100,100,100
round_queries,200,500,2300,10500,51300,250500,1250100,6258900,31690100
round_k,0,2,11,52,256,1252,6250,31294,158450
round_shots,200,100,100,100,100,100,100,100,100,100
round_queries,200,500,1500,5300,25100,120700,602900,3022100,15230100,76843100
round_k,0,2,7,26,125,603,3014,15110,76150,384215
round_shots,100,100,100,100,100,100,100,100,100,100
round_queries,100,300,1100,4100,19900,95100,471300,2389500,11985900,60630900
round_k,0,1,5,20,99,475,2356,11947,59929,303154
round_shots,200,100,100,100,100,100,100,100,100
round_queries,200,500,1900,8300,39900,198100,979700,4981700,25203100
round_k,0,2,9,41,199,990,4898,24908,126015
round_shots,100,100,100,100,100,100,100,100,100,100
round_queries,100,300,700,1900,7700,35900,175100,880100,4423300,22047900
round_k,0,1,3,9,38,179,875,4400,22116,110239
round_shots,100,100,100,100,100,100,100,100,100,100
round_queries,100,300,1100,4500,21900,102500,507500,2511100,12684100,64223500
round_k,0,1,5,22,109,512,2537,12555,63420,321117
round_shots,100,100,100,100,100,100,100,100,100,100
round_queries,100,300,1100,3100,14100,66700,328300,1660900,8374700,42292700
round_k,0,1,5,15,70,333,1641,8304,41873,211463
round_shots,200,100,100,100,100,100,100,100,100,100
round_queries,200,300,700,2900,11700,55700,276900,1380700,6973700,35157500
round_k,0,1,3,14,58,278,1384,6903,34868,175787
round_shots,200,100,100,100,100,100,100,100,100
round_queries,200,300,1100,5500,25300,125700,633700,3190100,16149300
round_k,0,1,5,27,126,628,3168,15950,80746
round_shots,200,100,100,100,100,100,100,100,100,100
round_queries,200,300,1100,4100,17100,83900,418900,2100500,10570700,53581500
round_k,0,1,5,20,85,419,2094,10502,52853,267907
round_shots,100,100,100,100,100,100,100,100,100
round_queries,100,300,1100,4700,21500,104500,636700,3200700,16155100
round_k,0,1,5,23,107,522,3183,16003,80775
round_shots,200,100,100,100,100,100,100,100,100,100
round_queries,200,300,1100,3900,16300,76500,384500,1900500,9594300,48677900
round_k,0,1,5,19,81,382,1922,9502,47971,243389
round_shots,100,100,100,100,100,100,100,100,100,100
round_queries,100,300,700,2900,13300,64300,318700,1598500,8082900,41019900
round_k,0,1,3,14,66,321,1593,7992,40414,205099
round_shots,100,100,100,100,100,100,100,100,100,100
round_queries,100,300,700,2300,9100,41900,203700,1018900,5156300,26070500
round_k,0,1,3,11,45,209,1018,5094,25781,130352
round_shots,100,100,100,100,100,100,100,100,100,100
round_queries,100,300,1100,4900,24500,116500,582500,2916300,14671500,74144700
round_k,0,1,5,24,122,582,2912,14581,73357,370723
round_shots,100,100,100,100,100,100,100,100,100,100
round_queries,100,300,1100,4700,23300,113300,565900,2856900,14463300,73387100
round_k,0,1,5,23,116,566,2829,14284,72316,366935
round_shots,200,100,100,100,100,100,100,100,100,100
round_queries,200,300,1100,4500,20500,100500,500500,2494700,12618700,63455100
round_k,0,1,5,22,102,502,2502,12473,63093,317275
round_shots,200,100,100,100,100,100,100,100,100
round_queries,200,300,1100,5100,25500,125900,616100,3085700,15486300
round_k,0,1,5,25,127,629,3080,15428,77431
round_shots,100,100,100,100,100,100,100,100,100,100
round_queries,100,300,700,2300,8900,41100,202700,1019300,5128900,25992500
round_k,0,1,3,11,44,205,1013,5096,25644,129962
round_shots,100,100,100,100,100,100,100,100,100,100
round_queries,100,300,1100,4500,21900,106100,518300,2602100,13239300,67034900
round_k,0,1,5,22,109,530,2591,13010,66196,335174
round_shots,100,100,100,100,100,100,100,100,100,100
round_queries,100,300,1100,3700,18100,86300,431500,2145300,10860300,55059900
round_k,0,1,5,18,90,431,2157,10726,54301,275299
round_shots,100,100,100,100,100,100,100,100,100,100
round_queries,100,300,700,2300,10300,49100,242300,1198100,6064900,30683900
round_k,0,1,3,11,51,245,1211,5990,30324,153419
round_shots,200,100,100,100,100,100,100,100,100,100
round_queries,200,500,1500,4900,23100,106900,518300,2615900,13253900,67124100
round_k,0,2,7,24,115,534,2591,13079,66269,335620
round_shots,200,100,100,100,100,100,100,100,100
round_queries,200,300,1100,5500,25500,124100,621700,3145500,15903500
round_k,0,1,5,27,127,620,3108,15727,79517
round_shots,200,100,100,100,100,100,100,100,100,100
round_queries,200,300,1100,4500,21300,99700,492700,2485900,12559100,76632100
round_k,0,1,5,22,106,498,2463,12429,62795,383160
round_shots,100,100,100,100,100,100,100,100,100,100
round_queries,100,300,700,3100,13100,61700,308900,1537100,7716100,39063700
round_k,0,1,3,15,65,308,1544,7685,38580,195318
round_shots,100,100,100,100,100,100,100,100,100,100
round_queries,100,300,700,1900,7100,34300,165900,835300,4134100,20941300
round_k,0,1,3,9,35,171,829,4176,20670,104706
round_shots,100,100,100,100,100,100,100,100,100,100
round_queries,100,300,1100,4100,19300,88900,437100,2187900,10985700,55619700
round_k,0,1,5,20,96,444,2185,10939,54928,278098
round_shots,200,100,100,100,100,100,100,100,100,100
round_queries,200,300,1100,5100,24100,117100,582500,2917100,14660700,73054100
round_k,0,1,5,25,120,585,2912,14585,73303,365270
round_shots,100,100,100,100,100,100,100,100,100,100
round_queries,100,300,1100,4900,22300,107700,509500,2561300,12904100,65433500
round_k,0,1,5,24,111,538,2547,12806,64520,327167
round_shots,100,100,100,100,100,100,100,100,100,100
round_queries,100,300,1100,3700,16900,80100,398500,1990900,10032700,50750700
round_k,0,1,5,18,84,400,1992,9954,50163,253753
round_shots,100,100,100,100,100,100,100,100,100,100
round_queries,100,300,1100,4900,21700,103900,524100,2596300,13121700,66434900
round_k,0,1,5,24,108,519,2620,12981,65608,332174
round_shots,200,100,100,100,100,100,100,100,100,100
round_queries,200,300,1100,3700,17300,83900,418900,2108300,10622500,53847700
round_k,0,1,5,18,86,419,2094,10541,53112,269238
round_shots,200,100,100,100,100,100,100,100,100,100
round_queries,200,300,1100,4500,19100,91700,456300,2312700,11690100,58984300
round_k,0,1,5,22,95,458,2281,11563,58450,294921
round_shots,100,100,100,100,100,100,100,100,100,100
round_queries,100,300,1100,4100,19500,94100,462900,2326300,11739100,59514500
round_k,0,1,5,20,97,470,2314,11631,58695,297572
round_shots,100,100,100,100,100,100,100,100,100,100
round_queries,100,300,700,2900,12900,57700,279700,1413900,7174100,36347100
round_k,0,1,3,14,64,288,1398,7069,35870,181735
round_shots,100,100,100,100,100,100,100,100,100,100
round_queries,100,300,1500,5300,23500,114900,572900,2875500,14579500,73728900
round_k,0,1,7,26,117,574,2864,14377,72897,368644
round_shots,200,100,100,100,100,100,100,100,100,100
round_queries,200,300,1100,4900,24100,121900,597900,3019300,15261900,77436300
round_k,0,1,5,24,120,609,2989,15096,76309,387181
round_shots,100,100,100,100,100,100,100,100,100,100
round_queries,100,300,1100,4500,21300,106500,525500,2643900,13295900,67223300
round_k,0,1,5,22,106,532,2627,13219,66479,336116
round_shots,200,100,100,100,100,100,100,100,100,100
round_queries,200,300,1100,4700,22700,104100,503500,2532500,12683900,67490300
round_k,0,1,5,23,113,520,2517,12662,63419,337451
round_shots,200,100,100,100,100,100,100,100,100,100
round_queries,200,300,1100,4900,21700,105300,491100,2369300,11911900,60361900
round_k,0,1,5,24,108,526,2455,11846,59559,301809
round_shots,200,100,100,100,100,100,100,100,100,100
round_queries,200,300,1100,4900,24500,115100,568700,2872100,14524100,73547700
round_k,0,1,5,24,122,575,2843,14360,72620,367738
round_shots,100,100,100,100,100,100,100,100,100
round_queries,100,300,1100,4900,21700,105700,522100,2632300,13272500
round_k,0,1,5,24,108,528,2610,13161,66362
round_shots,200,100,100,100,100,100,100,100,100,100
round_queries,200,300,1500,5300,25300,119900,583500,2931700,14848900,75268100
round_k,0,1,7,26,126,599,2917,14658,74244,376340
round_shots,100,100,100,100,100,100,100,100,100,100
round_queries,100,300,1100,4500,21500,106100,527700,2652900,13423500,68132700
round_k,0,1,5,22,107,530,2638,13264,67117,340663
round_shots,100,100,100,100,100,100,100,100,100,100
round_queries,100,300,1100,4100,19100,93100,465100,2333100,11771100,59168700
round_k,0,1,5,20,95,465,2325,11665,58855,295843
round_shots,100,100,100,100,100,100,100,100,100,100
round_queries,100,300,700,2300,10100,46500,228700,1153100,5798700,29363900
round_k,0,1,3,11,50,232,1143,5765,28993,146819
round_shots,100,100,100,100,100,100,100,100,100
round_queries,100,300,1100,5100,25700,124300,620300,3100700,15639100
round_k,0,1,5,25,128,621,3101,15503,78195
round_shots,200,100,100,100,100,100,100,100,100,100
round_queries,200,300,1100,4100,19900,97500,486900,2445500,12341900,62411700
round_k,0,1,5,20,99,487,2434,12227,61709,312058
round_shots,100,100,100,100,100,100,100,100,100,100
round_queries,100,300,1100,4100,18900,91700,455100,2308300,11702500,59281500
round_k,0,1,5,20,94,458,2275,11541,58512,296407
round_shots,200,100,100,100,100,100,100,100,100,100
round_queries,200,300,1100,4500,19700,92500,440700,2185100,11034500,55785900
round_k,0,1,5,22,98,462,2203,10925,55172,278929
round_shots,100,100,100,100,100,100,100,100,100,100
round_queries,100,300,1100,4100,18500,89500,449100,2266500,11392300,57766700
round_k,0,1,5,20,92,447,2245,11332,56961,288833
round_shots,200,100,100,100,100,100,100,100,100
round_queries,200,500,1500,5500,26700,127300,631900,3171500,16074900
round_k,0,2,7,27,133,636,3159,15857,80374
round_shots,100,100,100,100,100,100,100,100,100
round_queries,100,300,1500,5900,28700,135100,675900,3376900,17076100
round_k,0,1,7,29,143,675,3379,16884,85380
round_shots,200,100,100,100,100,100,100,100,100,100
round_queries,200,300,1100,4100,18300,88300,444500,2206100,11084700,56021300
round_k,0,1,5,20,91,441,2222,11030,55423,280106
round_shots,100,100,100,100,100,100,100,100,100,100
round_queries,100,300,1100,4500,20300,100500,502300,2506300,12718100,64318900
round_k,0,1,5,22,101,502,2511,12531,63590,321594
round_shots,100,100,100,100,100,100,100,100,100,100
round_queries,100,300,700,2500,10900,51300,249300,1248500,6280100,31616700
round_k,0,1,3,12,54,256,1246,6242,31400,158083
round_shots,100,100,100,100,100,100,100,100,100,100
round_queries,100,300,1100,4900,22900,113900,566700,2857100,15152300,76480100
round_k,0,1,5,24,114,569,2833,14285,75761,382400
round_shots,200,100,100,100,100,100,100,100,100
round_queries,200,300,1500,6700,32500,159500,792900,4018100,20253900
round_k,0,1,7,33,162,797,3964,20090,101269
round_shots,100,100,100,100,100,100,100,100,100,100
round_queries,100,300,1100,5100,23700,117700,584100,2912300,14706900,74715300
round_k,0,1,5,25,118,588,2920,14561,73534,373576
round_shots,100,100,100,100,100,100,100,100,100,100
round_queries,100,300,1100,4100,17100,83300,412700,2077300,10487900,53067900
round_k,0,1,5,20,85,416,2063,10386,52439,265339
round_shots,200,100,100,100,100,100,100,100,100
round_queries,200,500,1900,8500,39700,194100,956100,4842100,24310900
round_k,0,2,9,42,198,970,4780,24210,121554
round_shots,200,100,100,100,100,100,100,100,100
round_queries,200,300,1500,5900,25900,127900,644100,3223900,16175300
round_k,0,1,7,29,129,639,3220,16119,80876
round_shots,100,100,100,100,100,100,100,100,100,100
round_queries,100,300,1100,4900,24100,116900,576700,2907500,14741900,74738100
round_k,0,1,5,24,120,584,2883,14537,73709,373690
round_shots,200,100,100,100,100,100,100,100,100,100
round_queries,200,300,1100,4500,20900,98700,474900,2373100,11949100,60532300
round_k,0,1,5,22,104,493,2374,11865,59745,302661
round_shots,100,100,100,100,100,100,100,100,100,100
round_queries,100,300,700,1900,8500,38900,193100,961900,4843300,24565700
round_k,0,1,3,9,42,194,965,4809,24216,122828
round_shots,100,100,100,100,100,100,100,100,100,100
round_queries,100,300,1100,4100,19500,92700,459900,2282300,11468700,57168500
round_k,0,1,5,20,97,463,2299,11411,57343,285842
round_shots,100,100,100,100,100,100,100,100,100
round_queries,100,300,1500,6500,28900,132700,660100,3332900,16859500
round_k,0,1,7,32,144,663,3300,16664,84297
round_shots,100,100,100,100,100,100,100,100,100,100
round_queries,100,300,1100,5500,24300,118100,587100,2934500,14821700,74483100
round_k,0,1,5,27,121,590,2935,14672,74108,372415
round_shots,200,100,100,100,100,100,100,100,100,100
round_queries,200,300,1100,4500,21100,98100,489500,2460900,12390700,61774700
round_k,0,1,5,22,105,490,2447,12304,61953,308873
round_shots,200,100,100,100,100,100,100,100,100
round_queries,200,500,1900,7500,35300,168500,821500,4121700,20845700
round_k,0,2,9,37,176,842,4107,20608,104228
round_shots,200,100,100,100,100,100,100,100,100,100
round_queries,200,300,1100,4100,19100,94900,466300,2333100,11764900,62630900
round_k,0,1,5,20,95,474,2331,11665,58824,313154
round_shots,100,100,100,100,100,100,100,100,100,100
round_queries,100,300,1100,4100,18900,90300,445700,2252500,11354700,57545700
round_k,0,1,5,20,94,451,2228,11262,56773,287728
round_shots,100,100,100,100,100,100,100,100,100,100
round_queries,100,300,1100,4900,22700,112700,559300,2820300,14300500,72061300
round_k,0,1,5,24,113,563,2796,14101,71502,360306
round_shots,300,100,100,100,100,100,100,100,100,100
round_queries,300,300,1100,4900,22100,107500,538700,2723300,13720500,69419300
round_k,0,1,5,24,110,537,2693,13616,68602,347096
round_shots,200,100,100,100,100,100,100,100,100,100
round_queries,200,300,1100,4900,21900,110100,550300,2757300,13970500,70380900
round_k,0,1,5,24,109,550,2751,13786,69852,351904
round_shots,100,100,100,100,100,100,100,100,100,100
round_queries,100,300,1100,3700,17500,81300,405300,2026500,10231700,51910300
round_k,0,1,5,18,87,406,2026,10132,51158,259551
round_shots,100,100,100,100,100,100,100,100,100,100
round_queries,100,300,1100,4700,21100,104500,515500,2591300,13111700,66443100
round_k,0,1,5,23,105,522,2577,12956,65558,332215
round_shots,100,100,100,100,100,100,100,100,100,100
round_queries,100,300,1100,3700,17100,81700,399300,1996100,10051100,50717100
round_k,0,1,5,18,85,408,1996,9980,50255,253585
round_shots,200,100,100,100,100,100,100,100,100
round_queries,200,500,2300,9700,48500,244100,1223700,6195300,31403900
round_k,0,2,11,48,242,1220,6118,30976,157019
round_shots,100,100,100,100,100,100,100,100,100
round_queries,100,300,1500,5900,28700,140500,703300,3535500,17879700
round_k,0,1,7,29,143,702,3516,17677,89398
round_shots,200,100,100,100,100,100,100,100,100,100
round_queries,200,300,1500,4900,21900,107700,527900,2655900,13467500,68342100
round_k,0,1,7,24,109,538,2639,13279,67337,341710
round_shots,200,100,100,100,100,100,100,100,100,100
round_queries,200,300,1100,4100,19300,96500,482700,2409300,12177700,61259100
round_k,0,1,5,20,96,482,2413,12046,60888,306295
round_shots,100,100,100,100,100,100,100,100,100,100
round_queries,100,300,700,2900,12300,61300,303700,1504300,7628100,38731700
round_k,0,1,3,14,61,306,1518,7521,38140,193658
round_shots,100,100,100,100,100,100,100,100,100,100
round_queries,100,300,1100,4100,18900,93900,464900,2349700,11905500,60280300
round_k,0,1,5,20,94,469,2324,11748,59527,301401
round_shots,200,100,100,100,100,100,100,100,100
round_queries,200,500,1500,5700,27500,138900,694300,3474900,17476100
round_k,0,2,7,28,137,694,3471,17374,87380
round_shots,100,100,100,100,100,100,100,100,100,100
round_queries,100,300,700,2300,11100,52500,244300,1233500,6178100,31213700
round_k,0,1,3,11,55,262,1221,6167,30890,156068
round_shots,100,100,100,100,100,100,100,100,100,100
round_queries,100,300,700,2900,13300,62300,313700,1534300,7763500,39259500
round_k,0,1,3,14,66,311,1568,7671,38817,196297
round_shots,200,100,100,100,100,100,100,100,100,100
round_queries,200,300,1100,4100,19900,95100,468700,2336900,14237900,72256700
round_k,0,1,5,20,99,475,2343,11684,71189,361283
round_shots,100,100,100,100,100,100,100,100,100,100
round_queries,100,300,1100,5100,24500,114500,554500,2780700,13967100,70872300
round_k,0,1,5,25,122,572,2772,13903,69835,354361
round_shots,200,100,100,100,100,100,100,100,100,100
round_queries,200,300,1100,4500,19300,94300,444900,2231500,11185100,56626900
round_k,0,1,5,22,96,471,2224,11157,55925,283134
round_shots,100,100,100,100,100,100,100,100,100,100
round_queries,100,300,900,2700,13100,62700,304500,1523900,7692300,38952300
round_k,0,1,4,13,65,313,1522,7619,38461,194761
round_shots,100,100,100,100,100,100,100,100,100,100
round_queries,100,300,1100,5100,22700,110500,544500,2740500,13858100,70314300
round_k,0,1,5,25,113,552,2722,13702,69290,351571
round_shots,100,100,100,100,100,100,100,100,100,100
round_queries,100,300,700,3300,14300,71900,335900,1636300,8124700,41047300
round_k,0,1,3,16,71,359,1679,8181,40623,205236
round_shots,100,100,100,100,100,100,100,100,100,100
round_queries,100,300,1100,5500,23900,115700,575300,2874700,14540300,72926700
round_k,0,1,5,27,119,578,2876,14373,72701,364633
round_shots,100,100,100,100,100,100,100,100,100,100
round_queries,100,300,1100,5300,24700,120900,598300,3022700,15279500,77488300
round_k,0,1,5,26,123,604,2991,15113,76397,387441
round_shots,100,100,100,100,100,100,100,100,100,100
round_queries,100,300,1100,4500,20500,97300,477900,2387900,12075300,61225100
round_k,0,1,5,22,102,486,2389,11939,60376,306125
round_shots,200,100,100,100,100,100,100,100,100,100
round_queries,200,300,1100,3100,14300,66500,333300,1678500,8456100,42890300
round_k,0,1,5,15,71,332,1666,8392,42280,214451
round_shots,100,100,100,100,100,100,100,100,100,100
round_queries,100,300,1100,4500,21700,103900,519500,2601900,13074300,66279500
round_k,0,1,5,22,108,519,2597,13009,65371,331397
round_shots,100,100,100,100,100,100,100,100,100,100
round_queries,100,300,1100,4500,21500,104900,519700,2599300,13181300,66494500
round_k,0,1,5,22,107,524,2598,12996,65906,332472
round_shots,100,100,100,100,100,100,100,100,100,100
round_queries,100,300,1100,3700,17500,84300,414300,2077500,10465900,63710700
round_k,0,1,5,18,87,421,2071,10387,52329,318553
round_shots,200,100,100,100,100,100,100,100,100
round_queries,200,300,1100,5500,25500,126100,630900,3325500,16711100
round_k,0,1,5,27,127,630,3154,16627,83555
round_shots,300,100,100,100,100,100,100,100,100
round_queries,300,500,1900,7500,33900,166100,827700,4184700,21179500
round_k,0,2,9,37,169,830,4138,20923,105897
round_shots,200,100,100,100,100,100,100,100,100,100
round_queries,200,300,1100,4100,18300,88700,433500,2172900,10921300,55364300
round_k,0,1,5,20,91,443,2167,10864,54606,276821
round_shots,200,100,100,100,100,100,100,100,100
round_queries,200,500,1900,7900,35100,173900,872700,4357100,21883500
round_k,0,2,9,39,175,869,4363,21785,109417
round_shots,200,100,100,100,100,100,100,100,100,100
round_queries,200,300,700,1900,7100,32700,162100,815900,4117100,20712100
round_k,0,1,3,9,35,163,810,4079,20585,103560
round_shots,200,100,100,100,100,100,100,100,100,100
round_queries,200,300,1100,4500,19900,97300,492500,2495700,12595100,63551100
round_k,0,1,5,22,99,486,2462,12478,62975,317755
round_shots,200,100,100,100,100,100,100,100,100,100
round_queries,200,300,1100,4700,21100,102900,515100,2601500,13147500,66192500
round_k,0,1,5,23,105,514,2575,13007,65737,330962
round_shots,200,100,100,100,100,100,100,100,100,100
round_queries,200,300,1100,4100,18500,87900,426300,2151700,10840500,54852300
round_k,0,1,5,20,92,439,2131,10758,54202,274261
round_shots,100,100,100,100,100,100,100,100,100,100
round_queries,100,300,1100,4300,19300,93900,459500,2299700,11624100,58808300
round_k,0,1,5,21,96,469,2297,11498,58120,294041
round_shots,100,100,100,100,100,100,100,100,100,100
round_queries,100,300,1100,4500,19900,93700,467100,2347100,11869900,59973300
round_k,0,1,5,22,99,468,2335,11735,59349,299866
round_shots,100,100,100,100,100,100,100,100,100,100
round_queries,100,300,700,3300,14100,66700,325500,1627900,8195300,41473300
round_k,0,1,3,16,70,333,1627,8139,40976,207366
round_shots,100,100,100,100,100,100,100,100,100,100
round_queries,100,300,1100,4100,18300,87900,439100,2206300,11081900,56247500
round_k,0,1,5,20,91,439,2195,11031,55409,281237
round_shots,100,100,100,100,100,100,100,100,100,100
round_queries,100,300,1100,4700,22300,103300,512700,2580500,13028100,65834100
round_k,0,1,5,23,111,516,2563,12902,65140,329170
round_shots,100,100,100,100,100,100,100,100,100,100
round_queries,100,300,1100,5100,23500,111300,558300,2782700,14074500,71213300
round_k,0,1,5,25,117,556,2791,13913,70372,356066
round_shots,200,100,100,100,100,100,100,100,100
round_queries,200,700,3300,14700,67500,322700,1619100,8170700,41452300
round_k,0,3,16,73,337,1613,8095,40853,207261
round_shots,100,100,100,100,100,100,100,100,100,100
round_queries,100,300,1100,4100,18300,88300,435700,2172300,10896900,55094500
round_k,0,1,5,20,91,441,2178,10861,54484,275472
round_shots,100,100,100,100,100,100,100,100,100,100
round_queries,100,300,1100,3700,17100,83900,420900,2103300,10562700,53610300
round_k,0,1,5,18,85,419,2104,10516,52813,268051
round_shots,100,100,100,100,100,100,100,100,100,100
round_queries,100,300,1100,4500,21100,105500,530700,2686100,13542100,68538100
round_k,0,1,5,22,105,527,2653,13430,67710,342690
round_shots,100,100,100,100,100,100,100,100,100,100
round_queries,100,300,1100,4100,19900,95100,469900,2363100,11944300,60565900
round_k,0,1,5,20,99,475,2349,11815,59721,302829
round_shots,200,100,100,100,100,100,100,100,100,100
round_queries,200,300,1100,4500,19900,94500,466100,2350300,11898500,60316500
round_k,0,1,5,22,99,472,2330,11751,59492,301582
round_shots,100,100,100,100,100,100,100,100,100,100
round_queries,100,300,1100,3700,17100,79900,399700,2007700,10056900,50993100
round_k,0,1,5,18,85,399,1998,10038,50284,254965
round_shots,100,100,100,100,100,100,100,100,100,100
round_queries,100,300,700,2300,9100,42100,210100,1055900,5320700,26718700
round_k,0,1,3,11,45,210,1050,5279,26603,133593
round_shots,100,100,100,100,100,100,100,100,100,100
round_queries,100,300,700,2900,12500,60700,298300,1489100,7488300,37979500
round_k,0,1,3,14,62,303,1491,7445,37441,189897
round_shots,200,100,100,100,100,100,100,100,100,100
round_queries,200,300,1100,4100,17100,82500,408700,2053300,10402100,52621900
round_k,0,1,5,20,85,412,2043,10266,52010,263109
round_shots,200,100,100,100,100,100,100,100,100
round_queries,200,300,1500,6700,29100,137900,682900,3447900,17341100
round_k,0,1,7,33,145,689,3414,17239,86705
round_shots,100,100,100,100,100,100,100,100,100,100
round_queries,100,300,1100,4500,20900,101700,504900,2532900,12796500,64665700
round_k,0,1,5,22,104,508,2524,12664,63982,323328
round_shots,200,100,100,100,100,100,100,100,100,100
round_queries,200,300,1100,3700,17100,82900,410500,2069900,10440100,52743900
round_k,0,1,5,18,85,414,2052,10349,52200,263719
round_shots,300,100,100,100,100,100,100,100,100
round_queries,300,500,2300,9900,46700,230900,1159500,5828900,29595300
round_k,0,2,11,49,233,1154,5797,29144,147976
round_shots,300,100,100,100,100,100,100,100,100,100
round_queries,300,300,1100,3500,14500,69700,342700,1719100,8651300,43734100
round_k,0,1,5,17,72,348,1713,8595,43256,218670
round_shots,200,100,100,100,100,100,100,100,100,100
round_queries,200,300,1100,4500,19900,98100,485500,2413300,12187300,61874300
round_k,0,1,5,22,99,490,2427,12066,60936,309371
round_shots,100,100,100,100,100,100,100,100,100,100
round_queries,100,300,700,1900,7900,37100,181700,905100,4564700,23005500
round_k,0,1,3,9,39,185,908,4525,22823,115027
round_shots,100,100,100,100,100,100,100,100,100,100
round_queries,100,300,700,2900,12500,57100,283100,1408500,7112100,36046900
round_k,0,1,3,14,62,285,1415,7042,35560,180234
round_shots,200,100,100,100,100,100,100,100,100
round_queries,200,700,2300,10300,49900,244300,1233900,6176900,31206700
round_k,0,3,11,51,249,1221,6169,30884,156033
round_shots,100,100,100,100,100,100,100,100,100,100
round_queries,100,300,1100,4700,22100,110100,541900,2720500,13688900,69483100
round_k,0,1,5,23,110,550,2709,13602,68444,347415
round_shots,100,100,100,100,100,100,100,100,100,100
round_queries,100,300,1100,3100,13100,62900,317500,1577300,8340100,41948100
round_k,0,1,5,15,65,314,1587,7886,41700,209740
round_shots,200,100,100,100,100,100,100,100,100
round_queries,200,300,1500,7100,33300,158900,792900,3971500,20157700
round_k,0,1,7,35,166,794,3964,19857,100788
round_shots,200,100,100,100,100,100,100,100,100,100
round_queries,200,300,1100,3100,15300,71300,357900,1785700,8922300,45237900
round_k,0,1,5,15,76,356,1789,8928,44611,226189
round_shots,100,100,100,100,100,100,100,100,100,100
round_queries,100,300,1100,4900,20100,100100,496300,2482700,12525700,63493300
round_k,0,1,5,24,100,500,2481,12413,62628,317466
round_shots,100,100,100,100,100,100,100,100,100,100
round_queries,100,300,700,3300,14700,69300,349900,1745100,8830900,44443500
round_k,0,1,3,16,73,346,1749,8725,44154,222217
round_shots,200,100,100,100,100,100,100,100,100,100
round_queries,200,300,1100,5100,25500,123500,610300,3063500,15439100,78186500
round_k,0,1,5,25,127,617,3051,15317,77195,390932
round_shots,200,100,100,100,100,100,100,100,100,100
round_queries,200,300,1100,4100,17100,82500,402100,2047300,10374900,52454300
round_k,0,1,5,20,85,412,2010,10236,51874,262271
round_shots,200,100,100,100,100,100,100,100,100,100
round_queries,200,300,1100,3100,13100,65500,330300,1659700,8357700,42204700
round_k,0,1,5,15,65,327,1651,8298,41788,211023
round_shots,100,100,100,100,100,100,100,100,100,100
round_queries,100,300,1500,5300,24300,120300,595300,3016100,15293700,77544900
round_k,0,1,7,26,121,601,2976,15080,76468,387724
round_shots,100,100,100,100,100,100,100,100,100,100
round_queries,100,300,1100,4900,23300,115700,578100,2910100,14757500,74822300
round_k,0,1,5,24,116,578,2890,14550,73787,374111
round_shots,100,100,100,100,100,100,100,100,100,100
round_queries,100,300,1100,4900,24100,121100,600300,3021900,15109900,76032500
round_k,0,1,5,24,120,605,3001,15109,75549,380162
round_shots,200,100,100,100,100,100,100,100,100,100
round_queries,200,300,1500,4900,21500,103100,515500,2584700,12999900,65840500
round_k,0,1,7,24,107,515,2577,12923,64999,329202
round_shots,100,100,100,100,100,100,100,100,100,100
round_queries,100,300,1100,4500,20100,96500,481100,2422500,12299900,61574900
round_k,0,1,5,22,100,482,2405,12112,61499,307874
round_shots,200,100,100,100,100,100,100,100,100
round_queries,200,300,1100,5500,27500,131900,635500,3180100,15930500
round_k,0,1,5,27,137,659,3177,15900,79652
round_shots,200,100,100,100,100,100,100,100,100,100
round_queries,200,300,1100,3500,15100,71900,357700,1793100,9040700,45849300
round_k,0,1,5,17,75,359,1788,8965,45203,229246
round_shots,200,100,100,100,100,100,100,100,100,100
round_queries,200,300,700,2900,13500,66700,328700,1628500,8248700,41810100
round_k,0,1,3,14,67,333,1643,8142,41243,209050
round_shots,200,100,100,100,100,100,100,100,100,100
round_queries,200,300,1100,4100,18500,85500,413900,2066500,10442900,52811100
round_k,0,1,5,20,92,427,2069,10332,52214,264055
round_shots,100,100,100,100,100,100,100,100,100,100
round_queries,100,300,700,2500,10900,50300,245700,1223900,6139500,30911500
round_k,0,1,3,12,54,251,1228,6119,30697,154557
round_shots,300,100,100,100,100,100,100,100,100,100
round_queries,300,300,1100,4100,19100,89700,439100,2203500,11122500,56244900
round_k,0,1,5,20,95,448,2195,11017,55612,281224
round_shots,100,100,100,100,100,100,100,100,100,100
round_queries,100,300,1100,3700,16500,81700,397700,1978900,9932300,50318300
round_k,0,1,5,18,82,408,1988,9894,49661,251591
round_shots,100,100,100,100,100,100,100,100,100,100
round_queries,100,300,700,2500,12500,61300,300700,1495700,7544900,38203300
round_k,0,1,3,12,62,306,1503,7478,37724,191016
round_shots,200,100,100,100,100,100,100,100,100,100
round_queries,200,300,1100,4500,21100,102900,505500,2530100,12792500,64333700
round_k,0,1,5,22,105,514,2527,12650,63962,321668
round_shots,200,100,100,100,100,100,100,100,100,100
round_queries,200,300,1100,3700,16900,82300,409900,2048300,10343700,52420500
round_k,0,1,5,18,84,411,2049,10241,51718,262102
round_shots,200,100,100,100,100,100,100,100,100
round_queries,200,300,1500,5700,26500,126900,626500,3150900,15962500
round_k,0,1,7,28,132,634,3132,15754,79812
round_shots,100,100,100,100,100,100,100,100,100,100
round_queries,100,300,1100,5500,25100,121700,604900,3036700,15209900,77068700
round_k,0,1,5,27,125,608,3024,15183,76049,385343
round_shots,100,100,100,100,100,100,100,100,100,100
round_queries,100,300,700,3300,15700,76100,381700,1905300,9633500,48778100
round_k,0,1,3,16,78,380,1908,9526,48167,243890
round_shots,100,100,100,100,100,100,100,100,100,100
round_queries,100,300,1100,3500,16900,79900,394500,1984700,9792700,49362900
round_k,0,1,5,17,84,399,1972,9923,48963,246814
round_shots,300,100,100,100,100,100,100,100,100,100
round_queries,300,300,700,3100,13500,66500,324900,1608900,8108100,40982300
round_k,0,1,3,15,67,332,1624,8044,40540,204911
round_shots,200,100,100,100,100,100,100,100,100,100
round_queries,200,300,1100,4500,21100,103500,517700,2577300,12962900,65784300
round_k,0,1,5,22,105,517,2588,12886,64814,328921
round_shots,100,100,100,100,100,100,100,100,100
round_queries,100,300,1500,7100,31700,146900,724700,3672700,18600300
round_k,0,1,7,35,158,734,3623,18363,93001
round_shots,200,100,100,100,100,100,100,100,100,100
round_queries,200,300,1100,4100,19500,93500,471700,2369700,12010900,60799100
round_k,0,1,5,20,97,467,2358,11848,60054,303995
round_shots,100,100,100,100,100,100,100,100,100,100
round_queries,100,300,700,2900,13100,65500,318500,1942500,9721100,49071900
round_k,0,1,3,14,65,327,1592,9712,48605,245359
round_shots,200,100,100,100,100,100,100,100,100,100
round_queries,200,300,1100,4700,20300,96700,481900,2420700,12226500,61858500
round_k,0,1,5,23,101,483,2409,12103,61132,309292
round_shots,100,100,100,100,100,100,100,100,100,100
round_queries,100,300,1100,4100,19300,94500,466900,2337900,11740300,59427700
round_k,0,1,5,20,96,472,2334,11689,58701,297138
round_shots,200,100,100,100,100,100,100,100,100
round_queries,200,300,1500,5900,28500,139500,707300,3566300,18033900
round_k,0,1,7,29,142,697,3536,17831,90169
round_shots,100,100,100,100,100,100,100,100,100,100
round_queries,100,300,1100,3700,18300,89900,439500,2197100,11108900,56280900
round_k,0,1,5,18,91,449,2197,10985,55544,281404
round_shots,200,100,100,100,100,100,100,100,100,100
round_queries,200,300,1100,4700,20900,97700,484900,2445700,12354100,62666300
round_k,0,1,5,23,104,488,2424,12228,61770,313331
round_shots,100,100,100,100,100,100,100,100,100,100
round_queries,100,300,1100,4700,21700,103900,511900,2541700,12858300,64993100
round_k,0,1,5,23,108,519,2559,12708,64291,324965
round_shots,100,100,100,100,100,100,100,100,100,100
round_queries,100,300,1100,3700,17900,89100,437300,2199100,11063100,55615100
round_k,0,1,5,18,89,445,2186,10995,55315,278075
round_shots,100,100,100,100,100,100,100,100,100,100
round_queries,100,300,1100,4900,21700,106300,531500,2656300,13385100,67851700
round_k,0,1,5,24,108,531,2657,13281,66925,339258
round_shots,200,100,100,100,100,100,100,100,100,100
round_queries,200,300,1100,5100,25300,118500,579700,2773500,13545900,68061300
round_k,0,1,5,25,126,592,2898,13867,67729,340306
round_shots,100,100,100,100,100,100,100,100,100,100
round_queries,100,300,1100,5500,26500,121500,598300,3011500,15277900,76727500
round_k,0,1,5,27,132,607,2991,15057,76389,383637
round_shots,200,100,100,100,100,100,100,100,100,100
round_queries,200,300,700,2700,13500,61500,306100,1525100,7720100,39161900
round_k,0,1,3,13,67,307,1530,7625,38600,195809
round_shots,300,100,100,100,100,100,100,100,100,100
round_queries,300,300,700,1900,8500,39700,193900,960300,4820100,24375100
round_k,0,1,3,9,42,198,969,4801,24100,121875
round_shots,100,100,100,100,100,100,100,100,100
round_queries,100,300,1500,5900,28700,139700,695900,3518500,17821900
round_k,0,1,7,29,143,698,3479,17592,89109
round_shots,200,100,100,100,100,100,100,100,100,100
round_queries,200,300,1100,4700,21700,105100,521100,2613300,13250300,67222100
round_k,0,1,5,23,108,525,2605,13066,66251,336110
round_shots,100,100,100,100,100,100,100,100,100,100
round_queries,100,300,1100,4900,22100,110100,546700,2755100,13823300,70028700
round_k,0,1,5,24,110,550,2733,13775,69116,350143
round_shots,300,100,100,100,100,100,100,100,100,100
round_queries,300,300,1100,3700,16500,81700,407700,2060300,10381100,52743300
round_k,0,1,5,18,82,408,2038,10301,51905,263716
round_shots,200,100,100,100,100,100,100,100,100,100
round_queries,200,300,1100,4500,21100,101300,490500,2448700,12362900,62510700
round_k,0,1,5,22,105,506,2452,12243,61814,312553
round_shots,100,100,100,100,100,100,100,100,100,100
round_queries,100,300,1100,4100,19500,93300,455900,2264100,11455300,58014900
round_k,0,1,5,20,97,466,2279,11320,57276,290074
round_shots,100,100,100,100,100,100,100,100,100,100
round_queries,100,300,1100,4500,21100,98100,488500,2466700,12476700,63250100
round_k,0,1,5,22,105,490,2442,12333,62383,316250
round_shots,200,100,100,100,100,100,100,100,100,100
round_queries,200,300,700,2300,11100,53900,271900,1347900,6804100,34443700
round_k,0,1,3,11,55,269,1359,6739,34020,172218
round_shots,200,100,100,100,100,100,100,100,100,100
round_queries,200,300,1100,3100,12900,58900,295500,1476900,7462900,37841100
round_k,0,1,5,15,64,294,1477,7384,37314,189205
round_shots,200,100,100,100,100,100,100,100,100
round_queries,200,300,1500,5900,26300,127500,635300,3199700,16253700
round_k,0,1,7,29,131,637,3176,15998,81268
round_shots,200,100,100,100,100,100,100,100,100,100
round_queries,200,300,1100,4500,20700,102300,512900,2583700,13003500,65827700
round_k,0,1,5,22,103,511,2564,12918,65017,329138
round_shots,300,100,100,100,100,100,100,100,100,100
round_queries,300,300,700,2900,13300,61500,306100,1533700,7729700,39180100
round_k,0,1,3,14,66,307,1530,7668,38648,195900
round_shots,200,100,100,100,100,100,100,100,100,100
round_queries,200,300,1100,3100,12900,59500,300100,1492700,7527100,38000500
round_k,0,1,5,15,64,297,1500,7463,37635,190002
round_shots,100,100,100,100,100,100,100,100,100,100
round_queries,100,300,1100,3700,16100,78100,391900,1943300,9833100,49727300
round_k,0,1,5,18,80,390,1959,9716,49165,248636
round_shots,200,100,100,100,100,100,100,100,100
round_queries,200,500,1500,5900,26900,158300,788300,3972900,20101500
round_k,0,2,7,29,134,791,3941,19864,100507
round_shots,100,100,100,100,100,100,100,100,100,100
round_queries,100,300,1100,3700,16100,73300,365900,1837500,9284500,47046100
round_k,0,1,5,18,80,366,1829,9187,46422,235230
round_shots,100,100,100,100,100,100,100,100,100,100
round_queries,100,300,700,2700,12700,60100,294100,1476300,7452700,37285300
round_k,0,1,3,13,63,300,1470,7381,37263,186426
round_shots,100,100,100,100,100,100,100,100,100,100
round_queries,100,300,1100,4500,20100,100900,502700,2517700,12700900,64472700
round_k,0,1,5,22,100,504,2513,12588,63504,322363
round_shots,100,100,100,100,100,100,100,100,100,100
round_queries,100,300,700,2300,10500,49500,243700,1235500,6260300,31663100
round_k,0,1,3,11,52,247,1218,6177,31301,158315
round_shots,100,100,100,100,100,100,100,100,100,100
round_queries,100,300,1100,4500,20500,97700,485900,2446500,12411100,62832100
round_k,0,1,5,22,102,488,2429,12232,62055,314160
round_shots,200,100,100,100,100,100,100,100,100,100
round_queries,200,300,700,2900,11900,58700,289100,1454100,7318300,36941500
round_k,0,1,3,14,59,293,1445,7270,36591,184707
round_shots,100,100,100,100,100,100,100,100,100,100
round_queries,100,300,1100,4100,19100,92700,458900,2319500,11589900,58496300
round_k,0,1,5,20,95,463,2294,11597,57949,292481
round_shots,200,100,100,100,100,100,100,100,100,100
round_queries,200,300,1100,5100,24900,123700,609500,3069700,15375700,77945300
round_k,0,1,5,25,124,618,3047,15348,76878,389726
round_shots,200,100,100,100,100,100,100,100,100,100
round_queries,200,300,1100,4700,20900,99700,497700,2417900,12267300,62199900
round_k,0,1,5,23,104,498,2488,12089,61336,310999
round_shots,200,100,100,100,100,100,100,100,100
round_queries,200,300,1500,5700,26100,127100,634900,3191900,16104500
round_k,0,1,7,28,130,635,3174,15959,80522
round_shots,100,100,100,100,100,100,100,100,100,100
round_queries,100,300,700,1900,7900,39100,189500,949900,4802700,24117500
round_k,0,1,3,9,39,195,947,4749,24013,120587
round_shots,300,100,100,100,100,100,100,100,100
round_queries,300,500,1900,8100,39300,181700,904700,4553700,22940700
round_k,0,2,9,40,196,908,4523,22768,114703
round_shots,200,100,100,100,100,100,100,100,100,100
round_queries,200,300,1100,4700,22500,107100,530700,2669100,13470100,68037700
round_k,0,1,5,23,112,535,2653,13345,67350,340188
round_shots,200,100,100,100,100,100,100,100,100,100
round_queries,200,300,700,3300,14500,70500,332700,1678100,8421300,42637700
round_k,0,1,3,16,72,352,1663,8390,42106,213188
round_shots,200,100,100,100,100,100,100,100,100,100
round_queries,200,300,1100,4500,19700,96700,474100,2369100,12010700,60900100
round_k,0,1,5,22,98,483,2370,11845,60053,304500
round_shots,100,100,100,100,100,100,100,100,100,100
round_queries,100,300,700,2300,11100,51700,244500,1215700,6111100,30883700
round_k,0,1,3,11,55,258,1222,6078,30555,154418
round_shots,100,100,100,100,100,100,100,100,100,100
round_queries,100,300,1100,4100,17100,82100,407700,2044900,10338500,52363500
round_k,0,1,5,20,85,410,2038,10224,51692,261817
round_shots,300,100,100,100,100,100,100,100,100,100
round_queries,300,300,700,2300,10100,47100,226700,1130700,5614900,28340700
round_k,0,1,3,11,50,235,1133,5653,28074,141703
round_shots,200,100,100,100,100,100,100,100,100,100
round_queries,200,300,1100,3100,14700,72100,348700,1746100,8848900,44857500
round_k,0,1,5,15,73,360,1743,8730,44244,224287
round_shots,200,100,100,100,100,100,100,100,100
round_queries,200,300,1100,5500,24900,122100,611900,3098100,15725300
round_k,0,1,5,27,124,610,3059,15490,78626
round_shots,100,100,100,100,100,100,100,100,100,100
round_queries,100,300,1100,3100,15300,73500,359700,1801100,9121700,46035500
round_k,0,1,5,15,76,367,1798,9005,45608,230177
round_shots,100,100,100,100,100,100,100,100,100,100
round_queries,100,300,1100,3500,15500,75500,367300,1854500,9356700,47353700
round_k,0,1,5,17,77,377,1836,9272,46783,236768
round_shots,100,100,100,100,100,100,100,100,100,100
round_queries,100,300,1100,3700,17700,83500,412300,2088100,10529700,52962100
round_k,0,1,5,18,88,417,2061,10440,52648,264810
round_shots,100,100,100,100,100,100,100,100,100,100
round_queries,100,300,1100,4700,21100,102500,505100,2531900,12830100,65079900
round_k,0,1,5,23,105,512,2525,12659,64150,325399
round_shots,200,100,100,100,100,100,100,100,100,100
round_queries,200,300,1100,4500,21700,107900,535900,2675300,13434100,67736300
round_k,0,1,5,22,108,539,2679,13376,67170,338681
round_shots,100,100,100,100,100,100,100,100,100,100
round_queries,100,300,1100,5500,24700,120100,595900,3010700,15272500,77278700
round_k,0,1,5,27,123,600,2979,15053,76362,386393
round_shots,200,100,100,100,100,100,100,100,100,100
round_queries,200,300,1100,5500,25100,123900,600500,2985700,15055100,76178700
round_k,0,1,5,27,125,619,3002,14928,75275,380893
round_shots,200,100,100,100,100,100,100,100,100,100
round_queries,200,300,1500,5300,25500,122900,607100,3035500,15310100,77517500
round_k,0,1,7,26,127,614,3035,15177,76550,387587
round_shots,100,100,100,100,100,100,100,100,100,100
round_queries,100,300,1100,4900,22500,112500,555900,2764500,13932900,70710300
round_k,0,1,5,24,112,562,2779,13822,69664,353551
round_shots,100,100,100,100,100,100,100,100,100,100
round_queries,100,300,1100,4700,22300,104100,490100,2412100,12110900,61204300
round_k,0,1,5,23,111,520,2450,12060,60554,306021
round_shots,100,100,100,100,100,100,100,100,100,100
round_queries,100,300,700,2700,11100,53700,262900,1325700,6673900,33807700
round_k,0,1,3,13,55,268,1314,6628,33369,169038
round_shots,200,100,100,100,100,100,100,100,100,100
round_queries,200,300,1100,3700,17500,84700,411700,2053900,10401900,52645700
round_k,0,1,5,18,87,423,2058,10269,52009,263228
round_shots,100,100,100,100,100,100,100,100,100
round_queries,100,300,1500,6900,33100,159100,796700,4027900,20226300
round_k,0,1,7,34,165,795,3983,20139,101131
round_shots,100,100,100,100,100,100,100,100,100,100
round_queries,100,300,1100,4100,18900,92500,463700,2324300,11772500,59765900
round_k,0,1,5,20,94,462,2318,11621,58862,298829
round_shots,100,100,100,100,100,100,100,100,100,100
round_queries,100,300,1100,4500,21700,106700,537100,2680500,13536500,68639100
round_k,0,1,5,22,108,533,2685,13402,67682,343195
round_shots,200,100,100,100,100,100,100,100,100,100
round_queries,200,300,1100,4700,20900,97300,473700,2388900,12082100,61239700
round_k,0,1,5,23,104,486,2368,11944,60410,306198
round_shots,100,100,100,100,100,100,100,100,100,100
round_queries,100,300,1100,4700,21700,103900,522500,2612700,13207700,66976100
round_k,0,1,5,23,108,519,2612,13063,66038,334880
round_shots,200,100,100,100,100,100,100,100,100,100
round_queries,200,300,700,2300,8700,41100,198500,987700,4908700,24894900
round_k,0,1,3,11,43,205,992,4938,24543,124474
round_shots,100,100,100,100,100,100,100,100,100,100
round_queries,100,300,1100,5500,24500,119500,593500,2980500,15100100,76520500
round_k,0,1,5,27,122,597,2967,14902,75500,382602
round_shots,100,100,100,100,100,100,100,100,100,100
round_queries,100,300,700,2300,11500,55100,270900,1631500,8156100,41161500
round_k,0,1,3,11,57,275,1354,8157,40780,205807
round_shots,100,100,100,100,100,100,100,100,100,100
round_queries,100,300,1100,4900,22700,106300,500100,2453700,12383700,62840300
round_k,0,1,5,24,113,531,2500,12268,61918,314201
round_shots,200,100,100,100,100,100,100,100,100,100
round_queries,200,300,700,2500,10700,49100,231100,1144700,5763100,29168700
round_k,0,1,3,12,53,245,1155,5723,28815,145843
round_shots,100,100,100,100,100,100,100,100,100,100
round_queries,100,300,1100,4500,20900,104700,519100,2623100,13216900,66762700
round_k,0,1,5,22,104,523,2595,13115,66084,333813
round_shots,100,100,100,100,100,100,100,100,100,100
round_queries,100,300,1100,4100,18900,93300,466500,2326700,11721300,59503500
round_k,0,1,5,20,94,466,2332,11633,58606,297517
round_shots,100,100,100,100,100,100,100,100,100,100
round_queries,100,300,1100,5100,23700,116300,580100,2912900,14727500,74768300
round_k,0,1,5,25,118,581,2900,14564,73637,373841
round_shots,100,100,100,100,100,100,100,100,100,100
round_queries,100,300,1100,4100,18500,89100,449700,2256300,11396100,57775500
round_k,0,1,5,20,92,445,2248,11281,56980,288877
round_shots,200,100,100,100,100,100,100,100,100,100
round_queries,200,300,700,3300,15500,74500,370700,1878700,9485300,48145100
round_k,0,1,3,16,77,372,1853,9393,47426,240725
round_shots,100,100,100,100,100,100,100,100,100,100
round_queries,100,300,700,2300,11300,54900,268100,1341100,6710900,33982100
round_k,0,1,3,11,56,274,1340,6705,33554,169910
round_shots,200,100,100,100,100,100,100,100,100,100
round_queries,200,500,1500,5500,24100,121700,608100,3039900,15386100,77853700
round_k,0,2,7,27,120,608,3040,15199,76930,389268
round_shots,200,100,100,100,100,100,100,100,100,100
round_queries,200,300,1500,5300,24300,118300,582500,2929100,14795900,75013700
round_k,0,1,7,26,121,591,2912,14645,73979,375068
round_shots,200,100,100,100,100,100,100,100,100
round_queries,200,300,1500,5500,27700,134900,675900,3395900,17188100
round_k,0,1,7,27,138,674,3379,16979,85940
round_shots,200,100,100,100,100,100,100,100,100,100
round_queries,200,300,1100,3700,18500,91700,459900,2305900,11642300,58776100
round_k,0,1,5,18,92,458,2299,11529,58211,293880
round_shots,200,100,100,100,100,100,100,100,100,100
round_queries,200,300,1100,4100,20500,98500,488300,2437700,12315300,62400100
round_k,0,1,5,20,102,492,2441,12188,61576,312000
round_shots,100,100,100,100,100,100,100,100,100,100
round_queries,100,300,700,3300,15300,71300,351100,1734900,8731500,44165700
round_k,0,1,3,16,76,356,1755,8674,43657,220828
round_shots,100,100,100,100,100,100,100,100,100,100
round_queries,100,300,1100,3700,17500,80900,397300,1994300,10046100,50953500
round_k,0,1,5,18,87,404,1986,9971,50230,254767
round_shots,100,100,100,100,100,100,100,100,100,100
round_queries,100,300,1100,5100,22500,112300,552900,2788500,14079500,71221500
round_k,0,1,5,25,112,561,2764,13942,70397,356107
round_shots,100,100,100,100,100,100,100,100,100,100
round_queries,100,300,1100,4300,18500,89900,452700,2290100,11538500,58273500
round_k,0,1,5,21,92,449,2263,11450,57692,291367
round_shots,200,100,100,100,100,100,100,100,100,100
round_queries,200,300,1100,5100,23300,111100,555500,2791100,14125500,71496900
round_k,0,1,5,25,116,555,2777,13955,70627,357484
round_shots,100,100,100,100,100,100,100,100,100,100
round_queries,100,300,700,2300,10300,48300,242300,1209500,6134300,31054300
round_k,0,1,3,11,51,241,1211,6047,30671,155271
round_shots,200,100,100,100,100,100,100,100,100,100
round_queries,200,300,1100,5300,24900,117500,567300,2856700,14393500,72986300
round_k,0,1,5,26,124,587,2836,14283,71967,364931
round_shots,100,100,100,100,100,100,100,100,100,100
round_queries,100,300,700,2900,12500,61700,298300,1494700,7541500,38273100
round_k,0,1,3,14,62,308,1491,7473,37707,191365
round_shots,200,100,100,100,100,100,100,100,100,100
round_queries,200,300,1100,4500,20900,99500,493500,2485100,12488300,63084300
round_k,0,1,5,22,104,497,2467,12425,62441,315421
round_shots,100,100,100,100,100,100,100,100,100,100
round_queries,100,300,1100,4900,23100,115500,544100,2649300,13444100,68038100
round_k,0,1,5,24,115,577,2720,13246,67220,340190
round_shots,200,100,100,100,100,100,100,100,100,100
round_queries,200,300,1100,4900,23300,112500,555100,2777700,13941700,70628700
round_k,0,1,5,24,116,562,2775,13888,69708,353143
round_shots,100,100,100,100,100,100,100,100,100
round_queries,100,500,1900,6900,31900,159100,795300,4025900,20290700
round_k,0,2,9,34,159,795,3976,20129,101453
round_shots,200,100,100,100,100,100,100,100,100
round_queries,200,300,1500,5900,27500,126300,635500,3195300,16160300
round_k,0,1,7,29,137,631,3177,15976,80801
round_shots,200,100,100,100,100,100,100,100,100,100
round_queries,200,300,1100,4500,21100,101900,510300,2586300,13030700,66116100
round_k,0,1,5,22,105,509,2551,12931,65153,330580
round_shots,100,100,100,100,100,100,100,100,100,100
round_queries,100,300,700,2300,9700,46300,229300,1142100,5774900,29104500
round_k,0,1,3,11,48,231,1146,5710,28874,145522
round_shots,200,100,100,100,100,100,100,100,100,100
round_queries,200,300,1100,4100,17300,84300,412500,2077100,10412700,52712300
round_k,0,1,5,20,86,421,2062,10385,52063,263561
round_shots,200,100,100,100,100,100,100,100,100,100
round_queries,200,300,1100,4700,20900,103500,506300,2540100,12788700,64302900
round_k,0,1,5,23,104,517,2531,12700,63943,321514
round_shots,100,100,100,100,100,100,100,100,100
round_queries,100,300,1500,6300,28900,138900,693300,3469700,17541500
round_k,0,1,7,31,144,694,3466,17348,87707
round_shots,100,100,100,100,100,100,100,100,100,100
round_queries,100,300,700,1900,9300,42900,211700,1048100,5283300,26598900
round_k,0,1,3,9,46,214,1058,5240,26416,132994
round_shots,200,100,100,100,100,100,100,100,100,100
round_queries,200,300,1100,4100,19100,91500,480700,2405100,12192500,61603700
round_k,0,1,5,20,95,457,2403,12025,60962,308018
round_shots,100,100,100,100,100,100,100,100,100,100
round_queries,100,300,700,2900,12500,58900,291500,1456300,7380300,37412700
round_k,0,1,3,14,62,294,1457,7281,36901,187063
round_shots,200,100,100,100,100,100,100,100,100
round_queries,200,500,1900,7500,34500,162900,809500,4042500,20409100
round_k,0,2,9,37,172,814,4047,20212,102045
round_shots,100,100,100,100,100,100,100,100,100,100
round_queries,100,300,700,2500,10300,48500,230900,1147300,5783300,29284300
round_k,0,1,3,12,51,242,1154,5736,28916,146421
round_shots,100,100,100,100,100,100,100,100,100,100
round_queries,100,300,1100,5100,23100,115500,572700,2874300,14478100,72903700
round_k,0,1,5,25,115,577,2863,14371,72390,364518
round_shots,100,100,100,100,100,100,100,100,100
round_queries,100,300,1500,6500,31900,154900,781100,3929100,19849300
round_k,0,1,7,32,159,774,3905,19645,99246
round_shots,100,100,100,100,100,100,100,100,100,100
round_queries,100,300,1100,4300,20300,96700,482700,2422500,12287300,62291700
round_k,0,1,5,21,101,483,2413,12112,61436,311458
round_shots,200,100,100,100,100,100,100,100,100,100
round_queries,200,300,1100,4500,19900,97300,486500,2453900,12406700,62809500
round_k,0,1,5,22,99,486,2432,12269,62033,314047
round_shots,100,100,100,100,100,100,100,100,100,100
round_queries,100,300,700,3300,14900,70900,352900,1749700,8814700,44614100
round_k,0,1,3,16,74,354,1764,8748,44073,223070
round_shots,100,100,100,100,100,100,100,100,100,100
round_queries,100,300,700,2900,12500,59700,295700,1475300,7439900,37782500
round_k,0,1,3,14,62,298,1478,7376,37199,188912
round_shots,100,100,100,100,100,100,100,100,100,100
round_queries,100,300,1100,5300,23700,114500,568100,2854900,14458700,73318100
round_k,0,1,5,26,118,572,2840,14274,72293,366590
round_shots,200,100,100,100,100,100,100,100,100,100
round_queries,200,300,700,2700,11100,55500,279100,1391100,6996700,35280900
round_k,0,1,3,13,55,277,1395,6955,34983,176404
round_shots,200,100,100,100,100,100,100,100,100
round_queries,200,500,1900,7900,39500,200500,993500,5018300,25425500
round_k,0,2,9,39,197,1002,4967,25091,127127
round_shots,200,100,100,100,100,100,100,100,100,100
round_queries,200,300,700,2900,13100,60300,301500,1512300,7610300,38406500
round_k,0,1,3,14,65,301,1507,7561,38051,192032
round_shots,100,100,100,100,100,100,100,100,100,100
round_queries,100,300,700,1900,9100,42500,207100,995500,4942100,25080700
round_k,0,1,3,9,45,212,1035,4977,24710,125403
round_shots,200,100,100,100,100,100,100,100,100,100
round_queries,200,300,700,3300,15100,70100,329900,1601100,8075700,40857100
round_k,0,1,3,16,75,350,1649,8005,40378,204285
round_shots,100,100,100,100,100,100,100,100,100,100
round_queries,100,300,700,2900,12100,58900,291100,1442900,7287100,36842300
round_k,0,1,3,14,60,294,1455,7214,36435,184211
round_shots,100,100,100,100,100,100,100,100,100,100
round_queries,100,300,1100,4500,20500,95100,476300,2372500,11994100,60545300
round_k,0,1,5,22,102,475,2381,11862,59970,302726
round_shots,200,100,100,100,100,100,100,100,100,100
round_queries,200,300,1100,4500,21700,106700,526500,2638500,13348700,67552500
round_k,0,1,5,22,108,533,2632,13192,66743,337762
round_shots,100,100,100,100,100,100,100,100,100,100
round_queries,100,300,1100,4900,22900,111700,559900,2791300,14111900,71515700
round_k,0,1,5,24,114,558,2799,13956,70559,357578
round_shots,100,100,100,100,100,100,100,100,100,100
round_queries,100,300,1100,4300,18700,87300,405700,2057300,10387300,52622100
round_k,0,1,5,21,93,436,2028,10286,51936,263110
round_shots,100,100,100,100,100,100,100,100,100,100
round_queries,100,300,1100,3700,18300,85500,420100,2092300,10544500,53431700
round_k,0,1,5,18,91,427,2100,10461,52722,267158
round_shots,200,100,100,100,100,100,100,100,100,100
round_queries,200,300,1100,4500,21100,105500,527500,2652700,13432900,67568500
round_k,0,1,5,22,105,527,2637,13263,67164,337842
round_shots,100,100,100,100,100,100,100,100,100,100
round_queries,100,300,1100,4100,18300,89300,449700,2259100,11393300,57585900
round_k,0,1,5,20,91,446,2248,11295,56966,287929
round_shots,200,100,100,100,100,100,100,100,100,100
round_queries,200,300,700,1900,9100,44900,219900,1107900,5595100,28321300
round_k,0,1,3,9,45,224,1099,5539,27975,141606
round_shots,100,100,100,100,100,100,100,100,100,100
round_queries,100,300,900,4500,21700,102700,511500,2566100,12870100,65282900
round_k,0,1,4,22,108,513,2557,12830,64350,326414
round_shots,100,100,100,100,100,100,100,100,100
round_queries,100,300,1500,5500,26300,124500,613500,3076900,15509900
round_k,0,1,7,27,131,622,3067,15384,77549
round_shots,100,100,100,100,100,100,100,100,100,100
round_queries,100,300,700,3300,15500,87700,436100,2179500,11018300,55432100
round_k,0,1,3,16,77,438,2180,10897,55091,277160
round_shots,200,100,100,100,100,100,100,100,100,100
round_queries,200,300,1100,5100,24700,117900,591700,2959900,14952100,75373100
round_k,0,1,5,25,123,589,2958,14799,74760,376865
round_shots,100,100,100,100,100,100,100,100,100,100
round_queries,100,300,1500,5300,24700,119900,598300,3004300,15062700,76193700
round_k,0,1,7,26,123,599,2991,15021,75313,380968
round_shots,100,100,100,100,100,100,100,100,100,100
round_queries,100,300,1100,4700,21300,102700,508700,2567500,12874900,65242300
round_k,0,1,5,23,106,513,2543,12837,64374,326211
round_shots,100,100,100,100,100,100,100,100,100,100
round_queries,100,300,1100,3700,17500,84100,425300,2144700,10814700,54673700
round_k,0,1,5,18,87,420,2126,10723,54073,273368
round_shots,100,200,100,100,100,100,100,100,100
round_queries,100,600,1900,7100,33900,167100,829500,4137300,20909900
round_k,0,1,9,35,169,835,4147,20686,104549
round_shots,100,100,100,100,100,100,100,100,100
round_queries,100,500,1500,7100,31500,155100,767500,3870500,19619100
round_k,0,2,7,35,157,775,3837,19352,98095
round_shots,200,100,100,100,100,100,100,100,100,100
round_queries,200,300,1100,4900,22700,107700,534100,2683500,13534100,68646500
round_k,0,1,5,24,113,538,2670,13417,67670,343232
round_shots,100,100,100,100,100,100,100,100,100,100
round_queries,100,300,1100,4100,17500,85500,416900,2080300,10524100,53285700
round_k,0,1,5,20,87,427,2084,10401,52620,266428
round_shots,200,100,100,100,100,100,100,100,100
round_queries,200,700,2300,8900,41100,202100,1018100,5121100,25953700
round_k,0,3,11,44,205,1010,5090,25605,129768
round_shots,200,100,100,100,100,100,100,100,100
round_queries,200,300,1100,5500,27700,135300,679300,3420700,17321100
round_k,0,1,5,27,138,676,3396,17103,86605
round_shots,200,100,100,100,100,100,100,100,100
round_queries,200,300,1100,5300,25900,128700,636900,3204100,16100100
round_k,0,1,5,26,129,643,3184,16020,80500
round_shots,200,100,100,100,100,100,100,100,100
round_queries,200,300,1500,6500,32500,157700,786700,3953900,20008300
round_k,0,1,7,32,162,788,3933,19769,100041
round_shots,200,100,100,100,100,100,100,100,100,100
round_queries,200,300,1100,3100,14300,69100,341100,1698100,8563300,43274300
round_k,0,1,5,15,71,345,1705,8490,42816,216371
round_shots,200,100,100,100,100,100,100,100,100,100
round_queries,200,300,1100,4700,21100,103100,521900,2643100,14041900,71133300
round_k,0,1,5,23,105,515,2609,13215,70209,355666
round_shots,200,100,100,100,100,100,100,100,100,100
round_queries,200,300,700,3100,14100,71300,356100,1788700,8970100,45238500
round_k,0,1,3,15,70,356,1780,8943,44850,226192
round_shots,200,100,100,100,100,100,100,100,100,100
round_queries,200,300,1100,4100,19900,96500,473500,2301100,11538700,58556700
round_k,0,1,5,20,99,482,2367,11505,57693,292783
round_shots,200,100,100,100,100,100,100,100,100,100
round_queries,200,300,700,2900,13100,60900,298300,1490500,7555100,38317300
round_k,0,1,3,14,65,304,1491,7452,37775,191586
round_shots,200,100,100,100,100,100,100,100,100
round_queries,200,300,1100,5500,25500,123500,618100,3128500,15891700
round_k,0,1,5,27,127,617,3090,15642,79458
round_shots,200,100,100,100,100,100,100,100,100
round_queries,200,300,1100,5500,24900,115100,698100,3511300,17711100
round_k,0,1,5,27,124,575,3490,17556,88555
round_shots,100,100,100,100,100,100,100,100,100,100
round_queries,100,300,1100,4100,19900,96300,476300,2413100,12248500,62564900
round_k,0,1,5,20,99,481,2381,12065,61242,312824
round_shots,100,100,100,100,100,100,100,100,100,100
round_queries,100,300,700,2300,9700,46500,227100,1135500,5713700,28947300
round_k,0,1,3,11,48,232,1135,5677,28568,144736
round_shots,100,100,100,100,100,100,100,100,100
round_queries,100,300,1100,5100,24900,120300,598700,3027300,15321100
round_k,0,1,5,25,124,601,2993,15136,76605
round_shots,100,100,100,100,100,100,100,100,100,100
round_queries,100,300,700,2500,12500,62100,310700,1556100,7809300,39551700
round_k,0,1,3,12,62,310,1553,7780,39046,197758
round_shots,100,100,100,100,100,100,100,100,100,100
round_queries,100,300,700,2500,10500,47900,227500,1122300,5685500,28683100
round_k,0,1,3,12,52,239,1137,5611,28427,143415
round_shots,100,100,100,100,100,100,100,100,100,100
round_queries,100,300,1100,5500,25300,122900,614500,3061100,15372300,77953100
round_k,0,1,5,27,126,614,3072,15305,76861,389765
round_shots,200,100,100,100,100,100,100,100,100,100
round_queries,200,300,1100,4500,22100,107500,527500,2665100,13480700,68246900
round_k,0,1,5,22,110,537,2637,13325,67403,341234
round_shots,100,100,100,100,100,100,100,100,100,100
round_queries,100,300,1100,5100,24100,117700,588100,2968500,15017500,76056900
round_k,0,1,5,25,120,588,2940,14842,75087,380284
round_shots,200,100,100,100,100,100,100,100,100,100
round_queries,200,300,1100,4500,20300,96100,481100,2423700,12251900,62169300
round_k,0,1,5,22,101,480,2405,12118,61259,310846
round_shots,100,100,100,100,100,100,100,100,100
round_queries,100,300,1500,6300,28700,143500,721700,3664100,18609500
round_k,0,1,7,31,143,717,3608,18320,93047
round_shots,100,100,100,100,100,100,100,100,100,100
round_queries,100,300,1100,3100,14100,68300,341900,1693900,8567900,43330500
round_k,0,1,5,15,70,341,1709,8469,42839,216652
round_shots,100,100,100,100,100,100,100,100,100
round_queries,100,500,1500,5900,29500,144100,721100,3618500,18269500
round_k,0,2,7,29,147,720,3605,18092,91347
round_shots,100,100,100,100,100,100,100,100,100,100
round_queries,100,300,1100,4500,19900,97700,481500,2416300,12080500,60954900
round_k,0,1,5,22,99,488,2407,12081,60402,304774
round_shots,100,100,100,100,100,100,100,100,100,100
round_queries,100,300,1100,5300,25100,128100,617700,2937900,14131300,68705100
round_k,0,1,5,26,125,640,3088,14689,70656,343525
round_shots,100,100,100,100,100,100,100,100,100,100
round_queries,100,300,1100,4500,20500,100500,506500,2535700,12822500,64776300
round_k,0,1,5,22,102,502,2532,12678,64112,323881
round_shots,200,100,100,100,100,100,100,100,100,100
round_queries,200,300,1100,3700,17300,84900,415500,2087700,10557300,52958500
round_k,0,1,5,18,86,424,2077,10438,52786,264792
round_shots,100,100,100,100,100,100,100,100,100,100
round_queries,100,300,1100,4900,23300,113100,570900,2889700,14590100,73660700
round_k,0,1,5,24,116,565,2854,14448,72950,368303
round_shots,200,100,100,100,100,100,100,100,100,100
round_queries,200,300,1100,4300,18900,94500,463100,2301100,11650500,58413300
round_k,0,1,5,21,94,472,2315,11505,58252,292066
round_shots,100,100,100,100,100,100,100,100,100,100
round_queries,100,300,1500,5300,23100,111300,555100,2799100,14104100,71489700
round_k,0,1,7,26,115,556,2775,13995,70520,357448
round_shots,200,100,100,100,100,100,100,100,100,100
round_queries,200,300,1100,3700,15900,74300,368300,1851900,9360900,47381900
round_k,0,1,5,18,79,371,1841,9259,46804,236909
round_shots,100,100,100,100,100,100,100,100,100,100
round_queries,100,300,1100,4100,18900,90300,439100,2213500,11234100,57039300
round_k,0,1,5,20,94,451,2195,11067,56170,285196
round_shots,200,100,100,100,100,100,100,100,100,100
round_queries,200,300,1100,3700,16500,81100,407300,2024700,10150900,51455700
round_k,0,1,5,18,82,405,2036,10123,50754,257278
round_shots,200,100,100,100,100,100,100,100,100,100
round_queries,200,300,1100,4700,22100,101700,503900,2515500,12600100,63619300
round_k,0,1,5,23,110,508,2519,12577,63000,318096
round_shots,200,100,100,100,100,100,100,100,100,100
round_queries,200,300,1100,4900,22300,106900,527100,2636500,13344300,67712300
round_k,0,1,5,24,111,534,2635,13182,66721,338561
round_shots,100,100,100,100,100,100,100,100,100
round_queries,100,300,1500,6900,31700,156700,785100,3952100,19913900
round_k,0,1,7,34,158,783,3925,19760,99569
round_shots,200,100,100,100,100,100,100,100,100,100
round_queries,200,300,1100,4100,17900,89300,447100,2234900,11314100,57253500
round_k,0,1,5,20,89,446,2235,11174,56570,286267
round_shots,200,100,100,100,100,100,100,100,100
round_queries,200,300,1500,5900,28700,143500,715900,3612100,18293100
round_k,0,1,7,29,143,717,3579,18060,91465
round_shots,100,100,100,100,100,100,100,100,100,100
round_queries,100,300,1100,5500,25900,124300,611100,3062300,15488100,77802500
round_k,0,1,5,27,129,621,3055,15311,77440,389012
round_shots,200,100,100,100,100,100,100,100,100,100
round_queries,200,300,700,2300,10900,53300,258900,1299300,6538900,33062500
round_k,0,1,3,11,54,266,1294,6496,32694,165312
round_shots,200,100,100,100,100,100,100,100,100,100
round_queries,200,300,1100,3700,15300,73900,367100,1860900,9408300,47719900
round_k,0,1,5,18,76,369,1835,9304,47041,238599
round_shots,100,100,100,100,100,100,100,100,100,100
round_queries,100,300,1100,4900,22500,104900,524300,2650700,13407300,68013100
round_k,0,1,5,24,112,524,2621,13253,67036,340065
round_shots,100,100,100,100,100,100,100,100,100,100
round_queries,100,300,700,2300,9500,45300,222700,1119500,5638300,28518700
round_k,0,1,3,11,47,226,1113,5597,28191,142593
round_shots,200,100,100,100,100,100,100,100,100,100
round_queries,200,300,1100,3700,15900,76300,381500,1926500,9740700,49352100
round_k,0,1,5,18,79,381,1907,9632,48703,246760
round_shots,100,100,100,100,100,100,100,100,100,100
round_queries,100,300,1100,4500,20900,103700,515700,2577300,12965900,65628900
round_k,0,1,5,22,104,518,2578,12886,64829,328144
round_shots,100,100,100,100,100,100,100,100,100,100
round_queries,100,300,1100,4500,19500,91700,450900,2253100,11362700,57592100
round_k,0,1,5,22,97,458,2254,11265,56813,287960
round_shots,100,100,100,100,100,100,100,100,100,100
round_queries,100,300,1100,4100,19900,95700,479100,2393500,12072900,61321500
round_k,0,1,5,20,99,478,2395,11967,60364,306607
round_shots,100,100,100,100,100,100,100,100,100,100
round_queries,100,300,700,2700,11100,52300,257700,1287300,6496100,32870900
round_k,0,1,3,13,55,261,1288,6436,32480,164354
round_shots,200,200,100,100,100,100,100,100,100,100
round_queries,200,600,1100,4500,20700,103100,515700,2584100,12929500,65430900
round_k,0,1,5,22,103,515,2578,12920,64647,327154
round_shots,100,100,100,100,100,100,100,100,100,100
round_queries,100,300,1100,4100,20300,95900,477900,2403300,12118900,61435300
round_k,0,1,5,20,101,479,2389,12016,60594,307176
round_shots,200,100,100,100,100,100,100,100,100,100
round_queries,200,300,1100,5300,23100,112300,556100,2781900,14075700,71381500
round_k,0,1,5,26,115,561,2780,13909,70378,356907
round_shots,200,100,100,100,100,100,100,100,100,100
round_queries,200,300,1100,4100,18500,88900,442700,2223700,11227700,56840100
round_k,0,1,5,20,92,444,2213,11118,56138,284200
round_shots,100,100,100,100,100,100,100,100,100,100
round_queries,100,300,1100,3700,15900,77900,386900,1944100,9796900,49707300
round_k,0,1,5,18,79,389,1934,9720,48984,248536
round_shots,100,100,100,100,100,100,100,100,100,100
round_queries,100,300,1100,4900,23900,116500,574700,2883700,14567900,73618500
round_k,0,1,5,24,119,582,2873,14418,72839,368092
round_shots,100,100,100,100,100,100,100,100,100,100
round_queries,100,300,1100,3700,16900,81900,413300,2085500,10564100,53558900
round_k,0,1,5,18,84,409,2066,10427,52820,267794
round_shots,200,100,100,100,100,100,100,100,100,100
round_queries,200,300,1100,5500,24700,115700,577700,2899300,14579500,73949700
round_k,0,1,5,27,123,578,2888,14496,72897,369748
round_shots,200,100,100,100,100,100,100,100,100,100
round_queries,200,300,1100,4700,23500,113700,565900,2835700,14383100,72894300
round_k,0,1,5,23,117,568,2829,14178,71915,364471
round_shots,100,100,100,100,100,100,100,100,100,100
round_queries,100,300,1100,4300,18700,86300,426900,2126300,10776900,54398100
round_k,0,1,5,21,93,431,2134,10631,53884,271990
round_shots,100,100,100,100,100,100,100,100,100,100
round_queries,100,300,700,2300,9300,45500,223100,1115100,5603700,28452900
round_k,0,1,3,11,46,227,1115,5575,28018,142264
round_shots,100,100,100,100,100,100,100,100,100,100
round_queries,100,300,700,2300,10500,48100,232700,1176500,5863900,29615500
round_k,0,1,3,11,52,240,1163,5882,29319,148077
round_shots,100,100,100,100,100,100,100,100,100,100
round_queries,100,300,1100,3100,13100,63100,306700,1547300,7773500,39448300
round_k,0,1,5,15,65,315,1533,7736,38867,197241
round_shots,200,100,100,100,100,100,100,100,100
round_queries,200,300,1500,5300,25500,127300,645100,3244100,16447100
round_k,0,1,7,26,127,636,3225,16220,82235
round_shots,100,100,100,100,100,100,100,100,100,100
round_queries,100,300,700,2700,12500,57300,286100,1427700,7235100,36643500
round_k,0,1,3,13,62,286,1430,7138,36175,183217
round_shots,200,100,100,100,100,100,100,100,100,100
round_queries,200,300,1100,5500,24500,116100,570500,2852900,14440900,73264700
round_k,0,1,5,27,122,580,2852,14264,72204,366323
round_shots,200,100,100,100,100,100,100,100,100,100
round_queries,200,300,1100,3700,18500,88900,440900,2227700,11229500,57001100
round_k,0,1,5,18,92,444,2204,11138,56147,285005
round_shots,100,100,100,100,100,100,100,100,100,100
round_queries,100,300,1100,3500,14700,67700,331500,1659900,8387300,42458500
round_k,0,1,5,17,73,338,1657,8299,41936,212292
round_shots,100,100,100,100,100,100,100,100,100,100
round_queries,100,300,1100,5100,22500,108500,524300,2624900,13208500,66836100
round_k,0,1,5,25,112,542,2621,13124,66042,334180
round_shots,200,100,100,100,100,100,100,100,100,100
round_queries,200,300,1100,4500,20500,102300,503700,2552300,12857900,64742500
round_k,0,1,5,22,102,511,2518,12761,64289,323712
round_shots,100,100,100,100,100,100,100,100,100
round_queries,100,300,1100,5500,25700,127500,640900,3231100,16314300
round_k,0,1,5,27,128,637,3204,16155,81571
round_shots,200,100,100,100,100,100,100,100,100,100
round_queries,200,300,1100,4500,20300,100700,503100,2517500,13365500,67808100
round_k,0,1,5,22,101,503,2515,12587,66827,339040
round_shots,100,100,100,100,100,100,100,100,100,100
round_queries,100,300,1100,3100,13900,68900,340700,1707100,9067900,45996300
round_k,0,1,5,15,69,344,1703,8535,45339,229981
round_shots,100,100,100,100,100,100,100,100,100,100
round_queries,100,300,1100,4500,21900,107300,539300,2697100,13597300,68816900
round_k,0,1,5,22,109,536,2696,13485,67986,344084
round_shots,100,100,100,100,100,100,100,100,100,100
round_queries,100,300,1500,5500,24700,119700,596500,2998700,15178900,76916500
round_k,0,1,7,27,123,598,2982,14993,75894,384582
round_shots,200,100,100,100,100,100,100,100,100,100
round_queries,200,300,700,3300,15300,75900,376900,1880700,9505300,48115100
round_k,0,1,3,16,76,379,1884,9403,47526,240575
round_shots,200,100,100,100,100,100,100,100,100,100
round_queries,200,300,1100,4500,20500,102700,514900,2714100,13719100,69450500
round_k,0,1,5,22,102,513,2574,13570,68595,347252
round_shots,100,100,100,100,100,100,100,100,100
round_queries,100,300,1500,6300,30900,144100,685500,3380100,16998300
round_k,0,1,7,31,154,720,3427,16900,84991
round_shots,200,100,100,100,100,100,100,100,100,100
round_queries,200,300,1100,4900,23100,111900,563100,2839300,14274500,72400100
round_k,0,1,5,24,115,559,2815,14196,71372,362000
round_shots,200,100,100,100,100,100,100,100,100,100
round_queries,200,300,1100,4100,18500,87900,436500,2194700,11124300,56332100
round_k,0,1,5,20,92,439,2182,10973,55621,281660
round_shots,100,100,100,100,100,100,100,100,100,100
round_queries,100,300,1100,4100,17900,87700,431500,2148500,10800500,54324700
round_k,0,1,5,20,89,438,2157,10742,54002,271623
round_shots,100,100,100,100,100,100,100,100,100,100
round_queries,100,300,1100,4500,19900,93300,461300,2322700,11664900,59179700
round_k,0,1,5,22,99,466,2306,11613,58324,295898
round_shots,200,100,100,100,100,100,100,100,100,100
round_queries,200,300,1100,4100,18300,84700,421900,2068700,10304300,52180100
round_k,0,1,5,20,91,423,2109,10343,51521,260900
round_shots,200,100,100,100,100,100,100,100,100,100
round_queries,200,300,1100,5100,24300,120900,596100,2998700,15176100,76941700
round_k,0,1,5,25,121,604,2980,14993,75880,384708
round_shots,200,100,100,100,100,100,100,100,100,100
round_queries,200,300,1100,4100,18700,93300,457900,2305300,11634500,58598900
round_k,0,1,5,20,93,466,2289,11526,58172,292994
round_shots,200,100,100,100,100,100,100,100,100,100
round_queries,200,300,1500,5500,26100,120100,600500,3035700,15379100,78068700
round_k,0,1,7,27,130,600,3002,15178,76895,390343
round_shots,200,100,100,100,100,100,100,100,100
round_queries,200,500,1900,8900,41300,203700,1013300,5125100,25903300
round_k,0,2,9,44,206,1018,5066,25625,129516
round_shots,100,100,100,100,100,100,100,100,100,100
round_queries,100,300,1100,4500,21300,103300,499500,2490700,12610100,64019100
round_k,0,1,5,22,106,516,2497,12453,63050,320095
round_shots,200,100,100,100,100,100,100,100,100,100
round_queries,200,300,1100,4900,22100,105700,529900,2660100,13435900,68167100
round_k,0,1,5,24,110,528,2649,13300,67179,340835
round_shots,100,100,100,100,100,100,100,100,100,100
round_queries,100,300,1100,4500,20900,100900,507900,2552300,12832500,64734700
round_k,0,1,5,22,104,504,2539,12761,64162,323673
round_shots,100,100,100,100,100,100,100,100,100
round_queries,100,300,1500,6700,30700,148100,733700,3705500,18745700
round_k,0,1,7,33,153,740,3668,18527,93728
round_shots,100,200,100,100,100,100,100,100,100,100
round_queries,100,600,1500,5500,24300,121500,612300,3055300,15270300,76995500
round_k,0,1,7,27,121,607,3061,15276,76351,384977
round_shots,200,100,100,100,100,100,100,100,100,100
round_queries,200,300,1100,4100,18300,86900,412100,1952300,9828100,49170300
round_k,0,1,5,20,91,434,2060,9761,49140,245851
round_shots,200,100,100,100,100,100,100,100,100,100
round_queries,200,300,1100,4500,21100,100100,499700,2507700,12626700,63601100
round_k,0,1,5,22,105,500,2498,12538,63133,318005
round_shots,200,100,100,100,100,100,100,100,100,100
round_queries,200,300,1500,5300,23900,111500,552300,2760500,13949100,70351900
round_k,0,1,7,26,119,557,2761,13802,69745,351759
round_shots,100,100,100,100,100,100,100,100,100,100
round_queries,100,300,1100,5500,25100,119500,592900,3019900,15281900,77289100
round_k,0,1,5,27,125,597,2964,15099,76409,386445
round_shots,100,100,100,100,100,100,100,100,100,100
round_queries,100,300,700,3300,15300,71900,360700,1814500,9143100,46204900
round_k,0,1,3,16,76,359,1803,9072,45715,231024
round_shots,100,100,100,100,100,100,100,100,100,100
round_queries,100,300,1100,4700,21100,100900,503300,2528700,12758300,64444700
round_k,0,1,5,23,105,504,2516,12643,63791,322223
round_shots,100,100,100,100,100,100,100,100,100,100
round_queries,100,300,700,2700,11900,57100,280700,1397100,7055300,35429700
round_k,0,1,3,13,59,285,1403,6985,35276,177148
round_shots,200,100,100,100,100,100,100,100,100
round_queries,200,500,2300,10500,49100,235900,1186500,5994900,30226300
round_k,0,2,11,52,245,1179,5932,29974,151131
round_shots,100,100,100,100,100,100,100,100,100,100
round_queries,100,300,1100,3700,17700,85100,422900,2106300,10664500,53828700
round_k,0,1,5,18,88,425,2114,10531,53322,269143
round_shots,200,100,100,100,100,100,100,100,100,100
round_queries,200,300,1100,5100,22700,113500,571700,2870100,14500700,73477900
round_k,0,1,5,25,113,567,2858,14350,72503,367389
round_shots,100,100,100,100,100,100,100,100,100,100
round_queries,100,300,700,1900,8100,40500,201100,1014500,5094300,25767500
round_k,0,1,3,9,40,202,1005,5072,25471,128837
round_shots,100,100,100,100,100,100,100,100,100,100
round_queries,100,300,1100,4900,24100,115900,577700,2877900,14515500,73436300
round_k,0,1,5,24,120,579,2888,14389,72577,367181
round_shots,200,100,100,100,100,100,100,100,100,100
round_queries,200,500,1500,5300,24900,119300,596100,2961700,14975700,75985100
round_k,0,2,7,26,124,596,2980,14808,74878,379925
round_shots,200,100,100,100,100,100,100,100,100
round_queries,200,300,1100,5500,25100,117900,586500,3083700,15530900
round_k,0,1,5,27,125,589,2932,15418,77654
round_shots,200,100,100,100,100,100,100,100,100,100
round_queries,200,300,700,2300,10500,52500,259700,1302900,6594700,33365900
round_k,0,1,3,11,52,262,1298,6514,32973,166829
round_shots,200,100,100,100,100,100,100,100,100,100
round_queries,200,300,700,1900,8500,38500,188100,948500,4778700,24193900
round_k,0,1,3,9,42,192,940,4742,23893,120969
round_shots,300,100,100,100,100,100,100,100,100
round_queries,300,500,1500,5900,26700,125500,618100,3118900,15642500
round_k,0,2,7,29,133,627,3090,15594,78212
round_shots,200,100,100,100,100,100,100,100,100,100
round_queries,200,300,1100,3700,16500,81300,408100,2036100,10290500,51659100
round_k,0,1,5,18,82,406,2040,10180,51452,258295
round_shots,200,100,100,100,100,100,100,100,100,100
round_queries,200,300,700,1900,8700,38300,189300,957100,4821300,24314300
round_k,0,1,3,9,43,191,946,4785,24106,121571
round_shots,100,100,100,100,100,100,100,100,100,100
round_queries,100,300,1100,4100,20500,103500,519300,2627700,13304500,67506300
round_k,0,1,5,20,102,517,2596,13138,66522,337531
round_shots,300,100,100,100,100,100,100,100,100,100
round_queries,300,300,1100,5100,22300,111900,555900,2795500,14097900,71469100
round_k,0,1,5,25,111,559,2779,13977,70489,357345
round_shots,200,100,100,100,100,100,100,100,100
round_queries,200,300,1500,6900,30900,146300,718700,3585900,18151900
round_k,0,1,7,34,154,731,3593,17929,90759
round_shots,100,200,100,100,100,100,100,100,100,100
round_queries,100,600,1100,4100,18100,87900,430100,2176500,11042100,55352300
round_k,0,1,5,20,90,439,2150,10882,55210,276761
round_shots,100,100,100,100,100,100,100,100,100,100
round_queries,100,300,1100,3500,16100,77700,382300,1938300,9739300,49358700
round_k,0,1,5,17,80,388,1911,9691,48696,246793
round_shots,100,100,100,100,100,100,100,100,100
round_queries,100,300,1500,6900,31100,149900,750100,3739300,18699700
round_k,0,1,7,34,155,749,3750,18696,93498
round_shots,100,100,100,100,100,100,100,100,100,100
round_queries,100,300,700,2300,11100,52300,259300,1301900,6554300,33180300
round_k,0,1,3,11,55,261,1296,6509,32771,165901
round_shots,100,100,100,100,100,100,100,100,100,100
round_queries,100,300,700,3300,14300,70300,351900,1768100,8869900,44727700
round_k,0,1,3,16,71,351,1759,8840,44349,223638
round_shots,200,100,100,100,100,100,100,100,100
round_queries,200,300,1500,6500,31500,154700,770700,3903500,19709300
round_k,0,1,7,32,157,773,3853,19517,98546
round_shots,100,100,100,100,100,100,100,100,100,100
round_queries,100,300,700,1900,7300,34700,173700,857700,4313900,21855700
round_k,0,1,3,9,36,173,868,4288,21569,109278
round_shots,100,100,100,100,100,100,100,100,100
round_queries,100,300,1500,5500,25500,123900,618100,3098300,15707500
round_k,0,1,7,27,127,619,3090,15491,78537
round_shots,200,100,100,100,100,100,100,100,100
round_queries,200,700,2300,9500,44900,219100,1099900,5554900,28066500
round_k,0,3,11,47,224,1095,5499,27774,140332
round_shots,200,100,100,100,100,100,100,100,100,100
round_queries,200,300,700,2700,12500,58900,284300,1427900,7207100,36428900
round_k,0,1,3,13,62,294,1421,7139,36035,182144
round_shots,100,100,100,100,100,100,100,100,100,100
round_queries,100,300,1100,3100,15500,74700,373700,1849900,9355300,47094100
round_k,0,1,5,15,77,373,1868,9249,46776,235470
round_shots,100,100,100,100,100,100,100,100,100
round_queries,100,500,1500,6700,29900,149700,743500,3755700,19022500
round_k,0,2,7,33,149,748,3717,18778,95112
round_shots,100,100,100,100,100,100,100,100,100,100
round_queries,100,300,700,2300,10300,48500,236100,1176900,5974700,30206500
round_k,0,1,3,11,51,242,1180,5884,29873,151032
round_shots,200,100,100,100,100,100,100,100,100,100
round_queries,200,300,1100,3700,16500,78100,380700,1913700,9580900,48295100
round_k,0,1,5,18,82,390,1903,9568,47904,241475
round_shots,100,100,100,100,100,100,100,100,100,100
round_queries,100,300,1100,3100,15100,72500,357100,1792100,9035300,45754300
round_k,0,1,5,15,75,362,1785,8960,45176,228771
round_shots,100,100,100,100,100,100,100,100,100
round_queries,100,300,1500,7100,32700,162300,806500,4066700,20566500
round_k,0,1,7,35,163,811,4032,20333,102832
round_shots,200,100,100,100,100,100,100,100,100
round_queries,200,300,1500,7500,34700,168700,838300,4218300,21094300
round_k,0,1,7,37,173,843,4191,21091,105471
round_shots,200,100,100,100,100,100,100,100,100,100
round_queries,200,300,700,2300,11500,52900,261900,1321500,6625100,33518900
round_k,0,1,3,11,57,264,1309,6607,33125,167594
round_shots,100,100,100,100,100,100,100,100,100,100
round_queries,100,300,700,2300,9700,46100,225900,1125500,5694700,28739300
round_k,0,1,3,11,48,230,1129,5627,28473,143696
round_shots,100,100,100,100,100,100,100,100,100,100
round_queries,100,300,1100,4100,19900,97700,480700,2404500,12165100,61694500
round_k,0,1,5,20,99,488,2403,12022,60825,308472
round_shots,200,100,100,100,100,100,100,100,100
round_queries,200,700,1900,8900,42700,214300,1058100,5222900,26465300
round_k,0,3,9,44,213,1071,5290,26114,132326
round_shots,200,100,100,100,100,100,100,100,100,100
round_queries,200,300,1100,4900,22500,112300,563900,2846700,14250700,72266100
round_k,0,1,5,24,112,561,2819,14233,71253,361330
round_shots,300,100,100,100,100,100,100,100,100,100
round_queries,300,300,1100,4900,22500,109700,548100,2721700,13801300,69858500
round_k,0,1,5,24,112,548,2740,13608,69006,349292
round_shots,100,100,100,100,100,100,100,100,100,100
round_queries,100,300,1500,4900,21100,97900,474700,2395700,12100500,61287500
round_k,0,1,7,24,105,489,2373,11978,60502,306437
round_shots,100,100,100,100,100,100,100,100,100,100
round_queries,100,300,1100,3700,16500,81500,407300,2039500,10303100,52150100
round_k,0,1,5,18,82,407,2036,10197,51515,260750
round_shots,100,100,100,100,100,100,100,100,100
round_queries,100,300,1500,7100,33500,161300,806500,4074700,20649300
round_k,0,1,7,35,167,806,4032,20373,103246
round_shots,200,100,100,100,100,100,100,100,100,100
round_queries,200,300,700,1900,7500,36500,183700,906500,4504700,22784300
round_k,0,1,3,9,37,182,918,4532,22523,113921
round_shots,200,100,100,100,100,100,100,100,100,100
round_queries,200,300,1100,4100,18900,88900,432900,2177900,10928500,55445900
round_k,0,1,5,20,94,444,2164,10889,54642,277229
round_shots,200,100,100,100,100,100,100,100,100,100
round_queries,200,300,1100,4900,22500,105500,518700,2614100,13249500,66695100
round_k,0,1,5,24,112,527,2593,13070,66247,333475
round_shots,100,100,100,100,100,100,100,100,100,100
round_queries,100,300,700,1900,6900,31500,154900,781100,3919700,19883500
round_k,0,1,3,9,34,157,774,3905,19598,99417
round_shots,100,100,100,100,100,100,100,100,100,100
round_queries,100,300,700,1900,7100,32700,160900,800100,4010300,20292500
round_k,0,1,3,9,35,163,804,4000,20051,101462
round_shots,200,100,100,100,100,100,100,100,100,100
round_queries,200,300,700,1900,7500,34100,178700,888100,4460300,22559300
round_k,0,1,3,9,37,170,893,4440,22301,112796
round_shots,100,100,100,100,100,100,100,100,100,100
round_queries,100,300,1100,4500,20100,94900,466300,2347500,11873900,60274900
round_k,0,1,5,22,100,474,2331,11737,59369,301374
round_shots,100,100,100,100,100,100,100,100,100,100
round_queries,100,300,1100,5100,24100,118100,579900,2916700,14749300,74125700
round_k,0,1,5,25,120,590,2899,14583,73746,370628
round_shots,200,100,100,100,100,100,100,100,100,100
round_queries,200,300,1100,5100,22900,113900,569100,2871500,14502700,72758900
round_k,0,1,5,25,114,569,2845,14357,72513,363794
round_shots,200,100,100,100,100,100,100,100,100,100
round_queries,200,300,1500,4900,22500,108700,531500,2684500,13541100,68242500
round_k,0,1,7,24,112,543,2657,13422,67705,341212
round_shots,200,100,100,100,100,100,100,100,100
round_queries,200,300,1500,6300,29500,146500,743500,3721900,18815100
round_k,0,1,7,31,147,732,3717,18609,94075
round_shots,300,100,100,100,100,100,100,100,100
round_queries,300,300,1500,6500,31900,156900,782900,3935100,19773100
round_k,0,1,7,32,159,784,3914,19675,98865
round_shots,200,100,100,100,100,100,100,100,100,100
round_queries,200,300,1100,4500,20900,104300,527100,2654700,13408900,67925100
round_k,0,1,5,22,104,521,2635,13273,67044,339625
round_shots,200,100,100,100,100,100,100,100,100
round_queries,200,500,1900,7900,37500,181500,910500,4623900,23309300
round_k,0,2,9,39,187,907,4552,23119,116546
round_shots,200,100,100,100,100,100,100,100,100
round_queries,200,700,2500,11900,55300,273300,1363300,6908700,34861900
round_k,0,3,12,59,276,1366,6816,34543,174309
round_shots,100,100,100,100,100,100,100,100,100,100
round_queries,100,300,700,2300,11100,52700,262900,1326700,6710900,33844700
round_k,0,1,3,11,55,263,1314,6633,33554,169223
round_shots,100,100,100,100,100,100,100,100,100,100
round_queries,100,300,1100,5500,23900,118100,587500,2967700,15028100,76296500
round_k,0,1,5,27,119,590,2937,14838,75140,381482
round_shots,100,100,100,100,100,100,100,100,100,100
round_queries,100,300,1100,4500,20100,100300,498100,2507300,12651300,63476500
round_k,0,1,5,22,100,501,2490,12536,63256,317382
round_shots,100,100,100,100,100,100,100,100,100,100
round_queries,100,300,1100,4900,22900,112500,563500,2835700,14319300,72423500
round_k,0,1,5,24,114,562,2817,14178,71596,362117
round_shots,100,100,100,100,100,100,100,100,100
round_queries,100,500,1500,6500,28100,137300,687900,3478500,17416900
round_k,0,2,7,32,140,686,3439,17392,87084
round_shots,100,100,100,100,100,100,100,100,100,100
round_queries,100,300,1100,4500,20500,96500,480900,2388700,12009900,60787500
round_k,0,1,5,22,102,482,2404,11943,60049,303937
round_shots,200,100,100,100,100,100,100,100,100,100
round_queries,200,300,1100,4900,21900,108500,534700,2689500,13649900,69275100
round_k,0,1,5,24,109,542,2673,13447,68249,346375
round_shots,200,100,100,100,100,100,100,100,100,100
round_queries,200,300,1100,3700,16700,81300,405100,2029900,10190100,51404900
round_k,0,1,5,18,83,406,2025,10149,50950,257024
round_shots,200,100,100,100,100,100,100,100,100
round_queries,200,700,2900,12700,59300,291500,1457700,7391900,37255100
round_k,0,3,14,63,296,1457,7288,36959,186275
round_shots,100,100,100,100,100,100,100,100,100
round_queries,100,300,1500,6700,30700,148500,745900,3761300,19066700
round_k,0,1,7,33,153,742,3729,18806,95333
round_shots,100,100,100,100,100,100,100,100,100,100
round_queries,100,300,1100,4900,24100,117700,582300,2944700,14884500,75370100
round_k,0,1,5,24,120,588,2911,14723,74422,376850
round_shots,200,100,100,100,100,100,100,100,100,100
round_queries,200,300,1100,4700,20900,102500,503500,2526700,12781300,64182100
round_k,0,1,5,23,104,512,2517,12633,63906,320910
round_shots,100,100,100,100,100,100,100,100,100,100
round_queries,100,300,1100,5300,25500,121300,606300,3034500,15390500,77672500
round_k,0,1,5,26,127,606,3031,15172,76952,388362
round_shots,100,100,100,100,100,100,100,100,100,100
round_queries,100,300,1100,5100,24300,119500,597100,3012900,15220500,76962900
round_k,0,1,5,25,121,597,2985,15064,76102,384814
round_shots,200,100,100,100,100,100,100,100,100,100
round_queries,200,300,1100,3700,17100,80500,401100,2025300,10251100,51813900
round_k,0,1,5,18,85,402,2005,10126,51255,259069
round_shots,200,100,100,100,100,100,100,100,100
round_queries,200,300,1500,6300,29900,151500,754300,3781700,19089700
round_k,0,1,7,31,149,757,3771,18908,95448
round_shots,100,100,100,100,100,100,100,100,100,100
round_queries,100,300,1100,4500,20700,100500,507100,2546100,12880100,65266300
round_k,0,1,5,22,103,502,2535,12730,64400,326331
round_shots,100,100,100,100,100,100,100,100,100,100
round_queries,100,300,1100,4100,19900,96900,484500,2441900,12336500,62324500
round_k,0,1,5,20,99,484,2422,12209,61682,311622
round_shots,200,100,100,100,100,100,100,100,100,100
round_queries,200,300,1100,4900,21700,105100,522900,2637300,13360100,67709900
round_k,0,1,5,24,108,525,2614,13186,66800,338549
round_shots,200,100,100,100,100,100,100,100,100,100
round_queries,200,300,1100,5100,22500,112300,560100,2822900,14294900,72431500
round_k,0,1,5,25,112,561,2800,14114,71474,362157
round_shots,100,100,100,100,100,100,100,100,100,100
round_queries,100,300,700,3300,14700,73300,355300,1734700,8674100,43979300
round_k,0,1,3,16,73,366,1776,8673,43370,219896
round_shots,200,100,100,100,100,100,100,100,100,100
round_queries,200,300,1100,4900,23100,110300,545900,2707700,13637500,68392900
round_k,0,1,5,24,115,551,2729,13538,68187,341964
round_shots,100,100,100,100,100,100,100,100,100,100
round_queries,100,300,1100,5100,23900,117900,579900,2922900,14715100,74559500
round_k,0,1,5,25,119,589,2899,14614,73575,372797
round_shots,200,100,100,100,100,100,100,100,100,100
round_queries,200,300,1100,4500,20500,103500,507700,2547900,12864300,65044700
round_k,0,1,5,22,102,517,2538,12739,64321,325223
round_shots,200,100,100,100,100,100,100,100,100,100
round_queries,200,300,1100,4100,18100,85900,434900,2174500,11000500,55798500
round_k,0,1,5,20,90,429,2174,10872,55002,278992
round_shots,100,100,100,100,100,100,100,100,100
round_queries,100,500,1900,7500,36900,185100,914300,4609900,23336900
round_k,0,2,9,37,184,925,4571,23049,116684
round_shots,100,100,100,100,100,100,100,100,100,100
round_queries,100,300,700,1900,9100,44700,208900,1014100,5101100,25791300
round_k,0,1,3,9,45,223,1044,5070,25505,128956
round_shots,100,100,100,100,100,100,100,100,100
round_queries,100,300,1100,5500,26300,131500,658100,3293300,16700700
round_k,0,1,5,27,131,657,3290,16466,83503
round_shots,100,100,100,100,100,100,100,100,100
round_queries,100,300,1500,7100,34300,160100,810300,3999500,20125500
round_k,0,1,7,35,171,800,4051,19997,100627
round_shots,200,100,100,100,100,100,100,100,100,100
round_queries,200,300,700,2300,10900,52100,254500,1251500,6306500,31865700
round_k,0,1,3,11,54,260,1272,6257,31532,159328
round_shots,100,100,100,100,100,100,100,100,100,100
round_queries,100,300,1100,4900,23900,120300,595700,2980300,15025500,76146900
round_k,0,1,5,24,119,601,2978,14901,75127,380734
round_shots,100,100,100,100,100,100,100,100,100,100
round_queries,100,300,1100,5100,22100,108100,537700,2704500,13685500,69421700
round_k,0,1,5,25,110,540,2688,13522,68427,347108
round_shots,200,100,100,100,100,100,100,100,100,100
round_queries,200,300,1100,4500,20900,99700,493700,2439700,12376700,62423500
round_k,0,1,5,22,104,498,2468,12198,61883,312117
round_shots,100,100,100,100,100,100,100,100,100,100
round_queries,100,300,700,2900,12300,57900,287100,1439500,7264900,36728500
round_k,0,1,3,14,61,289,1435,7197,36324,183642
round_shots,200,100,100,100,100,100,100,100,100,100
round_queries,200,300,1100,5100,23500,108500,537900,2627900,13078900,66214900
round_k,0,1,5,25,117,542,2689,13139,65394,331074
round_shots,100,100,100,100,100,100,100,100,100,100
round_queries,100,300,700,2300,10100,49500,241700,1212900,6117300,31039700
round_k,0,1,3,11,50,247,1208,6064,30586,155198
round_shots,100,100,100,100,100,100,100,100,100,100
round_queries,100,300,1100,4900,23300,115900,568300,2862900,14500100,73604900
round_k,0,1,5,24,116,579,2841,14314,72500,368024
round_shots,100,100,100,100,100,100,100,100,100,100
round_queries,100,300,1100,5100,23300,114900,581900,2804500,14094300,71385500
round_k,0,1,5,25,116,574,2909,14022,70471,356927
round_shots,200,100,100,100,100,100,100,100,100,100
round_queries,200,300,1100,4700,21900,106700,527700,2653700,13426300,67656300
round_k,0,1,5,23,109,533,2638,13268,67131,338281
round_shots,100,100,100,100,100,100,100,100,100,100
round_queries,100,300,1100,4700,21100,101700,513700,2579300,13060100,66221500
round_k,0,1,5,23,105,508,2568,12896,65300,331107
round_shots,100,100,100,100,100,100,100,100,100
round_queries,100,300,1500,6700,29500,140900,710900,3554900,17979700
round_k,0,1,7,33,147,704,3554,17774,89898
round_shots,200,100,100,100,100,100,100,100,100,100
round_queries,200,300,1100,4500,21300,102500,507500,2564300,12897300,65262700
round_k,0,1,5,22,106,512,2537,12821,64486,326313
round_shots,200,100,100,100,100,100,100,100,100,100
round_queries,200,300,1100,4100,20300,99900,493500,2489100,12607300,63905100
round_k,0,1,5,20,101,499,2467,12445,63036,319525
round_shots,200,200,100,100,100,100,100,100,100
round_queries,200,600,1900,7900,36700,179500,892700,4498300,22739500
round_k,0,1,9,39,183,897,4463,22491,113697
round_shots,200,100,100,100,100,100,100,100,100,100
round_queries,200,300,700,1900,8900,39900,191900,973500,4906300,24879700
round_k,0,1,3,9,44,199,959,4867,24531,124398
round_shots,100,100,100,100,100,100,100,100,100,100
round_queries,100,300,1100,4900,21900,106700,533100,2661300,13431100,68098500
round_k,0,1,5,24,109,533,2665,13306,67155,340492
round_shots,100,100,100,100,100,100,100,100,100
round_queries,100,300,1500,7100,34700,171100,849300,4283900,21579900
round_k,0,1,7,35,173,855,4246,21419,107899
round_shots,100,100,100,100,100,100,100,100,100,100
round_queries,100,300,1100,3700,17900,85700,428300,2148700,10862300,54858300
round_k,0,1,5,18,89,428,2141,10743,54311,274291
round_shots,200,100,100,100,100,100,100,100,100,100
round_queries,200,300,1100,3100,12300,57500,280100,1391300,6992100,35346300
round_k,0,1,5,15,61,287,1400,6956,34960,176731
round_shots,100,100,100,100,100,100,100,100,100
round_queries,100,300,1500,6300,31500,153900,759500,3829300,19363300
round_k,0,1,7,31,157,769,3797,19146,96816
round_shots,200,100,100,100,100,100,100,100,100,100
round_queries,200,300,1100,4100,20300,96500,481500,2403900,12116300,61343700
round_k,0,1,5,20,101,482,2407,12019,60581,306718
round_shots,200,100,100,100,100,100,100,100,100,100
round_queries,200,300,1100,4900,22300,117500,575100,2872900,14414500,73120700
round_k,0,1,5,24,111,587,2875,14364,72072,365603
round_shots,100,100,100,100,100,100,100,100,100,100
round_queries,100,300,1100,3700,16500,77100,362700,1779100,8911100,45110700
round_k,0,1,5,18,82,385,1813,8895,44555,225553
round_shots,100,100,100,100,100,100,100,100,100,100
round_queries,100,300,700,2300,11100,53900,269500,1332300,7060500,35833300
round_k,0,1,3,11,55,269,1347,6661,35302,179166
round_shots,100,100,100,100,100,100,100,100,100,100
round_queries,100,300,1100,4500,19500,94300,471900,2359500,11922700,60157900
round_k,0,1,5,22,97,471,2359,11797,59613,300789
round_shots,300,100,100,100,100,100,100,100,100
round_queries,300,300,1500,5900,28100,141900,704100,3514500,17621900
round_k,0,1,7,29,140,709,3520,17572,88109
round_shots,100,100,100,100,100,100,100,100,100,100
round_queries,100,300,1100,4700,21900,104700,522300,2634300,13267900,67250300
round_k,0,1,5,23,109,523,2611,13171,66339,336251
round_shots,200,100,100,100,100,100,100,100,100,100
round_queries,200,300,700,2300,10100,50500,240900,1199700,6041300,30574300
round_k,0,1,3,11,50,252,1204,5998,30206,152871
round_shots,200,100,100,100,100,100,100,100,100
round_queries,200,300,1100,5500,26700,130300,650100,3256500,16444500
round_k,0,1,5,27,133,651,3250,16282,82222
round_shots,200,100,100,100,100,100,100,100,100,100
round_queries,200,300,1100,4700,20900,95500,471700,2365100,11932100,60335100
round_k,0,1,5,23,104,477,2358,11825,59660,301675
round_shots,200,100,100,100,100,100,100,100,100
round_queries,200,500,1500,7100,33700,159500,793900,4002300,20226700
round_k,0,2,7,35,168,797,3969,20011,101133
round_shots,100,100,100,100,100,100,100,100,100,100
round_queries,100,300,1500,4900,22300,104100,526100,2630900,13260900,66922500
round_k,0,1,7,24,111,520,2630,13154,66304,334612
round_shots,100,100,100,100,100,100,100,100,100
round_queries,100,300,1500,6500,30300,149900,750900,3785500,19141500
round_k,0,1,7,32,151,749,3754,18927,95707
round_shots,100,100,100,100,100,100,100,100,100,100
round_queries,100,300,1100,3700,17900,89100,445300,2210900,11159700,56578500
round_k,0,1,5,18,89,445,2226,11054,55798,282892
round_shots,200,100,100,100,100,100,100,100,100,100
round_queries,200,300,1100,4100,18500,92500,463900,2329100,11776700,59712500
round_k,0,1,5,20,92,462,2319,11645,58883,298562
round_shots,200,100,100,100,100,100,100,100,100,100
round_queries,200,300,700,1900,8100,38500,181700,909900,4586300,23167100
round_k,0,1,3,9,40,192,908,4549,22931,115835
round_shots,200,100,100,100,100,100,100,100,100,100
round_queries,200,300,1100,4700,23500,117900,589500,2953300,14835300,75283300
round_k,0,1,5,23,117,589,2947,14766,74176,376416
round_shots,200,100,100,100,100,100,100,100,100
round_queries,200,700,2900,12300,60700,295900,1477700,7459700,37558700
round_k,0,3,14,61,303,1479,7388,37298,187793
round_shots,100,100,100,100,100,100,100,100,100,100
round_queries,100,300,1100,4500,19100,93500,466900,2343700,11813100,59647100
round_k,0,1,5,22,95,467,2334,11718,59065,298235
round_shots,200,100,100,100,100,100,100,100,100
round_queries,200,500,1900,7500,34900,170100,848900,4204500,21061300
round_k,0,2,9,37,174,850,4244,21022,105306
round_shots,200,100,100,100,100,100,100,100,100,100
round_queries,200,300,700,1900,7500,35100,175300,877700,4420100,22314900
round_k,0,1,3,9,37,175,876,4388,22100,111574
round_shots,300,100,100,100,100,100,100,100,100
round_queries,300,500,1500,5900,28700,138300,698900,3509100,17724700
round_k,0,2,7,29,143,691,3494,17545,88623
round_shots,200,100,100,100,100,100,100,100,100,100
round_queries,200,300,700,3300,14900,67700,327300,1657900,8391900,42442300
round_k,0,1,3,16,74,338,1636,8289,41959,212211
round_shots,100,100,100,100,100,100,100,100,100,100
round_queries,100,300,700,2900,12500,61500,302300,1527900,7661500,38664900
round_k,0,1,3,14,62,307,1511,7639,38307,193324
round_shots,100,100,100,100,100,100,100,100,100,100
round_queries,100,300,1100,4500,20900,106100,530900,2662700,13357900,67159700
round_k,0,1,5,22,104,530,2654,13313,66789,335798
round_shots,100,100,100,100,100,100,100,100,100,100
round_queries,100,300,1100,4100,20300,98700,497300,2498100,12621500,63991300
round_k,0,1,5,20,101,493,2486,12490,63107,319956
round_shots,100,100,100,100,100,100,100,100,100
round_queries,100,300,1500,5900,27300,133500,665900,3333500,16864700
round_k,0,1,7,29,136,667,3329,16667,84323
round_shots,200,100,100,100,100,100,100,100,100,100
round_queries,200,300,700,2900,14300,66700,332300,1653900,8356300,42328700
round_k,0,1,3,14,71,333,1661,8269,41781,211643
round_shots,100,100,100,100,100,100,100,100,100,100
round_queries,100,300,1100,3700,16700,82700,403700,2011300,10192700,51412500
round_k,0,1,5,18,83,413,2018,10056,50963,257062
round_shots,200,100,100,100,100,100,100,100,100,100
round_queries,200,300,1100,4100,18500,88700,430900,2167300,10916100,55401700
round_k,0,1,5,20,92,443,2154,10836,54580,277008
round_shots,100,100,100,100,100,100,100,100,100,100
round_queries,100,300,1100,3100,13900,68500,344100,1700500,8572300,43362100
round_k,0,1,5,15,69,342,1720,8502,42861,216810
round_shots,200,100,100,100,100,100,100,100,100
round_queries,200,700,2300,10100,49100,247300,1251700,6333700,32011100
round_k,0,3,11,50,245,1236,6258,31668,160055
round_shots,100,100,100,100,100,100,100,100,100,100
round_queries,100,300,1100,4100,17100,81900,397100,1995500,12170300,61634100
round_k,0,1,5,20,85,409,1985,9977,60851,308170
round_shots,100,100,100,100,100,100,100,100,100,100
round_queries,100,300,1100,3700,15900,75100,364500,1838300,9315700,47240300
round_k,0,1,5,18,79,375,1822,9191,46578,236201
round_shots,100,100,100,100,100,100,100,100,100,100
round_queries,100,300,1100,4500,20500,95100,462700,2304100,11630100,59064500
round_k,0,1,5,22,102,475,2313,11520,58150,295322
round_shots,300,100,100,100,100,100,100,100,100
round_queries,300,500,1900,8700,40900,199900,1004700,5049700,25550100
round_k,0,2,9,43,204,999,5023,25248,127750
round_shots,200,100,100,100,100,100,100,100,100
round_queries,200,300,1500,7100,35300,168500,834100,4217900,21333300
round_k,0,1,7,35,176,842,4170,21089,106666
round_shots,100,100,100,100,100,100,100,100,100,100
round_queries,100,300,1100,4100,17500,81900,402300,2013700,10195500,51703700
round_k,0,1,5,20,87,409,2011,10068,50977,258518
round_shots,200,100,100,100,100,100,100,100,100
round_queries,200,500,1900,8100,36900,176500,885500,4472700,22702500
round_k,0,2,9,40,184,882,4427,22363,113512
round_shots,100,100,100,100,100,100,100,100,100,100
round_queries,100,300,1100,4900,22700,108700,539300,2704300,13707500,69033500
round_k,0,1,5,24,113,543,2696,13521,68537,345167
round_shots,100,100,100,100,100,100,100,100,100,100
round_queries,100,300,1100,3700,16500,80900,396500,1986700,9971700,50554500
round_k,0,1,5,18,82,404,1982,9933,49858,252772
round_shots,100,100,100,100,100,100,100,100,100,100
round_queries,100,300,700,2300,10500,49500,243100,1214300,6096100,30895700
round_k,0,1,3,11,52,247,1215,6071,30480,154478
round_shots,200,100,100,100,100,100,100,100,100
round_queries,200,300,1500,6300,29900,146900,729900,3678500,18540300
round_k,0,1,7,31,149,734,3649,18392,92701
round_shots,100,100,100,100,100,100,100,100,100,100
round_queries,100,300,1100,5100,25100,123300,609300,3071300,15485700,78146500
round_k,0,1,5,25,125,616,3046,15356,77428,390732
round_shots,200,100,100,100,100,100,100,100,100
round_queries,200,300,1100,5500,25900,126900,627500,3166700,15961500
round_k,0,1,5,27,129,634,3137,15833,79807
round_shots,200,100,100,100,100,100,100,100,100,100
round_queries,200,300,700,2300,9700,45500,221100,1113900,5603300,28440700
round_k,0,1,3,11,48,227,1105,5569,28016,142203
round_shots,100,100,100,100,100,100,100,100,100,100
round_queries,100,300,1100,5100,24500,116500,577100,2888900,14619700,74052100
round_k,0,1,5,25,122,582,2885,14444,73098,370260
round_shots,200,100,100,100,100,100,100,100,100,100
round_queries,200,300,1100,3100,14500,70100,342100,1715900,8695300,43878700
round_k,0,1,5,15,72,350,1710,8579,43476,219393
round_shots,100,100,100,100,100,100,100,100,100
round_queries,100,300,1500,5900,28300,132100,641100,3223300,16321900
round_k,0,1,7,29,141,660,3205,16116,81609
round_shots,200,100,100,100,100,100,100,100,100,100
round_queries,200,300,1100,4700,20100,94700,469300,2371300,12017500,60924100
round_k,0,1,5,23,100,473,2346,11856,60087,304620
round_shots,100,100,100,100,100,100,100,100,100,100
round_queries,100,300,1100,4100,17700,86900,426700,2107700,10475100,52825500
round_k,0,1,5,20,88,434,2133,10538,52375,264127
round_shots,100,100,100,100,100,100,100,100,100,100
round_queries,100,300,700,1900,7100,34700,173500,870700,4395300,22311500
round_k,0,1,3,9,35,173,867,4353,21976,111557
round_shots,100,100,100,100,100,100,100,100,100,100
round_queries,100,300,1100,3700,17300,82300,403100,2039500,10318700,52300900
round_k,0,1,5,18,86,411,2015,10197,51593,261504
round_shots,200,100,100,100,100,100,100,100,100,100
round_queries,200,300,700,2300,9700,43900,218300,1082300,5481300,27807300
round_k,0,1,3,11,48,219,1091,5411,27406,139036
round_shots,100,100,100,100,100,100,100,100,100
round_queries,100,300,1500,6900,33700,162900,812100,4088700,20717900
round_k,0,1,7,34,168,814,4060,20443,103589
round_shots,200,100,100,100,100,100,100,100,100
round_queries,200,300,1500,5900,27100,131500,652300,3274500,16473500
round_k,0,1,7,29,135,657,3261,16372,82367
round_shots,200,100,100,100,100,100,100,100,100,100
round_queries,200,300,1100,4100,18300,87100,433500,2170500,10976500,55595700
round_k,0,1,5,20,91,435,2167,10852,54882,277978
round_shots,200,100,100,100,100,100,100,100,100,100
round_queries,200,300,1100,3700,15700,75100,372500,1878100,9479300,48006300
round_k,0,1,5,18,78,375,1862,9390,47396,240031
round_shots,100,100,100,100,100,100,100,100,100,100
round_queries,100,300,1100,5300,25100,121100,604100,3020100,15234700,77163900
round_k,0,1,5,26,125,605,3020,15100,76173,385819
round_shots,100,100,100,100,100,100,100,100,100,100
round_queries,100,300,700,3300,15100,70900,349900,1743300,8835300,44790300
round_k,0,1,3,16,75,354,1749,8716,44176,223951
round_shots,100,100,100,100,100,100,100,100,100,100
round_queries,100,300,1100,4700,20900,99700,490500,2473300,12531100,63472500
round_k,0,1,5,23,104,498,2452,12366,62655,317362
round_shots,300,100,100,100,100,100,100,100,100
round_queries,300,500,1900,8300,39500,195300,974500,4902300,24823700
round_k,0,2,9,41,197,976,4872,24511,124118
round_shots,200,100,100,100,100,100,100,100,100,100
round_queries,200,300,1100,3700,16900,80900,399300,1984700,10546700,53457100
round_k,0,1,5,18,84,404,1996,9923,52733,267285
round_shots,100,100,100,100,100,100,100,100,100,100
round_queries,100,300,1100,4100,17900,89300,434300,2190100,10984300,55396700
round_k,0,1,5,20,89,446,2171,10950,54921,276983
round_shots,100,100,100,100,100,100,100,100,100,100
round_queries,100,300,1100,4700,22100,109100,540100,2729100,13743900,69411700
round_k,0,1,5,23,110,545,2700,13645,68719,347058
round_shots,200,100,100,100,100,100,100,100,100
round_queries,200,300,1500,7500,36500,173700,872300,4368100,22058500
round_k,0,1,7,37,182,868,4361,21840,110292
round_shots,100,100,100,100,100,100,100,100,100,100
round_queries,100,300,700,2500,11500,63700,313900,1583700,8016500,40607900
round_k,0,1,3,12,57,318,1569,7918,40082,203039
round_shots,200,100,100,100,100,100,100,100,100,100
round_queries,200,300,1300,4700,21900,106700,534700,2667900,13516700,68245300
round_k,0,1,6,23,109,533,2673,13339,67583,341226
round_shots,100,100,100,100,100,100,100,100,100,100
round_queries,100,300,700,3300,15500,74500,369700,1862900,9426500,47738900
round_k,0,1,3,16,77,372,1848,9314,47132,238694
round_shots,100,100,100,100,100,100,100,100,100,100
round_queries,100,300,1100,5500,24500,117900,586500,2958700,14875500,75228300
round_k,0,1,5,27,122,589,2932,14793,74377,376141
round_shots,200,100,100,100,100,100,100,100,100,100
round_queries,200,300,700,2900,13100,61300,302900,1512300,7650700,38753300
round_k,0,1,3,14,65,306,1514,7561,38253,193766
round_shots,200,100,100,100,100,100,100,100,100,100
round_queries,200,300,1100,4700,20900,96900,488300,2446100,12358500,62566900
round_k,0,1,5,23,104,484,2441,12230,61792,312834
round_shots,300,100,100,100,100,100,100,100,100
round_queries,300,500,1900,8300,38100,188500,927100,4521100,23868700
round_k,0,2,9,41,190,942,4635,22605,119343
round_shots,100,100,100,100,100,100,100,100,100,100
round_queries,100,300,1100,4500,20700,99500,484900,2443700,12269100,61648100
round_k,0,1,5,22,103,497,2424,12218,61345,308240
round_shots,100,100,100,100,100,100,100,100,100,100
round_queries,100,300,1100,3500,19700,97100,489100,2457300,12402700,62727700
round_k,0,1,5,17,98,485,2445,12286,62013,313638
round_shots,100,100,100,100,100,100,100,100,100
round_queries,100,300,1500,6300,29900,145700,729100,3657500,18553300
round_k,0,1,7,31,149,728,3645,18287,92766
round_shots,200,100,100,100,100,100,100,100,100,100
round_queries,200,300,700,1900,8300,40100,198700,1003300,5052100,25652300
round_k,0,1,3,9,41,200,993,5016,25260,128261
round_shots,100,100,100,100,100,100,100,100,100
round_queries,100,300,1500,7500,35300,170900,854700,4316900,21839300
round_k,0,1,7,37,176,854,4273,21584,109196
round_shots,100,100,100,100,100,100,100,100,100,100
round_queries,100,300,700,2900,13300,65300,330700,1655300,8379700,42322100
round_k,0,1,3,14,66,326,1653,8276,41898,211610
round_shots,200,100,100,100,100,100,100,100,100,100
round_queries,200,300,700,2300,10700,48900,241500,1206100,6082100,30626300
round_k,0,1,3,11,53,244,1207,6030,30410,153131
round_shots,100,100,100,100,100,100,100,100,100
round_queries,100,300,1500,6300,30300,146100,720500,3624300,18367500
round_k,0,1,7,31,151,730,3602,18121,91837
round_shots,200,100,100,100,100,100,100,100,100,100
round_queries,200,300,1100,3700,16100,75700,370700,1857700,9380100,47575900
round_k,0,1,5,18,80,378,1853,9288,46900,237879
round_shots,100,100,100,100,100,100,100,100,100,100
round_queries,100,300,1500,5300,24900,120300,600300,3001500,15187700,76986900
round_k,0,1,7,26,124,601,3001,15007,75938,384934
round_shots,200,100,100,100,100,100,100,100,100,100
round_queries,200,300,700,3300,14700,69900,349700,1762300,8908100,45123100
round_k,0,1,3,16,73,349,1748,8811,44540,225615
round_shots,100,100,100,100,100,100,100,100,100,100
round_queries,100,300,1100,4100,18900,90900,443700,2235300,11297100,57167700
round_k,0,1,5,20,94,454,2218,11176,56485,285838
round_shots,100,100,100,100,100,100,100,100,100,100
round_queries,100,300,700,2700,10900,51100,250700,1258700,6348300,32054700
round_k,0,1,3,13,54,255,1253,6293,31741,160273
round_shots,100,100,100,100,100,100,100,100,100
round_queries,100,300,1100,5300,26500,132100,652700,3274900,16486100
round_k,0,1,5,26,132,660,3263,16374,82430
round_shots,100,100,100,100,100,100,100,100,100
round_queries,100,300,1500,5500,27500,137900,691700,3485900,17576700
round_k,0,1,7,27,137,689,3458,17429,87883
round_shots,100,100,100,100,100,100,100,100,100,100
round_queries,100,300,1100,3700,16300,80500,398900,1980700,10015300,53191500
round_k,0,1,5,18,81,402,1994,9903,50076,265957
round_shots,100,100,100,100,100,100,100,100,100,100
round_queries,100,300,1100,4900,21900,104900,524500,2634700,13327900,66862500
round_k,0,1,5,24,109,524,2622,13173,66639,334312
round_shots,300,100,100,100,100,100,100,100,100,100
round_queries,300,300,1100,4100,19500,91900,451300,2250900,11352700,57470500
round_k,0,1,5,20,97,459,2256,11254,56763,287352
round_shots,100,100,100,100,100,100,100,100,100,100
round_queries,100,300,700,1900,7700,35300,169900,845900,4254900,21579300
round_k,0,1,3,9,38,176,849,4229,21274,107896
round_shots,200,100,100,100,100,100,100,100,100,100
round_queries,200,300,1100,4700,20700,100700,496300,2471300,12435100,62825900
round_k,0,1,5,23,103,503,2481,12356,62175,314129
round_shots,100,100,100,100,100,100,100,100,100,100
round_queries,100,300,1100,4500,19300,94500,470100,2385100,12068100,60973500
round_k,0,1,5,22,96,472,2350,11925,60340,304867
round_shots,200,100,100,100,100,100,100,100,100,100
round_queries,200,300,1100,4100,18900,93700,461700,2328100,11703100,58655900
round_k,0,1,5,20,94,468,2308,11640,58515,293279
round_shots,100,100,100,100,100,100,100,100,100,100
round_queries,100,300,1100,4700,21100,100300,496700,2495100,12632700,63939700
round_k,0,1,5,23,105,501,2483,12475,63163,319698
round_shots,100,100,100,100,100,100,100,100,100,100
round_queries,100,300,700,3300,13500,64700,313300,1576700,7937500,39856700
round_k,0,1,3,16,67,323,1566,7883,39687,199283
round_shots,100,100,100,100,100,100,100,100,100,100
round_queries,100,300,700,2300,10500,48700,237300,1197700,6010700,30380500
round_k,0,1,3,11,52,243,1186,5988,30053,151902
round_shots,100,100,100,100,100,100,100,100,100,100
round_queries,100,300,700,2900,12500,57500,283100,1410100,7100100,35893100
round_k,0,1,3,14,62,287,1415,7050,35500,179465
round_shots,100,100,100,100,100,100,100,100,100,100
round_queries,100,300,1100,4900,22100,110900,549700,2763900,13956500,70549700
round_k,0,1,5,24,110,554,2748,13819,69782,352748
round_shots,200,100,100,100,100,100,100,100,100,100
round_queries,200,300,1100,4300,17900,87500,433300,2152500,10790900,54496900
round_k,0,1,5,21,89,437,2166,10762,53954,272484
round_shots,100,100,100,100,100,100,100,100,100,100
round_queries,100,300,1100,4900,21700,108500,544900,2721700,13809300,70071500
round_k,0,1,5,24,108,542,2724,13608,69046,350357
round_shots,100,100,100,100,100,100,100,100,100,100
round_queries,100,300,1100,4100,20500,96900,471500,2351700,11862900,60174300
round_k,0,1,5,20,102,484,2357,11758,59314,300871
round_shots,100,100,100,100,100,100,100,100,100,100
round_queries,100,300,1100,4700,20900,97700,470700,2360700,11975700,60696700
round_k,0,1,5,23,104,488,2353,11803,59878,303483
round_shots,100,100,100,100,100,100,100,100,100,100
round_queries,100,300,1100,4700,22100,108100,540500,2726500,13789300,69698500
round_k,0,1,5,23,110,540,2702,13632,68946,348492
round_shots,100,100,100,100,100,100,100,100,100
round_queries,100,500,1900,8700,41500,202500,986700,4876900,24709900
round_k,0,2,9,43,207,1012,4933,24384,123549
round_shots,100,100,100,100,100,100,100,100,100,100
round_queries,100,300,700,3300,15500,74900,368100,1833500,9248300,46543900
round_k,0,1,3,16,77,374,1840,9167,46241,232719
round_shots,100,100,100,100,100,100,100,100,100,100
round_queries,100,300,700,2900,13900,65100,318500,1598700,8052900,40725100
round_k,0,1,3,14,69,325,1592,7993,40264,203625
round_shots,100,100,100,100,100,100,100,100,100,100
round_queries,100,300,1100,4100,18100,87500,428900,2146300,10814700,54522300
round_k,0,1,5,20,90,437,2144,10731,54073,272611
round_shots,200,100,100,100,100,100,100,100,100
round_queries,200,500,1500,7100,33300,164500,827300,4176500,21057100
round_k,0,2,7,35,166,822,4136,20882,105285
round_shots,200,100,100,100,100,100,100,100,100,100
round_queries,200,300,700,3300,14900,72100,354900,1784900,8894700,45021500
round_k,0,1,3,16,74,360,1774,8924,44473,225107
round_shots,300,100,100,100,100,100,100,100,100,100
round_queries,300,300,1100,3100,14100,69500,342500,1731700,8765100,44455900
round_k,0,1,5,15,70,347,1712,8658,43825,222279
round_shots,100,100,100,100,100,100,100,100,100
round_queries,100,300,1500,6900,32500,157900,768100,3844900,19346700
round_k,0,1,7,34,162,789,3840,19224,96733
round_shots,100,100,100,100,100,100,100,100,100,100
round_queries,100,300,1100,5100,25100,122300,608100,3059500,15394500,78146300
round_k,0,1,5,25,125,611,3040,15297,76972,390731
round_shots,300,100,100,100,100,100,100,100,100,100
round_queries,300,300,1100,4900,21300,102500,610700,3034700,15374900,77938700
round_k,0,1,5,24,106,512,3053,15173,76874,389693
round_shots,200,100,100,100,100,100,100,100,100,100
round_queries,200,300,1100,4900,22300,108100,530100,2634700,13327100,67483700
round_k,0,1,5,24,111,540,2650,13173,66635,337418
round_shots,100,100,100,100,100,100,100,100,100,100
round_queries,100,300,1100,4900,23100,110900,552700,2777700,13910700,70617500
round_k,0,1,5,24,115,554,2763,13888,69553,353087
round_shots,200,100,100,100,100,100,100,100,100,100
round_queries,200,300,1100,4900,24500,121100,603700,3035300,15290500,77168100
round_k,0,1,5,24,122,605,3018,15176,76452,385840
round_shots,200,100,100,100,100,100,100,100,100,100
round_queries,200,300,700,2300,10100,47100,230500,1145500,5798300,29417900
round_k,0,1,3,11,50,235,1152,5727,28991,147089
round_shots,200,100,100,100,100,100,100,100,100,100
round_queries,200,300,1100,4900,23700,112700,562100,2848700,14377700,72475500
round_k,0,1,5,24,118,563,2810,14243,71888,362377
round_shots,200,100,100,100,100,100,100,100,100,100
round_queries,200,300,1100,5100,22900,110100,555900,2795500,14091500,71500300
round_k,0,1,5,25,114,550,2779,13977,70457,357501
round_shots,100,100,100,100,100,100,100,100,100,100
round_queries,100,300,1100,4500,21500,102100,509100,2563300,12966700,65361900
round_k,0,1,5,22,107,510,2545,12816,64833,326809
round_shots,200,100,100,100,100,100,100,100,100,100
round_queries,200,300,1100,4900,22100,103700,516500,2597700,13176100,66702100
round_k,0,1,5,24,110,518,2582,12988,65880,333510
round_shots,200,100,100,100,100,100,100,100,100,100
round_queries,200,300,1100,4900,22300,110500,545300,2761500,13976100,70754500
round_k,0,1,5,24,111,552,2726,13807,69880,353772
round_shots,200,100,100,100,100,100,100,100,100,100
round_queries,200,300,1100,5100,23500,115900,572700,2884100,14628900,73882700
round_k,0,1,5,25,117,579,2863,14420,73144,369413
round_shots,200,100,100,100,100,100,100,100,100
round_queries,200,500,1500,7500,34100,169700,854300,4321300,21738900
round_k,0,2,7,37,170,848,4271,21606,108694
round_shots,100,100,100,100,100,100,100,100,100,100
round_queries,100,300,1100,3700,17100,82900,410100,2059900,10403700,52703900
round_k,0,1,5,18,85,414,2050,10299,52018,263519
round_shots,100,100,100,100,100,100,100,100,100,100
round_queries,100,300,1100,4100,18500,92700,442900,2227700,11269100,57148700
round_k,0,1,5,20,92,463,2214,11138,56345,285743
round_shots,200,100,100,100,100,100,100,100,100
round_queries,200,300,1100,4100,18300,86700,431900,2167500,13170500
round_k,0,1,5,20,91,433,2159,10837,65852
round_shots,200,100,100,100,100,100,100,100,100,100
round_queries,200,300,700,3300,15100,76500,382500,1926700,9757900,49466900
round_k,0,1,3,16,75,382,1912,9633,48789,247334
round_shots,100,100,100,100,100,100,100,100,100,100
round_queries,100,300,1100,3100,14500,72700,359500,1810900,9159300,46424100
round_k,0,1,5,15,72,363,1797,9054,45796,232120
round_shots,200,100,100,100,100,100,100,100,100,100
round_queries,200,300,1100,4500,22100,105100,522300,2626900,13295100,67390100
round_k,0,1,5,22,110,525,2611,13134,66475,336950
round_shots,300,100,100,100,100,100,100,100,100,100
round_queries,300,300,1100,4100,18900,93100,467300,2351900,11818900,59526100
round_k,0,1,5,20,94,465,2336,11759,59094,297630
round_shots,100,100,100,100,100,100,100,100,100,100
round_queries,100,300,1100,4100,17100,83100,417700,2097700,10613100,53585900
round_k,0,1,5,20,85,415,2088,10488,53065,267929
round_shots,200,100,100,100,100,100,100,100,100
round_queries,200,300,1500,7100,33300,165100,824300,4121700,20936700
round_k,0,1,7,35,166,825,4121,20608,104683
round_shots,200,100,100,100,100,100,100,100,100,100
round_queries,200,300,700,2300,11100,50100,252900,1273300,6463900,32683900
round_k,0,1,3,11,55,250,1264,6366,32319,163419
round_shots,200,100,100,100,100,100,100,100,100,100
round_queries,200,300,1100,4500,20100,100500,490100,2461500,12440300,62869500
round_k,0,1,5,22,100,502,2450,12307,62201,314347
round_shots,100,100,100,100,100,100,100,100,100,100
round_queries,100,300,700,2900,12100,57100,277700,1389300,6937300,35122900
round_k,0,1,3,14,60,285,1388,6946,34686,175614
round_shots,100,100,100,100,100,100,100,100,100,100
round_queries,100,300,1100,4500,19900,96300,480300,2402500,12136900,61564700
round_k,0,1,5,22,99,481,2401,12012,60684,307823
round_shots,100,100,100,100,100,100,100,100,100,100
round_queries,100,300,1100,4500,20500,100100,502700,2539900,12783900,64901700
round_k,0,1,5,22,102,500,2513,12699,63919,324508
round_shots,200,100,100,100,100,100,100,100,100,100
round_queries,200,300,1100,4100,18100,87700,441700,2204300,11133500,56392900
round_k,0,1,5,20,90,438,2208,11021,55667,281964
round_shots,200,100,100,100,100,100,100,100,100
round_queries,200,500,1900,8100,37300,183500,910900,4584100,23213100
round_k,0,2,9,40,186,917,4554,22920,116065
round_shots,200,100,100,100,100,100,100,100,100,100
round_queries,200,300,700,2900,13700,63700,315100,1548900,7752900,39339300
round_k,0,1,3,14,68,318,1575,7744,38764,196696
round_shots,100,100,100,100,100,100,100,100,100,100
round_queries,100,300,1100,3700,16100,77100,373100,1877100,9505100,48040100
round_k,0,1,5,18,80,385,1865,9385,47525,240200
round_shots,200,100,100,100,100,100,100,100,100
round_queries,200,300,1100,5100,25100,145300,744100,3732100,18860700
round_k,0,1,5,25,125,726,3720,18660,94303
round_shots,100,100,100,100,100,100,100,100,100,100
round_queries,100,300,700,2300,10100,46900,230300,1136900,5701700,28820700
round_k,0,1,3,11,50,234,1151,5684,28508,144103
round_shots,100,100,100,100,100,100,100,100,100,100
round_queries,100,300,1100,4500,20700,101500,507700,2544900,12839300,65092300
round_k,0,1,5,22,103,507,2538,12724,64196,325461
round_shots,200,100,100,100,100,100,100,100,100,100
round_queries,200,300,1100,4500,20900,106100,527700,2633700,13213100,66290500
round_k,0,1,5,22,104,530,2638,13168,66065,331452
round_shots,100,100,100,100,100,100,100,100,100,100
round_queries,100,300,700,2900,13300,61700,295500,1385700,6668900,33702500
round_k,0,1,3,14,66,308,1477,6928,33344,168512
round_shots,200,100,100,100,100,100,100,100,100,100
round_queries,200,300,1100,4500,21500,106300,526900,2663500,13488500,67390300
round_k,0,1,5,22,107,531,2634,13317,67442,336951
round_shots,100,100,100,100,100,100,100,100,100
round_queries,100,500,1900,8500,41500,200500,1001500,5055500,25523500
round_k,0,2,9,42,207,1002,5007,25277,127617
round_shots,200,100,100,100,100,100,100,100,100,100
round_queries,200,300,1100,4100,18300,87900,431100,2147300,10756100,54512100
round_k,0,1,5,20,91,439,2155,10736,53780,272560
round_shots,100,100,100,100,100,100,100,100,100
round_queries,100,300,1500,5900,28300,142500,713100,3576500,18103300
round_k,0,1,7,29,141,712,3565,17882,90516
round_shots,200,100,100,100,100,100,100,100,100,100
round_queries,200,300,1100,4500,20500,98900,494700,2491100,12567900,63583700
round_k,0,1,5,22,102,494,2473,12455,62839,317918
round_shots,100,100,100,100,100,100,100,100,100,100
round_queries,100,300,1100,4900,22300,105500,517700,2584300,13045300,66075500
round_k,0,1,5,24,111,527,2588,12921,65226,330377
round_shots,100,100,100,100,100,100,100,100,100,100
round_queries,100,300,700,2300,10300,47700,237900,1184900,5974500,30268500
round_k,0,1,3,11,51,238,1189,5924,29872,151342
round_shots,100,100,100,100,100,100,100,100,100,100
round_queries,100,300,1100,4100,18300,87100,435100,2166500,10976700,55489300
round_k,0,1,5,20,91,435,2175,10832,54883,277446
round_shots,200,100,100,100,100,100,100,100,100,100
round_queries,200,300,700,3300,14700,71500,350500,1764300,8872700,44935300
round_k,0,1,3,16,73,357,1752,8821,44363,224676
round_shots,200,100,100,100,100,100,100,100,100,100
round_queries,200,300,1100,3500,16700,83300,409500,2056300,10282900,52023700
round_k,0,1,5,17,83,416,2047,10281,51414,260118
round_shots,100,100,100,100,100,100,100,100,100
round_queries,100,300,1500,7300,35100,169300,842500,4256700,21399500
round_k,0,1,7,36,175,846,4212,21283,106997
round_shots,200,100,100,100,100,100,100,100,100,100
round_queries,200,300,700,2900,12900,60700,300100,1515100,7554900,38314500
round_k,0,1,3,14,64,303,1500,7575,37774,191572
round_shots,100,100,100,100,100,100,100,100,100,100
round_queries,100,300,1100,3700,18500,85700,421700,2120700,10644900,53838900
round_k,0,1,5,18,92,428,2108,10603,53224,269194
round_shots,200,100,100,100,100,100,100,100,100
round_queries,200,300,1500,5900,26500,127100,633900,3179500,16051700
round_k,0,1,7,29,132,635,3169,15897,80258
round_shots,200,100,100,100,100,100,100,100,100,100
round_queries,200,300,1100,4900,23300,114700,574300,2882700,14555100,73736900
round_k,0,1,5,24,116,573,2871,14413,72775,368684
round_shots,100,100,100,100,100,100,100,100,100
round_queries,100,300,1100,5500,25900,122500,606700,3078300,15513300
round_k,0,1,5,27,129,612,3033,15391,77566
round_shots,100,100,100,100,100,100,100,100,100,100
round_queries,100,300,700,2500,12100,60500,297700,1494500,7514500,38096300
round_k,0,1,3,12,60,302,1488,7472,37572,190481
round_shots,100,100,100,100,100,100,100,100,100,100
round_queries,100,300,700,1900,7100,34500,160900,781500,3945300,19964900
round_k,0,1,3,9,35,172,804,3907,19726,99824
round_shots,100,100,100,100,100,100,100,100,100
round_queries,100,300,1100,5500,26300,128100,631300,3138700,15681900
round_k,0,1,5,27,131,640,3156,15693,78409
round_shots,200,100,100,100,100,100,100,100,100
round_queries,200,300,1500,6900,31900,157700,787900,3966100,20076900
round_k,0,1,7,34,159,788,3939,19830,100384
round_shots,200,100,100,100,100,100,100,100,100,100
round_queries,200,300,1100,3700,17900,85500,416900,2085100,10525500,52973100
round_k,0,1,5,18,89,427,2084,10425,52627,264865
round_shots,100,100,100,100,100,100,100,100,100,100
round_queries,100,300,700,2700,13300,66500,327500,1609100,8034100,40694900
round_k,0,1,3,13,66,332,1637,8045,40170,203474
round_shots,100,100,100,100,100,100,100,100,100
round_queries,100,300,1500,6100,28500,139100,695100,3495900,21294500
round_k,0,1,7,30,142,695,3475,17479,106472
round_shots,200,100,100,100,100,100,100,100,100,100
round_queries,200,300,1100,5300,24700,122100,601700,3003300,15184300,77141100
round_k,0,1,5,26,123,610,3008,15016,75921,385705
round_shots,100,100,100,100,100,100,100,100,100,100
round_queries,100,300,1100,4900,20900,97900,484300,2426100,12264100,61858300
round_k,0,1,5,24,104,489,2421,12130,61320,309291
round_shots,100,100,100,100,100,100,100,100,100,100
round_queries,100,300,700,2900,13100,61300,306500,1522500,7714100,39031500
round_k,0,1,3,14,65,306,1532,7612,38570,195157
round_shots,200,100,100,100,100,100,100,100,100,100
round_queries,200,300,1100,4500,20500,99500,494700,2461100,12342500,62430100
round_k,0,1,5,22,102,497,2473,12305,61712,312150
round_shots,100,100,100,100,100,100,100,100,100,100
round_queries,100,300,1100,4100,18900,109900,546100,2744300,13821500,69774100
round_k,0,1,5,20,94,549,2730,13721,69107,348870
round_shots,100,100,100,100,100,100,100,100,100,100
round_queries,100,300,1100,4100,18100,86300,430100,2160900,10874900,55180700
round_k,0,1,5,20,90,431,2150,10804,54374,275903
round_shots,200,100,100,100,100,100,100,100,100,100
round_queries,200,300,700,2300,8900,40900,194900,981100,4963300,25086300
round_k,0,1,3,11,44,204,974,4905,24816,125431
round_shots,100,100,100,100,100,100,100,100,100,100
round_queries,100,300,700,2300,10300,51500,259300,1297700,6570700,33304100
round_k,0,1,3,11,51,257,1296,6488,32853,166520
round_shots,200,100,100,100,100,100,100,100,100,100
round_queries,200,300,1100,4500,22300,111100,553900,2796100,14126100,71582500
round_k,0,1,5,22,111,555,2769,13980,70630,357912
round_shots,100,100,100,100,100,100,100,100,100,100
round_queries,100,300,1100,4500,22500,108500,533500,2693900,13644700,69172300
round_k,0,1,5,22,112,542,2667,13469,68223,345861
round_shots,200,100,100,100,100,100,100,100,100,100
round_queries,200,300,1100,3700,17300,84900,416100,2078900,10503700,52922300
round_k,0,1,5,18,86,424,2080,10394,52518,264611
round_shots,100,100,100,100,100,100,100,100,100,100
round_queries,100,300,700,3500,14700,69100,337300,1693300,8541100,43353900
round_k,0,1,3,17,73,345,1686,8466,42705,216769
round_shots,200,100,100,100,100,100,100,100,100,100
round_queries,200,300,1100,4100,19900,95300,468900,2364500,11945100,60618700
round_k,0,1,5,20,99,476,2344,11822,59725,303093
round_shots,200,100,100,100,100,100,100,100,100,100
round_queries,200,300,1100,4100,19100,95900,484300,2426500,12291100,61678300
round_k,0,1,5,20,95,479,2421,12132,61455,308391
round_shots,100,100,100,100,100,100,100,100,100,100
round_queries,100,300,1100,4900,23100,113700,568100,2836500,14278900,72033500
round_k,0,1,5,24,115,568,2840,14182,71394,360167
round_shots,100,100,100,100,100,100,100,100,100,100
round_queries,100,300,700,1900,8100,37900,191500,962900,4843700,24478500
round_k,0,1,3,9,40,189,957,4814,24218,122392
round_shots,100,100,100,100,100,100,100,100,100,100
round_queries,100,300,1100,3700,18300,89100,444100,2233500,11277900,57164100
round_k,0,1,5,18,91,445,2220,11167,56389,285820
round_shots,100,100,100,100,100,100,100,100,100,100
round_queries,100,300,1100,4500,21500,108100,533500,2692700,13635300,68697900
round_k,0,1,5,22,107,540,2667,13463,68176,343489
round_shots,100,100,100,100,100,100,100,100,100,100
round_queries,100,300,700,1900,8500,42100,207100,1043500,5229100,26383500
round_k,0,1,3,9,42,210,1035,5217,26145,131917
round_shots,200,100,100,100,100,100,100,100,100,100
round_queries,200,300,700,2700,11900,58300,293900,1458100,7393900,37516700
round_k,0,1,3,13,59,291,1469,7290,36969,187583
round_shots,100,100,100,100,100,100,100,100,100,100
round_queries,100,300,1100,4500,20100,98100,484900,2453700,12343100,62659300
round_k,0,1,5,22,100,490,2424,12268,61715,313296
round_shots,200,100,100,100,100,100,100,100,100
round_queries,200,300,1500,6300,27900,136500,675500,3392100,17007900
round_k,0,1,7,31,139,682,3377,16960,85039
round_shots,300,100,100,100,100,100,100,100,100,100
round_queries,300,300,700,2700,10900,50500,248700,1237900,6257500,31712300
round_k,0,1,3,13,54,252,1243,6189,31287,158561
round_shots,200,100,100,100,100,100,100,100,100,100
round_queries,200,300,1100,4100,18500,88500,443900,2243300,11338300,57170900
round_k,0,1,5,20,92,442,2219,11216,56691,285854
round_shots,300,100,100,100,100,100,100,100,100
round_queries,300,500,1500,6700,30700,153500,762500,3807300,19272500
round_k,0,2,7,33,153,767,3812,19036,96362
round_shots,200,100,100,100,100,100,100,100,100,100
round_queries,200,300,1100,4700,22300,105900,509900,2553500,12875900,65187900
round_k,0,1,5,23,111,529,2549,12767,64379,325939
round_shots,200,100,100,100,100,100,100,100,100,100
round_queries,200,300,1500,5300,24700,120100,599300,3023500,15241500,77042500
round_k,0,1,7,26,123,600,2996,15117,76207,385212
round_shots,100,100,100,100,100,100,100,100,100,100
round_queries,100,300,1100,4500,19300,92100,436700,2175900,10990500,55714700
round_k,0,1,5,22,96,460,2183,10879,54952,278573
round_shots,100,100,100,100,100,100,100,100,100,100
round_queries,100,300,700,2300,10500,50300,249100,1244500,6271700,31593900
round_k,0,1,3,11,52,251,1245,6222,31358,157969
round_shots,200,100,100,100,100,100,100,100,100,100
round_queries,200,300,1100,4900,21100,101900,511300,2567500,12989100,65766900
round_k,0,1,5,24,105,509,2556,12837,64945,328834
round_shots,200,100,100,100,100,100,100,100,100,100
round_queries,200,300,700,2300,11300,53900,264100,1326300,6708500,33912300
round_k,0,1,3,11,56,269,1320,6631,33542,169561
round_shots,100,100,100,100,100,100,100,100,100,100
round_queries,100,300,700,2500,10500,48900,240700,1194100,6015900,30156500
round_k,0,1,3,12,52,244,1203,5970,30079,150782
round_shots,200,100,100,100,100,100,100,100,100,100
round_queries,200,300,1100,4100,18900,90500,444100,2236500,11307300,57344700
round_k,0,1,5,20,94,452,2220,11182,56536,286723
round_shots,200,100,100,100,100,100,100,100,100,100
round_queries,200,300,700,2300,10900,52900,254300,1266900,6351100,32099300
round_k,0,1,3,11,54,264,1271,6334,31755,160496
round_shots,100,100,100,100,100,100,100,100,100,100
round_queries,100,300,1100,4500,21300,104500,516300,2614100,13211900,67093300
round_k,0,1,5,22,106,522,2581,13070,66059,335466
round_shots,100,100,100,100,100,100,100,100,100,100
round_queries,100,300,1100,3700,16100,73700,363100,1806300,9107500,45972900
round_k,0,1,5,18,80,368,1815,9031,45537,229864
round_shots,100,100,100,100,100,100,100,100,100,100
round_queries,100,300,1100,4700,21100,104900,517300,2600300,13150700,69764500
round_k,0,1,5,23,105,524,2586,13001,65753,348822
round_shots,100,100,100,100,100,100,100,100,100,100
round_queries,100,300,700,2300,10500,51500,251300,1240300,6182700,30942900
round_k,0,1,3,11,52,257,1256,6201,30913,154714
round_shots,200,100,100,100,100,100,100,100,100,100
round_queries,200,300,1100,4500,20900,99300,487700,2443300,12274700,62091900
round_k,0,1,5,22,104,496,2438,12216,61373,310459
round_shots,100,100,100,100,100,100,100,100,100,100
round_queries,100,300,1100,3500,14500,68500,343700,1728300,8730300,44182300
round_k,0,1,5,17,72,342,1718,8641,43651,220911
round_shots,200,100,100,100,100,100,100,100,100,100
round_queries,200,300,1100,3700,17700,86700,437500,2184300,10994100,55538700
round_k,0,1,5,18,88,433,2187,10921,54970,277693
round_shots,100,100,100,100,100,100,100,100,100,100
round_queries,100,300,700,2700,11500,54700,267500,1355300,6832500,34374900
round_k,0,1,3,13,57,273,1337,6776,34162,171874
round_shots,100,100,100,100,100,100,100,100,100,100
round_queries,100,300,1100,4100,17900,85500,430500,2155100,10888500,54722700
round_k,0,1,5,20,89,427,2152,10775,54442,273613
round_shots,200,100,100,100,100,100,100,100,100,100
round_queries,200,300,700,2900,12300,59100,291700,1447100,7296900,36723100
round_k,0,1,3,14,61,295,1458,7235,36484,183615
round_shots,100,100,100,100,100,100,100,100,100,100
round_queries,100,300,1100,4100,19100,91300,437900,2202100,11152300,56275700
round_k,0,1,5,20,95,456,2189,11010,55761,281378
round_shots,200,100,100,100,100,100,100,100,100,100
round_queries,200,300,1100,4500,20700,99900,495700,2467500,12476100,63064100
round_k,0,1,5,22,103,499,2478,12337,62380,315320
round_shots,100,100,100,100,100,100,100,100,100
round_queries,100,300,1100,4700,20100,94700,473300,2857900,17352700
round_k,0,1,5,23,100,473,2366,14289,86763
round_shots,100,100,100,100,100,100,100,100,100,100
round_queries,100,300,1100,4700,20500,102100,504300,2543500,12802700,64790100
round_k,0,1,5,23,102,510,2521,12717,64013,323950
round_shots,200,100,100,100,100,100,100,100,100
round_queries,200,300,1100,5500,26900,131700,655100,3314100,16786900
round_k,0,1,5,27,134,658,3275,16570,83934
round_shots,200,100,100,100,100,100,100,100,100,100
round_queries,200,300,700,2300,10100,46900,226100,1134900,5753500,29072900
round_k,0,1,3,11,50,234,1130,5674,28767,145364
round_shots,200,100,100,100,100,100,100,100,100
round_queries,200,500,2300,10500,51300,248900,1232100,6186700,31387300
round_k,0,2,11,52,256,1244,6160,30933,156936
round_shots,200,100,100,100,100,100,100,100,100,100
round_queries,200,300,1100,4700,20300,99500,497700,2473100,12486700,63213300
round_k,0,1,5,23,101,497,2488,12365,62433,316066
round_shots,200,100,100,100,100,100,100,100,100,100
round_queries,200,300,1100,5100,23700,110700,519300,2507500,12662700,63802500
round_k,0,1,5,25,118,553,2596,12537,63313,319012
round_shots,100,100,100,100,100,100,100,100,100,100
round_queries,100,300,1100,3700,17100,85300,412300,2078700,10508900,52997100
round_k,0,1,5,18,85,426,2061,10393,52544,264985
round_shots,200,100,100,100,100,100,100,100,100,100
round_queries,200,300,1100,3100,13100,62100,305500,1544100,7801500,39184700
round_k,0,1,5,15,65,310,1527,7720,39007,195923
round_shots,100,100,100,100,100,100,100,100,100,100
round_queries,100,300,700,2500,10900,53100,258100,1297700,6543300,33198500
round_k,0,1,3,12,54,265,1290,6488,32716,165992
round_shots,200,100,100,100,100,100,100,100,100,100
round_queries,200,300,1100,3700,18300,88300,426100,2134700,10794300,54616500
round_k,0,1,5,18,91,441,2130,10673,53971,273082
round_shots,100,100,100,100,100,100,100,100,100,100
round_queries,100,300,1100,4500,19700,94700,465100,2321700,11751100,59472500
round_k,0,1,5,22,98,473,2325,11608,58755,297362
round_shots,100,100,100,100,100,100,100,100,100,100
round_queries,100,300,1100,4100,19100,93300,463700,2312500,11699300,59084900
round_k,0,1,5,20,95,466,2318,11562,58496,295424
round_shots,200,100,100,100,100,100,100,100,100,100
round_queries,200,300,700,3300,15500,74500,370900,1874900,9424900,47606700
round_k,0,1,3,16,77,372,1854,9374,47124,238033
round_shots,200,100,100,100,100,100,100,100,100,100
round_queries,200,300,700,2300,9300,43700,209700,1048500,5288300,26755500
round_k,0,1,3,11,46,218,1048,5242,26441,133777
round_shots,100,100,100,100,100,100,100,100,100,100
round_queries,100,300,1100,4700,21300,101500,504700,2545100,12885500,65042100
round_k,0,1,5,23,106,507,2523,12725,64427,325210
round_shots,100,100,100,100,100,100,100,100,100
round_queries,100,500,1900,7100,35300,169500,844900,4241500,21485700
round_k,0,2,9,35,176,847,4224,21207,107428
round_shots,200,100,100,100,100,100,100,100,100
round_queries,200,700,2900,12300,61300,291100,1460700,7388300,37385100
round_k,0,3,14,61,306,1455,7303,36941,186925
round_shots,200,100,100,100,100,100,100,100,100,100
round_queries,200,300,1100,4700,21500,105500,531300,2685500,13543700,68401700
round_k,0,1,5,23,107,527,2656,13427,67718,342008
round_shots,200,100,100,100,100,100,100,100,100,100
round_queries,200,300,700,2300,10100,47900,234900,1156300,5825500,29562700
round_k,0,1,3,11,50,239,1174,5781,29127,147813
round_shots,100,100,100,100,100,100,100,100,100,100
round_queries,100,300,1100,5500,23900,116700,580300,2896900,14649300,74366700
round_k,0,1,5,27,119,583,2901,14484,73246,371833
round_shots,100,100,100,100,100,100,100,100,100,100
round_queries,100,300,1100,4100,19900,98500,496900,2501500,12625900,63797300
round_k,0,1,5,20,99,492,2484,12507,63129,318986
round_shots,200,100,100,100,100,100,100,100,100,100
round_queries,200,300,1500,4900,22300,107100,539100,2704500,13714700,69632500
round_k,0,1,7,24,111,535,2695,13522,68573,348162
round_shots,200,100,100,100,100,100,100,100,100,100
round_queries,200,300,1100,4500,21500,103900,524300,2640100,13344100,67408100
round_k,0,1,5,22,107,519,2621,13200,66720,337040
round_shots,200,100,100,100,100,100,100,100,100,100
round_queries,200,300,1100,4100,18100,88100,430500,2153900,10889500,54849100
round_k,0,1,5,20,90,440,2152,10769,54447,274245
round_shots,100,100,100,100,100,100,100,100,100,100
round_queries,100,300,1100,4300,19500,90900,450700,2268100,11448500,58094900
round_k,0,1,5,21,97,454,2253,11340,57242,290474
round_shots,200,100,100,100,100,100,100,100,100
round_queries,200,300,1100,5100,29300,145900,730100,3623700,18321700
round_k,0,1,5,25,146,729,3650,18118,91608
round_shots,100,100,100,100,100,100,100,100,100,100
round_queries,100,300,1100,4500,20100,97300,489700,2453300,12420100,62680300
round_k,0,1,5,22,100,486,2448,12266,62100,313401
round_shots,200,100,100,100,100,100,100,100,100,100
round_queries,200,300,1100,4500,20900,101700,503700,2518700,12670900,64079700
round_k,0,1,5,22,104,508,2518,12593,63354,320398
round_shots,200,100,100,100,100,100,100,100,100,100
round_queries,200,300,1100,4100,18700,89700,443300,2218300,11238700,56841100
round_k,0,1,5,20,93,448,2216,11091,56193,284205
round_shots,100,100,100,100,100,100,100,100,100,100
round_queries,100,300,1100,4500,20300,98700,480900,2402100,12144900,61655300
round_k,0,1,5,22,101,493,2404,12010,60724,308276
round_shots,200,100,100,100,100,100,100,100,100,100
round_queries,200,300,1100,4500,20700,97900,485700,2443700,12318300,62539100
round_k,0,1,5,22,103,489,2428,12218,61591,312695
round_shots,100,100,100,100,100,100,100,100,100,100
round_queries,100,300,1100,3700,16100,80100,401100,2015900,10202300,51736900
round_k,0,1,5,18,80,400,2005,10079,51011,258684
round_shots,200,100,100,100,100,100,100,100,100,100
round_queries,200,300,1100,3700,15500,75900,380700,1900100,9518700,48164500
round_k,0,1,5,18,77,379,1903,9500,47593,240822
round_shots,200,100,100,100,100,100,100,100,100,100
round_queries,200,300,1100,4700,21900,108100,526900,2649900,13400500,68068700
round_k,0,1,5,23,109,540,2634,13249,67002,340343
round_shots,100,100,100,100,100,100,100,100,100,100
round_queries,100,300,1100,4500,19700,93100,466700,2350100,11900500,60332100
round_k,0,1,5,22,98,465,2333,11750,59502,301660
round_shots,200,100,100,100,100,100,100,100,100
round_queries,200,500,1900,8900,41100,201900,1010300,5089300,25769900
round_k,0,2,9,44,205,1009,5051,25446,128849
round_shots,200,100,100,100,100,100,100,100,100,100
round_queries,200,300,700,2500,11700,55500,275500,1373300,6953500,35181700
round_k,0,1,3,12,58,277,1377,6866,34767,175908
round_shots,100,100,100,100,100,100,100,100,100,100
round_queries,100,300,1100,4700,21500,105500,526500,2662500,13461300,68224700
round_k,0,1,5,23,107,527,2632,13312,67306,341123
round_shots,200,100,100,100,100,100,100,100,100
round_queries,200,500,1900,8900,43500,211500,1063500,5366100,27188700
round_k,0,2,9,44,217,1057,5317,26830,135943
round_shots,100,100,100,100,100,100,100,100,100,100
round_queries,100,300,1100,4700,23500,110100,538100,2722900,13801700,69990500
round_k,0,1,5,23,117,550,2690,13614,69008,349952
round_shots,100,100,100,100,100,100,100,100,100,100
round_queries,100,300,1100,3100,13700,64900,318700,1589900,8020300,40586900
round_k,0,1,5,15,68,324,1593,7949,40101,202934
round_shots,100,100,100,100,100,100,100,100,100,100
round_queries,100,300,1100,3700,16700,79700,395300,1992500,10077700,50418300
round_k,0,1,5,18,83,398,1976,9962,50388,252091
round_shots,200,100,100,100,100,100,100,100,100,100
round_queries,200,300,1100,4900,23300,112900,567700,2856300,14281300,72422100
round_k,0,1,5,24,116,564,2838,14281,71406,362110
round_shots,100,100,100,100,100,100,100,100,100,100
round_queries,100,300,1100,4500,21500,107300,526500,2658500,13429300,67922500
round_k,0,1,5,22,107,536,2632,13292,67146,339612
round_shots,200,100,100,100,100,100,100,100,100,100
round_queries,200,300,1100,5500,24300,120500,597700,3007900,15172300,76831700
round_k,0,1,5,27,121,602,2988,15039,75861,384158
round_shots,100,100,100,100,100,100,100,100,100,100
round_queries,100,300,1100,4700,22100,105100,516700,2591700,13132900,66231900
round_k,0,1,5,23,110,525,2583,12958,65664,331159
round_shots,100,100,100,100,100,100,100,100,100,100
round_queries,100,300,1100,3700,16500,77100,383900,1924900,9696100,48933900
round_k,0,1,5,18,82,385,1919,9624,48480,244669
round_shots,100,100,100,100,100,100,100,100,100,100
round_queries,100,300,1100,4100,19300,90100,451900,2276900,11521700,58452700
round_k,0,1,5,20,96,450,2259,11384,57608,292263
round_shots,100,100,100,100,100,100,100,100,100
round_queries,100,300,1100,5500,26900,132900,654900,3294900,16686100
round_k,0,1,5,27,134,664,3274,16474,83430
round_shots,100,100,100,100,100,100,100,100,100,100
round_queries,100,300,700,2700,12700,59100,297900,1484900,7529900,38172300
round_k,0,1,3,13,63,295,1489,7424,37649,190861
round_shots,200,100,100,100,100,100,100,100,100,100
round_queries,200,300,1100,4500,20700,100300,496700,2490900,12568100,63619900
round_k,0,1,5,22,103,501,2483,12454,62840,318099
round_shots,200,100,100,100,100,100,100,100,100,100
round_queries,200,300,1100,4100,17500,87500,428500,2150500,10842900,54944100
round_k,0,1,5,20,87,437,2142,10752,54214,274720
round_shots,100,100,100,100,100,100,100,100,100,100
round_queries,100,300,1100,4900,23100,114700,559500,2815300,14249900,72248500
round_k,0,1,5,24,115,573,2797,14076,71249,361242
round_shots,200,100,100,100,100,100,100,100,100,100
round_queries,200,300,1100,3700,15300,76500,382700,1919300,9658300,48994100
round_k,0,1,5,18,76,382,1913,9596,48291,244970
round_shots,200,100,100,100,100,100,100,100,100,100
round_queries,200,300,1100,3700,16900,79300,384100,1932700,9790700,49149500
round_k,0,1,5,18,84,396,1920,9663,48953,245747
round_shots,300,100,100,100,100,100,100,100,100
round_queries,300,300,1500,7100,35300,169300,839100,4233700,21313900
round_k,0,1,7,35,176,846,4195,21168,106569
round_shots,200,100,100,100,100,100,100,100,100,100
round_queries,200,300,1100,4500,20900,100300,495700,2503900,12703300,64359500
round_k,0,1,5,22,104,501,2478,12519,63516,321797
round_shots,100,200,100,100,100,100,100,100,100,100
round_queries,100,600,1100,4100,18300,91500,459300,2315300,11682100,58794900
round_k,0,1,5,20,91,457,2296,11576,58410,293974
round_shots,200,100,100,100,100,100,100,100,100
round_queries,200,500,1500,6100,27100,129300,644500,3201100,16239700
round_k,0,2,7,30,135,646,3222,16005,81198
round_shots,100,100,100,100,100,100,100,100,100,100
round_queries,100,300,1100,4700,23300,115900,580700,2934500,14888500,75384700
round_k,0,1,5,23,116,579,2903,14672,74442,376923
round_shots,100,100,100,100,100,100,100,100,100,100
round_queries,100,300,1100,5100,24100,116700,583300,2913100,14645900,73811100
round_k,0,1,5,25,120,583,2916,14565,73229,369055
round_shots,200,100,100,100,100,100,100,100,100,100
round_queries,200,300,700,2300,10100,47300,228300,1118100,5625700,28393500
round_k,0,1,3,11,50,236,1141,5590,28128,141967
round_shots,300,100,100,100,100,100,100,100,100
round_queries,300,500,1500,5900,28100,137500,686700,3452100,17486300
round_k,0,2,7,29,140,687,3433,17260,87431
round_shots,300,100,100,100,100,100,100,100,100
round_queries,300,500,1900,7300,33500,163700,821700,4134100,20929900
round_k,0,2,9,36,167,818,4108,20670,104649
round_shots,100,100,100,100,100,100,100,100,100,100
round_queries,100,300,700,3100,13300,62900,306700,1553300,7845300,39502900
round_k,0,1,3,15,66,314,1533,7766,39226,197514
round_shots,200,100,100,100,100,100,100,100,100
round_queries,200,300,1500,6300,29500,143100,718300,3634900,18453100
round_k,0,1,7,31,147,715,3591,18174,92265
round_shots,100,100,100,100,100,100,100,100,100,100
round_queries,100,300,700,2300,8900,43700,212900,1061500,5307900,26721300
round_k,0,1,3,11,44,218,1064,5307,26539,133606
round_shots,200,100,100,100,100,100,100,100,100,100
round_queries,200,300,700,2700,11700,52900,250700,1244900,6226500,31265300
round_k,0,1,3,13,58,264,1253,6224,31132,156326
round_shots,100,100,100,100,100,100,100,100,100,100
round_queries,100,300,700,3300,14900,70700,349100,1737900,8708300,44062300
round_k,0,1,3,16,74,353,1745,8689,43541,220311
round_shots,200,100,100,100,100,100,100,100,100,100
round_queries,200,300,1500,5900,25900,124900,619900,3095100,15422300,78118900
round_k,0,1,7,29,129,624,3099,15475,77111,390594
round_shots,200,100,100,100,100,100,100,100,100
round_queries,200,300,1500,6700,32300,155700,771700,3859100,19558700
round_k,0,1,7,33,161,778,3858,19295,97793
round_shots,100,100,100,100,100,100,100,100,100,100
round_queries,100,300,1100,4100,19900,95300,471900,2381500,12071300,61243500
round_k,0,1,5,20,99,476,2359,11907,60356,306217
round_shots,200,100,100,100,100,100,100,100,100
round_queries,200,300,1100,5500,24700,119100,591500,2998900,15892500
round_k,0,1,5,27,123,595,2957,14994,79462
round_shots,100,100,100,100,100,100,100,100,100,100
round_queries,100,300,700,3300,15900,77900,387300,1946700,9868100,49883100
round_k,0,1,3,16,79,389,1936,9733,49340,249415
round_shots,100,100,100,100,100,100,100,100,100,100
round_queries,100,300,700,2900,12900,62300,309700,1559100,7869700,41839900
round_k,0,1,3,14,64,311,1548,7795,39348,209199
round_shots,200,100,100,100,100,100,100,100,100,100
round_queries,200,300,1100,3700,17900,83100,419900,2090900,10541300,52827300
round_k,0,1,5,18,89,415,2099,10454,52706,264136
round_shots,100,100,100,100,100,100,100,100,100,100
round_queries,100,300,1100,4500,21700,105700,533100,2663100,13475900,67361300
round_k,0,1,5,22,108,528,2665,13315,67379,336806
round_shots,100,100,100,100,100,100,100,100,100,100
round_queries,100,300,1500,5300,23700,114100,573500,2870100,14451100,76930700
round_k,0,1,7,26,118,570,2867,14350,72255,384653
round_shots,200,100,100,100,100,100,100,100,100
round_queries,200,300,1500,5700,25300,122700,612700,3093900,15635100
round_k,0,1,7,28,126,613,3063,15469,78175
round_shots,200,100,100,100,100,100,100,100,100,100
round_queries,200,300,700,2300,9300,45700,229300,1155100,5817700,29468100
round_k,0,1,3,11,46,228,1146,5775,29088,147340
round_shots,100,100,100,100,100,100,100,100,100
round_queries,100,300,1100,5500,25700,126900,636100,3195700,16192900
round_k,0,1,5,27,128,634,3180,15978,80964
round_shots,100,100,100,100,100,100,100,100,100,100
round_queries,100,300,1100,4100,19900,95900,476700,2889500,14618300,74111100
round_k,0,1,5,20,99,479,2383,14447,73091,370555
round_shots,100,100,100,100,100,100,100,100,100,100
round_queries,100,300,1100,5100,23700,116300,577300,2891100,14627500,73969900
round_k,0,1,5,25,118,581,2886,14455,73137,369849
round_shots,200,100,100,100,100,100,100,100,100
round_queries,200,300,1500,6300,29700,142700,713900,3555900,18001500
round_k,0,1,7,31,148,713,3569,17779,90007
round_shots,100,100,100,100,100,100,100,100,100,100
round_queries,100,300,700,1900,7700,35300,175700,884300,4458100,22602700
round_k,0,1,3,9,38,176,878,4421,22290,113013
round_shots,100,100,100,100,100,100,100,100,100
round_queries,100,300,1500,6300,29900,143700,723100,3621100,18254700
round_k,0,1,7,31,149,718,3615,18105,91273
round_shots,100,100,100,100,100,100,100,100,100,100
round_queries,100,300,1100,4500,20300,100500,489700,2428900,12288300,62339700
round_k,0,1,5,22,101,502,2448,12144,61441,311698
round_shots,100,100,100,100,100,100,100,100,100,100
round_queries,100,300,1100,3700,17500,82900,412100,2069500,10502300,53172100
round_k,0,1,5,18,87,414,2060,10347,52511,265860
round_shots,200,100,100,100,100,100,100,100,100,100
round_queries,200,300,1100,4500,20900,103300,508100,2545500,12862900,65329500
round_k,0,1,5,22,104,516,2540,12727,64314,326647
round_shots,200,100,100,100,100,100,100,100,100,100
round_queries,200,300,1100,4700,20700,100700,497700,2506900,12682500,63972700
round_k,0,1,5,23,103,503,2488,12534,63412,319863
round_shots,100,100,100,100,100,100,100,100,100,100
round_queries,100,300,1100,4900,23300,112900,559500,2820500,14214300,72118900
round_k,0,1,5,24,116,564,2797,14102,71071,360594
round_shots,100,100,100,100,100,100,100,100,100,100
round_queries,100,300,1100,3700,16500,77500,383300,1910100,9591900,48685500
round_k,0,1,5,18,82,387,1916,9550,47959,243427
round_shots,200,100,100,100,100,100,100,100,100,100
round_queries,200,300,1100,4900,24100,117100,586900,2908700,14666700,73716700
round_k,0,1,5,24,120,585,2934,14543,73333,368583
round_shots,100,100,100,100,100,100,100,100,100,100
round_queries,100,300,700,2700,10700,51900,252700,1258900,6345500,31917500
round_k,0,1,3,13,53,259,1263,6294,31727,159587
round_shots,200,100,100,100,100,100,100,100,100
round_queries,200,500,1900,8100,38900,193900,974500,4855500,24428700
round_k,0,2,9,40,194,969,4872,24277,122143
round_shots,100,100,100,100,100,100,100,100,100,100
round_queries,100,300,1100,4900,20700,102300,504700,2526900,12833500,65045100
round_k,0,1,5,24,103,511,2523,12634,64167,325225
round_shots,200,100,100,100,100,100,100,100,100,100
round_queries,200,300,1100,5100,21900,110300,550300,2760300,13961100,70702100
round_k,0,1,5,25,109,551,2751,13801,69805,353510
round_shots,200,100,100,100,100,100,100,100,100,100
round_queries,200,300,1100,4100,17300,83700,397700,2002500,10117100,51296300
round_k,0,1,5,20,86,418,1988,10012,50585,256481
round_shots,100,100,100,100,100,100,100,100,100,100
round_queries,100,300,700,2900,12700,60300,299100,1475300,7412100,45142300
round_k,0,1,3,14,63,301,1495,7376,37060,225711
round_shots,100,100,100,100,100,100,100,100,100
round_queries,100,300,1500,6300,27900,137900,688100,3456700,17520300
round_k,0,1,7,31,139,689,3440,17283,87601
round_shots,100,100,100,100,100,100,100,100,100,100
round_queries,100,300,1100,4100,18500,86500,428700,2172700,10912300,55251700
round_k,0,1,5,20,92,432,2143,10863,54561,276258
round_shots,200,100,100,100,100,100,100,100,100,100
round_queries,200,300,700,2500,12100,59100,283100,1411900,7150900,36266500
round_k,0,1,3,12,60,295,1415,7059,35754,181332
round_shots,100,100,100,100,100,100,100,100,100,100
round_queries,100,300,700,2700,11500,57500,284500,1413700,7005900,35566500
round_k,0,1,3,13,57,287,1422,7068,35029,177832
round_shots,100,100,100,100,100,100,100,100,100,100
round_queries,100,300,700,1900,7700,36500,180900,898100,4488100,22694300
round_k,0,1,3,9,38,182,904,4490,22440,113471
round_shots,100,100,100,100,100,100,100,100,100,100
round_queries,100,300,1100,3700,16500,79700,383500,1943900,9814100,49746700
round_k,0,1,5,18,82,398,1917,9719,49070,248733
round_shots,100,100,100,100,100,100,100,100,100
round_queries,100,300,1500,6700,29900,147900,743900,3721100,18841500
round_k,0,1,7,33,149,739,3719,18605,94207
round_shots,100,100,100,100,100,100,100,100,100,100
round_queries,100,300,1100,3900,17900,86300,425700,2139300,10828900,54876900
round_k,0,1,5,19,89,431,2128,10696,54144,274384
round_shots,100,100,100,100,100,100,100,100,100
round_queries,100,300,1100,5500,25100,123900,618100,3114300,15753500
round_k,0,1,5,27,125,619,3090,15571,78767
round_shots,200,100,100,100,100,100,100,100,100,100
round_queries,200,300,1100,4500,20300,98900,495700,2488500,12549100,63700500
round_k,0,1,5,22,101,494,2478,12442,62745,318502
round_shots,100,100,100,100,100,100,100,100,100
round_queries,100,500,1900,7500,35300,172100,858300,4335700,21791300
round_k,0,2,9,37,176,860,4291,21678,108956
round_shots,100,100,100,100,100,100,100,100,100
round_queries,100,300,1500,5900,27500,131500,657700,3320100,16728300
round_k,0,1,7,29,137,657,3288,16600,83641
round_shots,200,100,100,100,100,100,100,100,100,100
round_queries,200,300,700,2900,13300,63900,306500,1430700,7114500,35658700
round_k,0,1,3,14,66,319,1532,7153,35572,178293
round_shots,100,100,100,100,100,100,100,100,100,100
round_queries,100,300,1100,4900,23900,116500,591100,2989300,15015900,75988100
round_k,0,1,5,24,119,582,2955,14946,75079,379940
round_shots,200,100,100,100,100,100,100,100,100,100
round_queries,200,300,1100,4700,20100,100900,505300,2545700,12868100,65170100
round_k,0,1,5,23,100,504,2526,12728,64340,325850
round_shots,100,100,100,100,100,100,100,100,100,100
round_queries,100,300,1100,4500,20900,99500,496900,2506500,12686700,64240100
round_k,0,1,5,22,104,497,2484,12532,63433,321200
round_shots,200,100,100,100,100,100,100,100,100
round_queries,200,300,1500,5900,27700,134500,674700,3369100,17010300
round_k,0,1,7,29,138,672,3373,16845,85051
round_shots,100,100,100,100,100,100,100,100,100
round_queries,100,300,1100,5100,25500,124900,618700,3126300,15794700
round_k,0,1,5,25,127,624,3093,15631,78973
round_shots,100,100,100,100,100,100,100,100,100,100
round_queries,100,300,700,1900,8100,39100,190900,958300,4861500,24438700
round_k,0,1,3,9,40,195,954,4791,24307,122193
round_shots,100,100,100,100,100,100,100,100,100,100
round_queries,100,300,1100,4500,19300,94900,470900,2365700,11966900,60230700
round_k,0,1,5,22,96,474,2354,11828,59834,301153
round_shots,100,100,100,100,100,100,100,100,100,100
round_queries,100,300,1100,5100,22700,107900,540300,2687100,13615500,68721900
round_k,0,1,5,25,113,539,2701,13435,68077,343609
round_shots,200,100,100,100,100,100,100,100,100,100
round_queries,200,300,700,3300,14900,71100,350900,1766300,8906100,45194300
round_k,0,1,3,16,74,355,1754,8831,44530,225971
round_shots,200,100,100,100,100,100,100,100,100,100
round_queries,200,300,700,1900,9300,44500,221900,1115500,5647300,28477100
round_k,0,1,3,9,46,222,1109,5577,28236,142385
round_shots,300,100,100,100,100,100,100,100,100
round_queries,300,500,1900,8300,37500,177900,876700,4420500,22288300
round_k,0,2,9,41,187,889,4383,22102,111441
round_shots,100,100,100,100,100,100,100,100,100,100
round_queries,100,300,1100,3700,16900,80900,394300,1975300,9994500,50440700
round_k,0,1,5,18,84,404,1971,9876,49972,252203
round_shots,200,100,100,100,100,100,100,100,100
round_queries,200,300,1100,5100,25300,124900,613700,3076500,15566100
round_k,0,1,5,25,126,624,3068,15382,77830
round_shots,100,100,100,100,100,100,100,100,100,100
round_queries,100,300,1100,4500,19900,99900,502700,2525300,12748100,64677900
round_k,0,1,5,22,99,499,2513,12626,63740,323389
round_shots,200,100,100,100,100,100,100,100,100,100
round_queries,200,300,700,2900,11700,57500,283300,1424700,7155500,36158700
round_k,0,1,3,14,58,287,1416,7123,35777,180793
round_shots,100,100,100,100,100,100,100,100,100,100
round_queries,100,300,1100,5100,24100,114100,550500,2742900,13700500,69539300
round_k,0,1,5,25,120,570,2752,13714,68502,347696
round_shots,200,100,100,100,100,100,100,100,100,100
round_queries,200,300,1100,4100,17700,84100,410900,2069100,10478100,53039300
round_k,0,1,5,20,88,420,2054,10345,52390,265196
round_shots,100,100,100,100,100,100,100,100,100,100
round_queries,100,300,1100,3700,15900,76100,380700,1909700,9657900,48962700
round_k,0,1,5,18,79,380,1903,9548,48289,244813
round_shots,200,100,100,100,100,100,100,100,100,100
round_queries,200,300,1100,4900,22300,110300,549900,2745500,13898700,70261700
round_k,0,1,5,24,111,551,2749,13727,69493,351308
round_shots,100,100,100,100,100,100,100,100,100,100
round_queries,100,300,1100,4500,19100,90900,450300,2265100,11469700,58262300
round_k,0,1,5,22,95,454,2251,11325,57348,291311
round_shots,100,100,100,100,100,100,100,100,100,100
round_queries,100,300,1100,4900,22900,113100,564500,2858700,14468100,73295700
round_k,0,1,5,24,114,565,2822,14293,72340,366478
round_shots,200,100,100,100,100,100,100,100,100,100
round_queries,200,300,700,1900,8500,41500,208300,1037900,5250900,26535900
round_k,0,1,3,9,42,207,1041,5189,26254,132679
round_shots,100,100,100,100,100,100,100,100,100,100
round_queries,100,300,700,3300,15300,73300,363900,1839300,9293500,47132900
round_k,0,1,3,16,76,366,1819,9196,46467,235664
round_shots,100,100,100,100,100,100,100,100,100,100
round_queries,100,300,1100,3700,17300,80700,395900,1923100,9636100,48862100
round_k,0,1,5,18,86,403,1979,9615,48180,244310
round_shots,100,100,100,100,100,100,100,100,100,100
round_queries,100,300,1100,3700,16500,82500,409500,2074500,10497500,53158700
round_k,0,1,5,18,82,412,2047,10372,52487,265793
round_shots,100,100,100,100,100,100,100,100,100,100
round_queries,100,300,700,2900,12100,55100,270500,1368900,6917900,35125500
round_k,0,1,3,14,60,275,1352,6844,34589,175627
round_shots,100,100,100,100,100,100,100,100,100,100
round_queries,100,300,1100,3700,16500,80100,395100,1984100,9979100,50625700
round_k,0,1,5,18,82,400,1975,9920,49895,253128
round_shots,200,100,100,100,100,100,100,100,100,100
round_queries,200,300,1100,4100,18900,90700,452300,2295300,11541500,58476100
round_k,0,1,5,20,94,453,2261,11476,57707,292380
round_shots,200,100,100,100,100,100,100,100,100
round_queries,200,300,1100,4500,21500,104300,621100,3118700,15722900
round_k,0,1,5,22,107,521,3105,15593,78614
round_shots,100,100,100,100,100,100,100,100,100,100
round_queries,100,300,1100,3700,16100,78300,386500,1942700,9815500,49187900
round_k,0,1,5,18,80,391,1932,9713,49077,245939
round_shots,100,100,100,100,100,100,100,100,100
round_queries,100,300,1500,6500,30900,155100,775300,3910500,19761100
round_k,0,1,7,32,154,775,3876,19552,98805
round_shots,100,100,100,100,100,100,100,100,100,100
round_queries,100,300,700,2700,10300,50100,242700,1221700,6174700,31020300
round_k,0,1,3,13,51,250,1213,6108,30873,155101
round_shots,100,100,100,100,100,100,100,100,100,100
round_queries,100,300,1100,4500,20900,103300,520100,2610300,13190100,66766900
round_k,0,1,5,22,104,516,2600,13051,65950,333834
round_shots,100,100,100,100,100,100,100,100,100,100
round_queries,100,300,700,2900,12500,60900,301700,1482900,7459500,37576900
round_k,0,1,3,14,62,304,1508,7414,37297,187884
round_shots,200,100,100,100,100,100,100,100,100,100
round_queries,200,300,1100,4500,20300,99900,503900,2545500,12845700,64931500
round_k,0,1,5,22,101,499,2519,12727,64228,324657
round_shots,100,100,100,100,100,100,100,100,100
round_queries,100,300,1500,6500,32300,155500,781100,3935900,19844700
round_k,0,1,7,32,161,777,3905,19679,99223
round_shots,100,100,100,100,100,100,100,100,100,100
round_queries,100,300,1100,5500,24300,117300,591900,2985900,15142300,76678900
round_k,0,1,5,27,121,586,2959,14929,75711,383394
round_shots,200,100,100,100,100,100,100,100,100,100
round_queries,200,300,1100,4900,24100,116300,574900,2887700,14616900,73999900
round_k,0,1,5,24,120,581,2874,14438,73084,369999
round_shots,100,100,100,100,100,100,100,100,100,100
round_queries,100,300,1100,4500,19300,95500,467300,2291500,11632100,58758300
round_k,0,1,5,22,96,477,2336,11457,58160,293791
round_shots,100,100,100,100,100,100,100,100,100,100
round_queries,100,300,1100,3700,17300,86300,426700,2150900,10843700,54627100
round_k,0,1,5,18,86,431,2133,10754,54218,273135
round_shots,100,100,100,100,100,100,100,100,100,100
round_queries,100,300,1100,4300,18900,93100,452900,2287100,11569900,58669300
round_k,0,1,5,21,94,465,2264,11435,57849,293346
round_shots,200,100,100,100,100,100,100,100,100,100
round_queries,200,300,1100,4100,18900,93500,464300,2353100,11769500,59599500
round_k,0,1,5,20,94,467,2321,11765,58847,297997
round_shots,200,100,100,100,100,100,100,100,100
round_queries,200,500,2300,8100,37700,178900,879500,4426900,22417900
round_k,0,2,11,40,188,894,4397,22134,112089
round_shots,100,100,100,100,100,100,100,100,100,100
round_queries,100,300,700,2900,12500,61700,298500,1482300,7502300,38189900
round_k,0,1,3,14,62,308,1492,7411,37511,190949
round_shots,200,100,100,100,100,100,100,100,100,100
round_queries,200,300,1100,4700,22900,113100,569700,2867700,14358700,72034500
round_k,0,1,5,23,114,565,2848,14338,71793,360172
round_shots,100,100,100,100,100,100,100,100,100
round_queries,100,300,1500,5900,26900,130300,655300,3284700,16647500
round_k,0,1,7,29,134,651,3276,16423,83237
round_shots,200,100,100,100,100,100,100,100,100
round_queries,200,500,1900,8900,39900,193100,955100,4802500,24217900
round_k,0,2,9,44,199,965,4775,24012,121089
round_shots,200,100,100,100,100,100,100,100,100
round_queries,200,700,2900,13900,64500,336100,1690900,8432900,42727100
round_k,0,3,14,69,322,1680,8454,42164,213635
round_shots,100,100,100,100,100,100,100,100,100,100
round_queries,100,300,1100,4500,19700,91700,454500,2268500,11472700,58141100
round_k,0,1,5,22,98,458,2272,11342,57363,290705
round_shots,200,100,100,100,100,100,100,100,100,100
round_queries,200,300,700,2900,12300,59700,291100,1473300,7400100,37495700
round_k,0,1,3,14,61,298,1455,7366,37000,187478
round_shots,100,100,100,100,100,100,100,100,100,100
round_queries,100,300,1100,3700,18500,91900,435700,2113300,11043500,55438500
round_k,0,1,5,18,92,459,2178,10566,55217,277192
round_shots,200,100,100,100,100,100,100,100,100,100
round_queries,200,300,1100,5100,22700,110100,545100,2727500,13765700,69656500
round_k,0,1,5,25,113,550,2725,13637,68828,348282
round_shots,100,100,100,100,100,100,100,100,100,100
round_queries,100,300,1100,4900,23300,114100,556900,2809700,14195500,71927100
round_k,0,1,5,24,116,570,2784,14048,70977,359635
round_shots,200,100,100,100,100,100,100,100,100
round_queries,200,500,1500,5900,28300,136500,676500,3396300,17134500
round_k,0,2,7,29,141,682,3382,16981,85672
round_shots,300,100,100,100,100,100,100,100,100
round_queries,300,300,1500,6700,31100,145700,720100,3651900,18513900
round_k,0,1,7,33,155,728,3600,18259,92569
round_shots,100,100,100,100,100,100,100,100,100,100
round_queries,100,300,1100,4500,20700,99900,500900,2525100,12729500,64270100
round_k,0,1,5,22,103,499,2504,12625,63647,321350
round_shots,200,100,100,100,100,100,100,100,100,100
round_queries,200,300,1100,4500,20900,100700,510900,2559900,12903100,65364500
round_k,0,1,5,22,104,503,2554,12799,64515,326822
round_shots,200,100,100,100,100,100,100,100,100,100
round_queries,200,300,1100,5100,23500,118500,584700,2929500,14831700,74980500
round_k,0,1,5,25,117,592,2923,14647,74158,374902
round_shots,100,100,100,100,100,100,100,100,100,100
round_queries,100,300,900,2700,13100,63300,306100,1539100,7680700,38767900
round_k,0,1,4,13,65,316,1530,7695,38403,193839
round_shots,200,100,100,100,100,100,100,100,100,100
round_queries,200,300,700,3300,14700,71700,351500,1754900,8885300,45004300
round_k,0,1,3,16,73,358,1757,8774,44426,225021
round_shots,100,100,100,100,100,100,100,100,100,100
round_queries,100,300,700,2300,9700,46100,222100,1097900,5549900,28072700
round_k,0,1,3,11,48,230,1110,5489,27749,140363
round_shots,200,100,100,100,100,100,100,100,100,100
round_queries,200,300,1100,4100,17900,88500,439500,2205500,11117500,56429700
round_k,0,1,5,20,89,442,2197,11027,55587,282148
round_shots,200,100,100,100,100,100,100,100,100,100
round_queries,200,300,1100,3700,16900,79700,393300,1970300,9980300,50552500
round_k,0,1,5,18,84,398,1966,9851,49901,252762
round_shots,200,100,100,100,100,100,100,100,100,100
round_queries,200,300,1100,4100,18500,88700,439700,2227300,11266300,57143700
round_k,0,1,5,20,92,443,2198,11136,56331,285718
round_shots,100,100,100,100,100,100,100,100,100,100
round_queries,100,300,1100,4500,22500,109500,545500,2748900,13851900,70208900
round_k,0,1,5,22,112,547,2727,13744,69259,351044
round_shots,100,100,100,100,100,100,100,100,100,100
round_queries,100,300,700,1900,8100,39300,192700,944900,4767100,24054100
round_k,0,1,3,9,40,196,963,4724,23835,120270
round_shots,200,100,100,100,100,100,100,100,100,100
round_queries,200,300,1100,4100,17900,87500,439300,2223500,11208100,56830900
round_k,0,1,5,20,89,437,2196,11117,56040,284154
round_shots,300,100,100,100,100,100,100,100,100
round_queries,300,300,1500,5700,26100,128700,632100,3165500,16068900
round_k,0,1,7,28,130,643,3160,15827,80344
round_shots,200,100,100,100,100,100,100,100,100
round_queries,200,300,1100,5100,25500,125300,634300,3203700,16233300
round_k,0,1,5,25,127,626,3171,16018,81166
round_shots,100,100,100,100,100,100,100,100,100
round_queries,100,300,1100,5500,25300,124700,621300,3113300,15727900
round_k,0,1,5,27,126,623,3106,15566,78639
round_shots,200,100,100,100,100,100,100,100,100,100
round_queries,200,300,1100,4500,20300,100100,487300,2444900,12360500,62513300
round_k,0,1,5,22,101,500,2436,12224,61802,312566
round_shots,100,100,100,100,100,100,100,100,100,100
round_queries,100,300,1100,4700,20900,104300,516700,2580100,12955500,65435100
round_k,0,1,5,23,104,521,2583,12900,64777,327175
round_shots,100,100,100,100,100,100,100,100,100,100
round_queries,100,300,1100,4300,18100,88300,436300,2200100,11055900,55775900
round_k,0,1,5,21,90,441,2181,11000,55279,278879
round_shots,100,100,100,100,100,100,100,100,100,100
round_queries,100,300,700,3300,14700,70700,349300,1752100,8824500,44647700
round_k,0,1,3,16,73,353,1746,8760,44122,223238
round_shots,200,100,100,100,100,100,100,100,100,100
round_queries,200,300,1100,4100,18100,87700,438300,2190300,11037300,67241300
round_k,0,1,5,20,90,438,2191,10951,55186,336206
round_shots,100,100,100,100,100,100,100,100,100,100
round_queries,100,300,1100,4100,19700,92500,442300,2214100,11197900,56787900
round_k,0,1,5,20,98,462,2211,11070,55989,283939
round_shots,100,100,100,100,100,100,100,100,100
round_queries,100,300,1500,6300,29700,144300,720500,3630300,18328700
round_k,0,1,7,31,148,721,3602,18151,91643
round_shots,100,100,100,100,100,100,100,100,100,100
round_queries,100,300,1100,4500,20900,97500,489300,2471300,12404100,62920100
round_k,0,1,5,22,104,487,2446,12356,62020,314600
round_shots,100,100,100,100,100,100,100,100,100,100
round_queries,100,300,1100,5100,22300,109100,536900,2701300,13659300,69191700
round_k,0,1,5,25,111,545,2684,13506,68296,345958
round_shots,200,100,100,100,100,100,100,100,100
round_queries,200,300,1500,7100,34900,173100,867500,4352900,21968700
round_k,0,1,7,35,174,865,4337,21764,109843
round_shots,100,100,100,100,100,100,100,100,100
round_queries,100,300,1500,5900,28900,139100,699900,3549300,17957900
round_k,0,1,7,29,144,695,3499,17746,89789
round_shots,100,100,100,100,100,100,100,100,100,100
round_queries,100,300,1100,5100,22100,105500,522900,2634700,13318300,67316300
round_k,0,1,5,25,110,527,2614,13173,66591,336581
round_shots,200,100,100,100,100,100,100,100,100,100
round_queries,200,300,1100,4100,19900,98900,491300,2486300,12566500,63631300
round_k,0,1,5,20,99,494,2456,12431,62832,318156
round_shots,200,100,100,100,100,100,100,100,100,100
round_queries,200,300,700,3300,15500,74100,368100,1841300,9288300,47077300
round_k,0,1,3,16,77,370,1840,9206,46441,235386
round_shots,300,100,100,100,100,100,100,100,100
round_queries,300,500,2300,10500,49700,241100,1195300,6018300,30192900
round_k,0,2,11,52,248,1205,5976,30091,150964
round_shots,100,100,100,100,100,100,100,100,100,100
round_queries,100,300,700,2900,13100,61300,304500,1527300,7725300,38966100
round_k,0,1,3,14,65,306,1522,7636,38626,194830
round_shots,200,100,100,100,100,100,100,100,100,100
round_queries,200,300,1100,4500,22300,110100,540300,2698100,13582300,68836100
round_k,0,1,5,22,111,550,2701,13490,67911,344180
round_shots,200,100,100,100,100,100,100,100,100,100
round_queries,200,300,700,3300,14500,72500,363300,1809700,9152500,46363100
round_k,0,1,3,16,72,362,1816,9048,45762,231815
round_shots,100,100,100,100,100,100,100,100,100,100
round_queries,100,300,700,3300,15900,74700,376100,1903300,9620700,48736500
round_k,0,1,3,16,79,373,1880,9516,48103,243682
round_shots,200,100,100,100,100,100,100,100,100
round_queries,200,700,3500,15700,77300,383700,1894900,9614500,48676300
round_k,0,3,17,78,386,1918,9474,48072,243381
round_shots,200,100,100,100,100,100,100,100,100,100
round_queries,200,300,700,2300,9300,46500,231100,1158700,5824100,29543500
round_k,0,1,3,11,46,232,1155,5793,29120,147717
round_shots,200,100,100,100,100,100,100,100,100,100
round_queries,200,300,1100,5100,24300,122500,607100,3046900,15450300,77933500
round_k,0,1,5,25,121,612,3035,15234,77251,389667
round_shots,100,100,100,100,100,100,100,100,100,100
round_queries,100,300,1100,4500,20300,95500,477900,2403700,12106900,61309300
round_k,0,1,5,22,101,477,2389,12018,60534,306546
round_shots,100,100,100,100,100,100,100,100,100
round_queries,100,300,1500,6100,28900,142900,698500,3519900,17840500
round_k,0,1,7,30,144,714,3492,17599,89202
round_shots,100,100,100,100,100,100,100,100,100,100
round_queries,100,300,1100,4500,20100,100500,488500,2450500,12395900,62855900
round_k,0,1,5,22,100,502,2442,12252,61979,314279
round_shots,100,100,100,100,100,100,100,100,100,100
round_queries,100,300,1100,4900,21900,105500,526300,2641900,13325700,67432300
round_k,0,1,5,24,109,527,2631,13209,66628,337161
round_shots,100,100,100,100,100,100,100,100,100,100
round_queries,100,300,1100,5300,25100,118700,590700,2965900,14932700,75230900
round_k,0,1,5,26,125,593,2953,14829,74663,376154
round_shots,200,100,100,100,100,100,100,100,100
round_queries,200,300,1500,6900,30300,140900,694100,3493100,17609700
round_k,0,1,7,34,151,704,3470,17465,88048
round_shots,200,100,100,100,100,100,100,100,100
round_queries,200,300,1500,6300,28100,134300,664900,3341900,16963100
round_k,0,1,7,31,140,671,3324,16709,84815
round_shots,200,100,100,100,100,100,100,100,100
round_queries,200,500,1900,7700,35900,170100,852100,4308300,21632100
round_k,0,2,9,38,179,850,4260,21541,108160
round_shots,100,100,100,100,100,100,100,100,100,100
round_queries,100,300,1100,4100,19100,90900,458100,2275900,11483900,57868900
round_k,0,1,5,20,95,454,2290,11379,57419,289344
round_shots,300,100,100,100,100,100,100,100,100
round_queries,300,500,2300,11100,52900,263700,1328500,6719100,33950500
round_k,0,2,11,55,264,1318,6642,33595,169752
round_shots,200,100,100,100,100,100,100,100,100
round_queries,200,300,1500,5900,28100,137500,687500,3482700,17660300
round_k,0,1,7,29,140,687,3437,17413,88301
round_shots,100,100,100,100,100,100,100,100,100,100
round_queries,100,300,1100,4500,20700,99900,493100,2486700,12600500,63528300
round_k,0,1,5,22,103,499,2465,12433,63002,317641
round_shots,100,100,100,100,100,100,100,100,100,100
round_queries,100,300,1100,3700,16700,80100,396900,1985100,10038100,50723100
round_k,0,1,5,18,83,400,1984,9925,50190,253615
round_shots,200,100,100,100,100,100,100,100,100,100
round_queries,200,300,1100,4500,21100,98700,486300,2403900,12089500,60755900
round_k,0,1,5,22,105,493,2431,12019,60447,303779
round_shots,100,100,100,100,100,100,100,100,100,100
round_queries,100,300,1100,3700,17900,83100,412700,2093700,10564700,53356100
round_k,0,1,5,18,89,415,2063,10468,52823,266780
round_shots,200,100,100,100,100,100,100,100,100
round_queries,200,500,1900,7100,33900,168700,835700,4203100,21290700
round_k,0,2,9,35,169,843,4178,21015,106453
round_shots,200,100,100,100,100,100,100,100,100
round_queries,200,300,1500,6700,30700,153500,762900,3830700,19296100
round_k,0,1,7,33,153,767,3814,19153,96480
round_shots,100,100,100,100,100,100,100,100,100,100
round_queries,100,300,1100,3100,14700,70500,356500,1759700,8817300,44610300
round_k,0,1,5,15,73,352,1782,8798,44086,223051
round_shots,100,100,100,100,100,100,100,100,100,100
round_queries,100,300,1100,4500,20100,94100,477100,2415300,12253700,62216700
round_k,0,1,5,22,100,470,2385,12076,61268,311083
round_shots,200,100,100,100,100,100,100,100,100
round_queries,200,700,3300,15500,75300,379500,1863100,9387900,47207500
round_k,0,3,16,77,376,1897,9315,46939,236037
round_shots,100,100,100,100,100,100,100,100,100,100
round_queries,100,300,1100,4500,21100,101100,496500,2503900,12675100,64216900
round_k,0,1,5,22,105,505,2482,12519,63375,321084
round_shots,100,100,100,100,100,100,100,100,100,100
round_queries,100,300,1100,4100,19500,95900,477500,2411700,12088100,61278500
round_k,0,1,5,20,97,479,2387,12058,60440,306392
round_shots,200,100,100,100,100,100,100,100,100,100
round_queries,200,300,1100,4900,23100,113500,567500,2844700,14354500,72655500
round_k,0,1,5,24,115,567,2837,14223,71772,363277
round_shots,100,100,100,100,100,100,100,100,100,100
round_queries,100,300,700,3300,16500,76500,382900,1923700,9690500,48867700
round_k,0,1,3,16,82,382,1914,9618,48452,244338
round_shots,100,100,100,100,100,100,100,100,100,100
round_queries,100,300,1100,3500,15100,72300,361900,1814100,9140100,46207900
round_k,0,1,5,17,75,361,1809,9070,45700,231039
round_shots,200,100,100,100,100,100,100,100,100,100
round_queries,200,300,1100,4900,22700,108100,536700,2683300,13530300,72046500
round_k,0,1,5,24,113,540,2683,13416,67651,360232
round_shots,100,100,100,100,100,100,100,100,100,100
round_queries,100,300,700,2300,9500,46100,225100,1130900,5682100,28674100
round_k,0,1,3,11,47,230,1125,5654,28410,143370
round_shots,100,100,100,100,100,100,100,100,100,100
round_queries,100,300,700,2900,12900,60500,299100,1512300,7668500,38830900
round_k,0,1,3,14,64,302,1495,7561,38342,194154
round_shots,200,100,100,100,100,100,100,100,100,100
round_queries,200,300,1100,4100,19300,95700,480100,2420500,12181500,61672300
round_k,0,1,5,20,96,478,2400,12102,60907,308361
round_shots,200,100,100,100,100,100,100,100,100,100
round_queries,200,300,700,2300,11500,52900,260100,1297300,6500900,32636100
round_k,0,1,3,11,57,264,1300,6486,32504,163180
round_shots,100,100,100,100,100,100,100,100,100
round_queries,100,300,1100,5500,26300,128900,770300,3854700,18847300
round_k,0,1,5,27,131,644,3851,19273,94236
round_shots,100,100,100,100,100,100,100,100,100,100
round_queries,100,300,1100,4100,17700,83300,418700,2093500,10603500,53436300
round_k,0,1,5,20,88,416,2093,10467,53017,267181
round_shots,100,100,100,100,100,100,100,100,100
round_queries,100,300,1500,6500,29900,144900,724500,3622500,18342500
round_k,0,1,7,32,149,724,3622,18112,91712
round_shots,100,100,100,100,100,100,100,100,100
round_queries,100,300,1100,5500,26300,129700,644300,3250900,16308700
round_k,0,1,5,27,131,648,3221,16254,81543
round_shots,200,100,100,100,100,100,100,100,100,100
round_queries,200,300,700,2300,8900,41700,208900,1044500,5271100,26745500
round_k,0,1,3,11,44,208,1044,5222,26355,133727
round_shots,200,100,100,100,100,100,100,100,100,100
round_queries,200,300,1100,4700,20500,98500,487500,2449300,12330300,62495500
round_k,0,1,5,23,102,492,2437,12246,61651,312477
round_shots,200,100,100,100,100,100,100,100,100,100
round_queries,200,300,1100,4700,21500,108100,556900,2800500,14155700,71728300
round_k,0,1,5,23,107,540,2784,14002,70778,358641
round_shots,100,100,100,100,100,100,100,100,100,100
round_queries,100,300,1100,5100,21900,106300,524500,2634500,13310900,67594900
round_k,0,1,5,25,109,531,2622,13172,66554,337974
round_shots,200,100,100,100,100,100,100,100,100,100
round_queries,200,500,1500,5300,23500,111500,557500,2788900,14105100,71465100
round_k,0,2,7,26,117,557,2787,13944,70525,357325
round_shots,200,100,100,100,100,100,100,100,100
round_queries,200,300,1500,6100,28900,143300,714100,3585300,18139300
round_k,0,1,7,30,144,716,3570,17926,90696
round_shots,100,100,100,100,100,100,100,100,100,100
round_queries,100,300,700,2900,12500,60500,296900,1484900,7414700,37551700
round_k,0,1,3,14,62,302,1484,7424,37073,187758
round_shots,200,100,100,100,100,100,100,100,100,100
round_queries,200,300,1100,4100,19500,97300,487300,2454500,12415100,62680500
round_k,0,1,5,20,97,486,2436,12272,62075,313402
round_shots,200,100,100,100,100,100,100,100,100,100
round_queries,200,300,700,2300,10300,49900,248700,1248900,6287900,31907500
round_k,0,1,3,11,51,249,1243,6244,31439,159537
round_shots,200,100,100,100,100,100,100,100,100,100
round_queries,200,300,1100,4900,21700,108500,536100,2702300,13657900,69304500
round_k,0,1,5,24,108,542,2680,13511,68289,346522
round_shots,100,100,100,100,100,100,100,100,100
round_queries,100,300,1100,5300,24700,122300,611500,3073100,15502500
round_k,0,1,5,26,123,611,3057,15365,77512
round_shots,100,100,100,100,100,100,100,100,100,100
round_queries,100,300,1100,4500,21500,106700,529900,2677100,13425300,68083700
round_k,0,1,5,22,107,533,2649,13385,67126,340418
round_shots,100,100,100,100,100,100,100,100,100,100
round_queries,100,300,1100,4900,22100,107700,516700,2555700,12941100,65185500
round_k,0,1,5,24,110,538,2583,12778,64705,325927
round_shots,200,100,100,100,100,100,100,100,100,100
round_queries,200,300,1100,4700,22300,106900,531500,2670300,13500300,68406500
round_k,0,1,5,23,111,534,2657,13351,67501,342032
round_shots,200,100,100,100,100,100,100,100,100,100
round_queries,200,300,1100,4900,21700,102100,504300,2535300,12845700,65076300
round_k,0,1,5,24,108,510,2521,12676,64228,325381
round_shots,200,100,100,100,100,100,100,100,100
round_queries,200,500,2300,8700,42900,210300,1049300,5274500,26735500
round_k,0,2,11,43,214,1051,5246,26372,133677
round_shots,100,100,100,100,100,100,100,100,100,100
round_queries,100,300,700,3300,15300,70300,351300,1770900,8866100,44955700
round_k,0,1,3,16,76,351,1756,8854,44330,224778
round_shots,100,100,100,100,100,100,100,100,100,100
round_queries,100,300,1100,4700,20300,100900,506100,2525700,12808700,64366900
round_k,0,1,5,23,101,504,2530,12628,64043,321834
round_shots,200,100,100,100,100,100,100,100,100,100
round_queries,200,300,1100,3100,13100,63300,309300,1554300,7844700,39782500
round_k,0,1,5,15,65,316,1546,7771,39223,198912
round_shots,100,100,100,100,100,100,100,100,100,100
round_queries,100,300,1100,3700,16900,80300,395100,1988100,10023300,50768500
round_k,0,1,5,18,84,401,1975,9940,50116,253842
round_shots,100,100,100,100,100,100,100,100,100,100
round_queries,100,300,700,3300,15100,69700,340700,1657700,7903300,40053500
round_k,0,1,3,16,75,348,1703,8288,39516,200267
round_shots,100,100,100,100,100,100,100,100,100,100
round_queries,100,300,1100,4300,20700,95900,472300,2385300,12036500,60823500
round_k,0,1,5,21,103,479,2361,11926,60182,304117
round_shots,200,100,100,100,100,100,100,100,100
round_queries,200,500,1500,6300,29500,149100,747500,3743900,18895700
round_k,0,2,7,31,147,745,3737,18719,94478
round_shots,300,100,100,100,100,100,100,100,100
round_queries,300,500,2300,9100,41900,201500,1008100,5083500,25730900
round_k,0,2,11,45,209,1007,5040,25417,128654
round_shots,200,100,100,100,100,100,100,100,100,100
round_queries,200,300,1100,3700,17300,79300,391300,1952500,9790900,49475700
round_k,0,1,5,18,86,396,1956,9762,48954,247378
round_shots,100,100,100,100,100,100,100,100,100
round_queries,100,300,1500,7100,34700,173500,873100,4423900,22427500
round_k,0,1,7,35,173,867,4365,22119,112137
round_shots,200,100,100,100,100,100,100,100,100,100
round_queries,200,300,1100,4100,19900,92500,459700,2310900,11629700,58965700
round_k,0,1,5,20,99,462,2298,11554,58148,294828
round_shots,100,100,100,100,100,100,100,100,100,100
round_queries,100,300,1100,4100,18100,88300,433500,2178900,10957500,55550300
round_k,0,1,5,20,90,441,2167,10894,54787,277751
round_shots,200,100,100,100,100,100,100,100,100
round_queries,200,700,2700,11300,54500,265700,1321100,6639700,33610100
round_k,0,3,13,56,272,1328,6605,33198,168050
round_shots,200,200,100,100,100,100,100,100,100,100
round_queries,200,600,1500,5300,24700,122100,601900,3028300,15222500,77229900
round_k,0,1,7,26,123,610,3009,15141,76112,386149
round_shots,100,100,100,100,100,100,100,100,100,100
round_queries,100,300,1100,5100,24700,120100,595300,2980300,14998100,76138300
round_k,0,1,5,25,123,600,2976,14901,74990,380691
round_shots,100,100,100,100,100,100,100,100,100,100
round_queries,100,300,1100,5100,22900,114300,563300,2848900,14391500,72900100
round_k,0,1,5,25,114,571,2816,14244,71957,364500
round_shots,100,100,100,100,100,100,100,100,100,100
round_queries,100,300,1100,4300,19900,99500,494100,2471900,12497900,63346700
round_k,0,1,5,21,99,497,2470,12359,62489,316733
round_shots,100,100,100,100,100,100,100,100,100,100
round_queries,100,300,1500,5900,27900,128300,600900,2926700,14526500,73309900
round_k,0,1,7,29,139,641,3004,14633,72632,366549
round_shots,200,100,100,100,100,100,100,100,100,100
round_queries,200,300,1100,4100,19100,93900,467900,2346700,11861500,60177300
round_k,0,1,5,20,95,469,2339,11733,59307,300886
round_shots,100,100,100,100,100,100,100,100,100
round_queries,100,300,1500,5700,26700,132100,653900,3294500,16672900
round_k,0,1,7,28,133,660,3269,16472,83364
round_shots,100,100,100,100,100,100,100,100,100,100
round_queries,100,300,700,3300,15100,74100,365900,1829500,9183500,46331700
round_k,0,1,3,16,75,370,1829,9147,45917,231658
round_shots,200,100,100,100,100,100,100,100,100,100
round_queries,200,300,1100,4500,19900,99100,486500,2456900,12353100,62642100
round_k,0,1,5,22,99,495,2432,12284,61765,313210
round_shots,100,100,100,100,100,100,100,100,100
round_queries,100,300,1300,6900,32900,156700,772900,3897900,19800900
round_k,0,1,6,34,164,783,3864,19489,99004
round_shots,200,100,100,100,100,100,100,100,100
round_queries,200,500,1900,8500,39900,197100,990500,5000100,25274500
round_k,0,2,9,42,199,985,4952,25000,126372
round_shots,100,100,100,100,100,100,100,100,100,100
round_queries,100,300,1100,4700,21900,107900,541500,2700300,13677700,69316100
round_k,0,1,5,23,109,539,2707,13501,68388,346580
round_shots,200,100,100,100,100,100,100,100,100,100
round_queries,200,300,1100,3500,16900,80300,391900,1978300,9938100,49928900
round_k,0,1,5,17,84,401,1959,9891,49690,249644
round_shots,200,100,100,100,100,100,100,100,100,100
round_queries,200,300,700,2900,13300,65100,326900,1647500,8298100,42043900
round_k,0,1,3,14,66,325,1634,8237,41490,210219
round_shots,100,100,100,100,100,100,100,100,100,100
round_queries,100,300,1100,4100,19300,93500,450900,2257700,11384900,57692900
round_k,0,1,5,20,96,467,2254,11288,56924,288464
round_shots,100,200,100,100,100,100,100,100,100,100
round_queries,100,600,1100,4700,22100,109500,548700,2768700,14020700,71059100
round_k,0,1,5,23,110,547,2743,13843,70103,355295
round_shots,100,100,100,100,100,100,100,100,100
round_queries,100,300,1500,7100,34900,171700,859700,4342500,21974700
round_k,0,1,7,35,174,858,4298,21712,109873
round_shots,100,100,100,100,100,100,100,100,100,100
round_queries,100,300,1100,4500,20100,98100,486300,2443900,12265100,62172300
round_k,0,1,5,22,100,490,2431,12219,61325,310861
round_shots,100,100,100,100,100,100,100,100,100,100
round_queries,100,300,700,3500,16100,74700,371500,1862100,9402900,47383500
round_k,0,1,3,17,80,373,1857,9310,47014,236917
round_shots,100,100,100,100,100,100,100,100,100,100
round_queries,100,300,1100,4900,22900,115100,574500,2901700,14545700,73557100
round_k,0,1,5,24,114,575,2872,14508,72728,367785
round_shots,100,100,100,100,100,100,100,100,100
round_queries,100,500,1900,9100,42700,207700,1035500,5224300,26494700
round_k,0,2,9,45,213,1038,5177,26121,132473
round_shots,100,100,100,100,100,100,100,100,100,100
round_queries,100,300,700,2300,9100,41900,207900,1038500,5206500,26370300
round_k,0,1,3,11,45,209,1039,5192,26032,131851
round_shots,200,100,100,100,100,100,100,100,100,100
round_queries,200,300,700,3300,14500,70700,357300,1805700,9094300,45935500
round_k,0,1,3,16,72,353,1786,9028,45471,229677
round_shots,100,100,100,100,100,100,100,100,100,100
round_queries,100,300,1100,4100,20100,98500,487700,2447900,12342100,62604900
round_k,0,1,5,20,100,492,2438,12239,61710,313024
round_shots,200,100,100,100,100,100,100,100,100,100
round_queries,200,300,1100,4500,19900,97300,481100,2414900,12190300,61513900
round_k,0,1,5,22,99,486,2405,12074,60951,307569
round_shots,100,100,100,100,100,100,100,100,100,100
round_queries,100,300,1100,4500,20300,95900,481300,2428500,12287500,62270700
round_k,0,1,5,22,101,479,2406,12142,61437,311353
round_shots,100,100,100,100,100,100,100,100,100
round_queries,100,300,1500,6300,29500,141300,705300,3558500,18013300
round_k,0,1,7,31,147,706,3526,17792,90066
round_shots,200,100,100,100,100,100,100,100,100,100
round_queries,200,300,1100,4700,19900,97900,460700,2318300,11764300,59459900
round_k,0,1,5,23,99,489,2303,11591,58821,297299
round_shots,100,100,100,100,100,100,100,100,100,100
round_queries,100,300,700,3300,15300,70900,338500,1708500,8526700,43140500
round_k,0,1,3,16,76,354,1692,8542,42633,215702
round_shots,100,100,100,100,100,100,100,100,100
round_queries,100,300,1500,5900,27900,137900,694500,3494700,17755900
round_k,0,1,7,29,139,689,3472,17473,88779
round_shots,200,100,100,100,100,100,100,100,100,100
round_queries,200,300,1100,4100,20500,98300,487500,2458100,12463300,63246300
round_k,0,1,5,20,102,491,2437,12290,62316,316231
round_shots,100,100,100,100,100,100,100,100,100
round_queries,100,500,2300,9100,41700,208100,1033900,5218300,26380700
round_k,0,2,11,45,208,1040,5169,26091,131903
round_shots,300,100,100,100,100,100,100,100,100,100
round_queries,300,300,1100,4700,22700,111500,550500,2769100,13858900,70127300
round_k,0,1,5,23,113,557,2752,13845,69294,350636
round_shots,200,100,100,100,100,100,100,100,100,100
round_queries,200,300,700,2700,12700,59100,293100,1447100,7229900,36609300
round_k,0,1,3,13,63,295,1465,7235,36149,183046
round_shots,200,100,100,100,100,100,100,100,100
round_queries,200,300,1500,5300,26300,132300,660500,3336900,16814500
round_k,0,1,7,26,131,661,3302,16684,84072
round_shots,200,100,100,100,100,100,100,100,100,100
round_queries,200,300,700,2500,11300,54900,269500,1361700,6848300,34684100
round_k,0,1,3,12,56,274,1347,6808,34241,173420
round_shots,300,100,100,100,100,100,100,100,100,100
round_queries,300,300,700,2300,10100,50100,249300,1249700,6313700,31650500
round_k,0,1,3,11,50,250,1246,6248,31568,158252
round_shots,100,100,100,100,100,100,100,100,100,100
round_queries,100,300,1100,4100,18500,90900,441700,2205300,11161700,56636700
round_k,0,1,5,20,92,454,2208,11026,55808,283183
round_shots,200,100,100,100,100,100,100,100,100,100
round_queries,200,300,1500,5300,24900,118500,565100,2828300,14269100,72312100
round_k,0,1,7,26,124,592,2825,14141,71345,361560
round_shots,100,100,100,100,100,100,100,100,100,100
round_queries,100,300,1100,3700,16700,78100,389700,1926300,9711500,49209700
round_k,0,1,5,18,83,390,1948,9631,48557,246048
round_shots,100,100,100,100,100,100,100,100,100,100
round_queries,100,300,1100,4900,22300,112100,559700,2818500,14270700,72513700
round_k,0,1,5,24,111,560,2798,14092,71353,362568
round_shots,100,100,100,100,100,100,100,100,100,100
round_queries,100,300,700,2300,9900,48900,238900,1209500,6070500,30472300
round_k,0,1,3,11,49,244,1194,6047,30352,152361
round_shots,200,100,100,100,100,100,100,100,100,100
round_queries,200,300,1100,4100,20500,95100,469100,2359100,11869300,59276500
round_k,0,1,5,20,102,475,2345,11795,59346,296382
round_shots,100,100,100,100,100,100,100,100,100,100
round_queries,100,300,1100,4700,21300,103500,512900,2565900,12906100,65194100
round_k,0,1,5,23,106,517,2564,12829,64530,325970
round_shots,200,100,100,100,100,100,100,100,100,100
round_queries,200,300,1100,3700,15500,73900,360100,1826500,9212900,46639300
round_k,0,1,5,18,77,369,1800,9132,46064,233196
round_shots,100,100,100,100,100,100,100,100,100,100
round_queries,100,300,1100,4500,21500,105900,532700,2690900,13540100,68449100
round_k,0,1,5,22,107,529,2663,13454,67700,342245
round_shots,200,100,100,100,100,100,100,100,100,100
round_queries,200,300,1100,4100,20100,97100,485500,2453300,12403100,62895900
round_k,0,1,5,20,100,485,2427,12266,62015,314479
round_shots,200,100,100,100,100,100,100,100,100
round_queries,200,300,1500,6700,33100,156700,781500,3942900,19857500
round_k,0,1,7,33,165,783,3907,19714,99287
round_shots,100,100,100,100,100,100,100,100,100,100
round_queries,100,300,1100,3100,12100,58100,284100,1436700,7254700,36798700
round_k,0,1,5,15,60,290,1420,7183,36273,183993
round_shots,200,100,100,100,100,100,100,100,100,100
round_queries,200,300,1100,5100,23100,110300,522100,2556700,12958700,65037500
round_k,0,1,5,25,115,551,2610,12783,64793,325187
round_shots,200,100,100,100,100,100,100,100,100,100
round_queries,200,300,1100,5100,23900,120300,595100,2866500,14282700,72265500
round_k,0,1,5,25,119,601,2975,14332,71413,361327
round_shots,100,100,100,100,100,100,100,100,100,100
round_queries,100,300,1100,5100,21700,104700,526900,2649900,13385500,67490900
round_k,0,1,5,25,108,523,2634,13249,66927,337454
round_shots,100,100,100,100,100,100,100,100,100,100
round_queries,100,300,700,1900,7100,33500,160900,795300,4030500,20354300
round_k,0,1,3,9,35,167,804,3976,20152,101771
round_shots,200,100,100,100,100,100,100,100,100,100
round_queries,200,300,700,2500,10900,52500,245700,1225300,6158900,31148900
round_k,0,1,3,12,54,262,1228,6126,30794,155744
round_shots,200,100,100,100,100,100,100,100,100,100
round_queries,200,300,1100,4100,20500,98500,461300,2202300,11099700,55767500
round_k,0,1,5,20,102,492,2306,11011,55498,278837
round_shots,200,100,100,100,100,100,100,100,100,100
round_queries,200,300,1100,4500,20700,98900,490900,2478700,12448900,63080500
round_k,0,1,5,22,103,494,2454,12393,62244,315402
round_shots,200,100,100,100,100,100,100,100,100,100
round_queries,200,300,1100,5500,24900,117100,581500,2906900,14648900,74092700
round_k,0,1,5,27,124,585,2907,14534,73244,370463
round_shots,200,100,100,100,100,100,100,100,100,100
round_queries,200,300,1100,5100,22100,105500,526500,2645900,13270700,67117700
round_k,0,1,5,25,110,527,2632,13229,66353,335588
round_shots,200,100,100,100,100,100,100,100,100,100
round_queries,200,300,1100,4100,20500,103500,514900,2553100,12859900,65245900
round_k,0,1,5,20,102,517,2574,12765,64299,326229
round_shots,200,100,100,100,100,100,100,100,100
round_queries,200,300,1500,7100,32700,152700,736900,3684300,18574300
round_k,0,1,7,35,163,763,3684,18421,92871
round_shots,300,100,100,100,100,100,100,100,100,100
round_queries,300,300,1100,4100,18900,90700,446300,2230700,11351100,57531700
round_k,0,1,5,20,94,453,2231,11153,56755,287658
round_shots,100,100,100,100,100,100,100,100,100,100
round_queries,100,300,1100,4100,17100,80500,388500,1945100,9750300,49502900
round_k,0,1,5,20,85,402,1942,9725,48751,247514
round_shots,200,100,100,100,100,100,100,100,100,100
round_queries,200,300,1100,4900,23700,112300,566700,2854700,14332300,72572500
round_k,0,1,5,24,118,561,2833,14273,71661,362862
round_shots,100,100,100,100,100,100,100,100,100,100
round_queries,100,300,1100,3700,16300,80100,400700,1997300,10122100,51130500
round_k,0,1,5,18,81,400,2003,9986,50610,255652
round_shots,200,100,100,100,100,100,100,100,100,100
round_queries,200,300,700,2900,12900,62500,301900,1520100,7686500,38973100
round_k,0,1,3,14,64,312,1509,7600,38432,194865
round_shots,100,100,100,100,100,100,100,100,100,100
round_queries,100,300,1100,4100,20100,94900,443100,2169900,10972100,55616300
round_k,0,1,5,20,100,474,2215,10849,54860,278081
round_shots,200,100,100,100,100,100,100,100,100,100
round_queries,200,300,1100,4500,21900,104100,501300,2526300,12731500,64601300
round_k,0,1,5,22,109,520,2506,12631,63657,323006
round_shots,200,100,100,100,100,100,100,100,100,100
round_queries,200,300,1100,4700,20900,97900,488100,2440500,14841300,75811300
round_k,0,1,5,23,104,489,2440,12202,74206,379056
round_shots,100,100,100,100,100,100,100,100,100,100
round_queries,100,300,1100,4500,20900,102500,509100,2551300,12847900,65140300
round_k,0,1,5,22,104,512,2545,12756,64239,325701
round_shots,100,100,100,100,100,100,100,100,100,100
round_queries,100,300,1100,3700,18100,88900,434300,2174100,10969500,55562900
round_k,0,1,5,18,90,444,2171,10870,54847,277814
round_shots,200,100,100,100,100,100,100,100,100
round_queries,200,500,1900,7900,38300,185300,934500,4716700,23850100
round_k,0,2,9,39,191,926,4672,23583,119250
round_shots,100,100,100,100,100,100,100,100,100,100
round_queries,100,300,700,2900,11500,54300,265100,1329300,6709300,33993300
round_k,0,1,3,14,57,271,1325,6646,33546,169966
round_shots,100,100,100,100,100,100,100,100,100,100
round_queries,100,300,1100,4700,20900,98300,459100,2189300,11072700,55617700
round_k,0,1,5,23,104,491,2295,10946,55363,278088
round_shots,100,100,100,100,100,100,100,100,100,100
round_queries,100,300,1100,4900,21300,105100,525100,2636300,13335100,67427900
round_k,0,1,5,24,106,525,2625,13181,66675,337139
round_shots,200,100,100,100,100,100,100,100,100,100
round_queries,200,300,700,2700,12700,59300,292500,1483500,7426700,37569100
round_k,0,1,3,13,63,296,1462,7417,37133,187845
round_shots,200,100,100,100,100,100,100,100,100,100
round_queries,200,300,1100,5100,23700,113300,559900,2812300,14227100,72123900
round_k,0,1,5,25,118,566,2799,14061,71135,360619
round_shots,100,100,100,100,100,100,100,100,100,100
round_queries,100,300,700,2300,10700,51100,246500,1229900,6184900,31165100
round_k,0,1,3,11,53,255,1232,6149,30924,155825
round_shots,200,100,100,100,100,100,100,100,100,100
round_queries,200,300,1100,5100,24300,121500,595900,2995500,15091500,76154700
round_k,0,1,5,25,121,607,2979,14977,75457,380773
round_shots,100,100,100,100,100,100,100,100,100,100
round_queries,100,300,700,3300,15700,75100,369100,1840300,9316500,47133700
round_k,0,1,3,16,78,375,1845,9201,46582,235668
round_shots,200,100,100,100,100,100,100,100,100,100
round_queries,200,300,1100,4100,19500,94900,467500,2365300,11951700,60380500
round_k,0,1,5,20,97,474,2337,11826,59758,301902
round_shots,200,100,100,100,100,100,100,100,100,100
round_queries,200,300,1100,4100,19500,96500,479700,2408300,12113700,61540300
round_k,0,1,5,20,97,482,2398,12041,60568,307701
round_shots,200,100,100,100,100,100,100,100,100,100
round_queries,200,300,700,2700,10900,54100,264300,1307900,6601100,33462100
round_k,0,1,3,13,54,270,1321,6539,33005,167310
round_shots,100,100,100,100,100,100,100,100,100,100
round_queries,100,300,1100,4500,19700,92500,455100,2276100,11412500,57249500
round_k,0,1,5,22,98,462,2275,11380,57062,286247
round_shots,200,100,100,100,100,100,100,100,100,100
round_queries,200,300,700,2300,10500,50300,239500,1161100,5886300,29780700
round_k,0,1,3,11,52,251,1197,5805,29431,148903
round_shots,100,100,100,100,100,100,100,100,100,100
round_queries,100,300,1100,4900,24100,116300,570300,2857900,14436100,73269700
round_k,0,1,5,24,120,581,2851,14289,72180,366348
round_shots,200,100,100,100,100,100,100,100,100
round_queries,200,300,1500,6300,28100,138700,683300,3429700,17291900
round_k,0,1,7,31,140,693,3416,17148,86459
round_shots,100,100,100,100,100,100,100,100,100,100
round_queries,100,300,1100,4100,18900,95300,475900,2362300,11939300,60491100
round_k,0,1,5,20,94,476,2379,11811,59696,302455
round_shots,100,100,100,100,100,100,100,100,100,100
round_queries,100,300,1100,3700,17300,81500,405900,2031500,10295300,52013100
round_k,0,1,5,18,86,407,2029,10157,51476,260065
round_shots,200,100,100,100,100,100,100,100,100,100
round_queries,200,300,900,2700,11700,57900,284900,1425900,7107100,35993900
round_k,0,1,4,13,58,289,1424,7129,35535,179969
round_shots,200,100,100,100,100,100,100,100,100,100
round_queries,200,300,1100,3700,17700,86500,426100,2129100,10735500,54511300
round_k,0,1,5,18,88,432,2130,10645,53677,272556
round_shots,100,100,100,100,100,100,100,100,100,100
round_queries,100,300,1100,4100,18300,91500,458100,2305300,11523900,58393100
round_k,0,1,5,20,91,457,2290,11526,57619,291965
round_shots,200,100,100,100,100,100,100,100,100
round_queries,200,300,1500,6700,30900,150300,748300,3757100,18960900
round_k,0,1,7,33,154,751,3741,18785,94804
round_shots,100,100,100,100,100,100,100,100,100,100
round_queries,100,300,1100,5100,24900,121500,609700,3053700,15348900,77794500
round_k,0,1,5,25,124,607,3048,15268,76744,388972
round_shots,100,100,100,100,100,100,100,100,100,100
round_queries,100,300,1100,4900,23700,114900,575100,2911900,14647100,74228700
round_k,0,1,5,24,118,574,2875,14559,73235,371143
round_shots,200,100,100,100,100,100,100,100,100,100
round_queries,200,300,1100,4500,21500,102300,504100,2516900,12714700,64532500
round_k,0,1,5,22,107,511,2520,12584,63573,322662
round_shots,100,100,100,100,100,100,100,100,100,100
round_queries,100,300,1100,4500,22300,108300,541100,2707900,13668500,69183100
round_k,0,1,5,22,111,541,2705,13539,68342,345915
round_shots,100,100,100,100,100,100,100,100,100,100
round_queries,100,300,700,2300,9500,45300,217900,1088700,5457900,27683100
round_k,0,1,3,11,47,226,1089,5443,27289,138415
round_shots,200,100,100,100,100,100,100,100,100,100
round_queries,200,300,1100,3700,17700,88700,442100,2235900,11313700,57271300
round_k,0,1,5,18,88,443,2210,11179,56568,286356
round_shots,100,100,100,100,100,100,100,100,100,100
round_queries,100,300,1100,4100,17500,82700,410300,2067900,10447900,52723100
round_k,0,1,5,20,87,413,2051,10339,52239,263615
round_shots,100,100,100,100,100,100,100,100,100,100
round_queries,100,300,1100,4900,20900,104300,512300,2586700,13047900,66174300
round_k,0,1,5,24,104,521,2561,12933,65239,330871
round_shots,100,100,100,100,100,100,100,100,100,100
round_queries,100,300,1100,4500,21500,104700,516300,2611500,13060300,65846100
round_k,0,1,5,22,107,523,2581,13057,65301,329230
round_shots,100,100,100,100,100,100,100,100,100,100
round_queries,100,300,1100,5100,24700,120500,597500,3010900,15220900,76847700
round_k,0,1,5,25,123,602,2987,15054,76104,384238
round_shots,100,100,100,100,100,100,100,100,100,100
round_queries,100,300,700,2300,10500,48700,237300,1188900,5994300,30390700
round_k,0,1,3,11,52,243,1186,5944,29971,151953
round_shots,200,100,100,100,100,100,100,100,100,100
round_queries,200,300,700,2900,12900,63300,316900,1579900,7934500,40212700
round_k,0,1,3,14,64,316,1584,7899,39672,201063
round_shots,200,100,100,100,100,100,100,100,100
round_queries,200,300,1500,7500,35900,179700,898100,4537700,22974900
round_k,0,1,7,37,179,898,4490,22688,114874
round_shots,100,100,100,100,100,100,100,100,100,100
round_queries,100,300,1100,3700,17500,84100,414500,2087900,10555300,53320300
round_k,0,1,5,18,87,420,2072,10439,52776,266601
round_shots,200,100,100,100,100,100,100,100,100,100
round_queries,200,300,700,3100,13700,65500,326100,1621500,8140700,41344500
round_k,0,1,3,15,68,327,1630,8107,40703,206722
round_shots,100,100,100,100,100,100,100,100,100
round_queries,100,300,1100,5500,25900,130100,648500,3262300,16372700
round_k,0,1,5,27,129,650,3242,16311,81863
round_shots,300,100,100,100,100,100,100,100,100,100
round_queries,300,300,1100,4700,21500,101500,505900,2541500,12828300,64868100
round_k,0,1,5,23,107,507,2529,12707,64141,324340
round_shots,200,100,100,100,100,100,100,100,100,100
round_queries,200,300,1100,4900,23900,115500,575500,2886100,14582900,73933500
round_k,0,1,5,24,119,577,2877,14430,72914,369667
round_shots,100,100,100,100,100,100,100,100,100
round_queries,100,500,1900,8100,40700,205900,1020900,5162100,26164100
round_k,0,2,9,40,203,1029,5104,25810,130820
round_shots,200,100,100,100,100,100,100,100,100,100
round_queries,200,300,700,2700,11300,55700,281100,1410500,7099300,35989700
round_k,0,1,3,13,56,278,1405,7052,35496,179948
round_shots,100,100,100,100,100,100,100,100,100,100
round_queries,100,300,1100,3700,16300,76300,374700,1891300,9584700,48138500
round_k,0,1,5,18,81,381,1873,9456,47923,240692
round_shots,200,100,100,100,100,100,100,100,100,100
round_queries,200,300,1100,3100,15300,72300,359700,1821100,9216100,46744700
round_k,0,1,5,15,76,361,1798,9105,46080,233723
round_shots,100,100,100,100,100,100,100,100,100,100
round_queries,100,300,1100,4100,19700,97900,485300,2437100,12313700,62437900
round_k,0,1,5,20,98,489,2426,12185,61568,312189
round_shots,100,100,100,100,100,100,100,100,100
round_queries,100,300,1500,6900,29900,145700,733500,3678100,18502700
round_k,0,1,7,34,149,728,3667,18390,92513
round_shots,100,100,100,100,100,100,100,100,100,100
round_queries,100,300,1100,4500,20500,101700,499700,2528900,12731700,64373700
round_k,0,1,5,22,102,508,2498,12644,63658,321868
round_shots,100,100,100,100,100,100,100,100,100,100
round_queries,100,300,1100,3700,17300,81500,407700,2045100,10284900,51819300
round_k,0,1,5,18,86,407,2038,10225,51424,259096
round_shots,100,100,100,100,100,100,100,100,100,100
round_queries,100,300,1100,4700,20700,101300,500500,2516100,12727900,64604900
round_k,0,1,5,23,103,506,2502,12580,63639,323024
round_shots,100,100,100,100,100,100,100,100,100,100
round_queries,100,300,1100,4700,23300,112300,538700,2696500,13634700,69012500
round_k,0,1,5,23,116,561,2693,13482,68173,345062
round_shots,200,100,100,100,100,100,100,100,100,100
round_queries,200,300,1100,4100,17900,82100,404300,2042100,10315700,52274300
round_k,0,1,5,20,89,410,2021,10210,51578,261371
round_shots,100,100,100,100,100,100,100,100,100,100
round_queries,100,300,1100,3100,15300,74300,368500,1855500,9340300,47427900
round_k,0,1,5,15,76,371,1842,9277,46701,237139
round_shots,200,100,100,100,100,100,100,100,100,100
round_queries,200,300,700,3300,15500,74900,378700,1895300,9527100,48364900
round_k,0,1,3,16,77,374,1893,9476,47635,241824
round_shots,100,100,100,100,100,100,100,100,100,100
round_queries,100,300,1100,4500,20900,104100,522900,2633500,13222300,67038700
round_k,0,1,5,22,104,520,2614,13167,66111,335193
round_shots,200,100,100,100,100,100,100,100,100
round_queries,200,500,1900,8500,39100,191300,965300,4862700,24614900
round_k,0,2,9,42,195,956,4826,24313,123074
round_shots,200,100,100,100,100,100,100,100,100
round_queries,200,300,1500,6100,28300,141700,706500,3552300,17843100
round_k,0,1,7,30,141,708,3532,17761,89215
round_shots,100,100,100,100,100,100,100,100,100,100
round_queries,100,300,700,2900,12500,60900,303100,1528900,7730900,39148700
round_k,0,1,3,14,62,304,1515,7644,38654,195743
round_shots,100,100,100,100,100,100,100,100,100,100
round_queries,100,300,1100,5100,24900,123300,600700,2992900,15097100,76533700
round_k,0,1,5,25,124,616,3003,14964,75485,382668
round_shots,200,100,100,100,100,100,100,100,100,100
round_queries,200,300,700,2900,12500,60300,294500,1482700,7465100,37812300
round_k,0,1,3,14,62,301,1472,7413,37325,189061
round_shots,200,100,100,100,100,100,100,100,100,100
round_queries,200,300,1100,4100,17700,83500,415500,2070700,10483900,53124100
round_k,0,1,5,20,88,417,2077,10353,52419,265620
round_shots,200,100,100,100,100,100,100,100,100,100
round_queries,200,300,1100,5300,24700,119500,602900,3034300,15362500,77999100
round_k,0,1,5,26,123,597,3014,15171,76812,389995
round_shots,300,100,100,100,100,100,100,100,100,100
round_queries,300,300,700,2300,9700,46300,226900,1368300,7259500,36689300
round_k,0,1,3,11,48,231,1134,6841,36297,183446
round_shots,200,100,100,100,100,100,100,100,100,100
round_queries,200,300,700,2900,14500,71900,350100,1762500,8911700,44984900
round_k,0,1,3,14,72,359,1750,8812,44558,224924
round_shots,200,100,100,100,100,100,100,100,100,100
round_queries,200,300,700,2700,12900,63100,307100,1462700,7311300,37059100
round_k,0,1,3,13,64,315,1535,7313,36556,185295
round_shots,100,100,100,100,100,100,100,100,100,100
round_queries,100,300,1100,5100,24700,117700,588500,2960900,14893300,75415500
round_k,0,1,5,25,123,588,2942,14804,74466,377077
round_shots,200,100,100,100,100,100,100,100,100,100
round_queries,200,300,1100,3700,18300,86100,430500,2169900,10965500,55650500
round_k,0,1,5,18,91,430,2152,10849,54827,278252
round_shots,200,100,100,100,100,100,100,100,100,100
round_queries,200,300,700,2500,11700,53700,265300,1311100,6605900,33474300
round_k,0,1,3,12,58,268,1326,6555,33029,167371
round_shots,200,100,100,100,100,100,100,100,100
round_queries,200,500,1900,8500,40300,204100,1017300,5122500,25949700
round_k,0,2,9,42,201,1020,5086,25612,129748
round_shots,100,100,100,100,100,100,100,100,100,100
round_queries,100,300,1100,4500,21100,101900,503900,2556100,12956500,65349700
round_k,0,1,5,22,105,509,2519,12780,64782,326748
round_shots,200,100,100,100,100,100,100,100,100,100
round_queries,200,300,1500,5300,25100,123700,603700,3042700,15360700,77462700
round_k,0,1,7,26,125,618,3018,15213,76803,387313
round_shots,100,100,100,100,100,100,100,100,100,100
round_queries,100,300,1100,4100,19100,89300,441700,2236900,11258700,57058700
round_k,0,1,5,20,95,446,2208,11184,56293,285293
round_shots,200,100,100,100,100,100,100,100,100,100
round_queries,200,300,1100,5100,25700,118500,575300,2726100,12769500,60968900
round_k,0,1,5,25,128,592,2876,13630,63847,304844
round_shots,300,100,100,100,100,100,100,100,100
round_queries,300,500,1500,7500,36100,176100,877300,4399300,22147100
round_k,0,2,7,37,180,880,4386,21996,110735
round_shots,200,100,100,100,100,100,100,100,100,100
round_queries,200,300,1100,4100,18900,90500,449900,2248500,11322700,57462500
round_k,0,1,5,20,94,452,2249,11242,56613,287312
round_shots,100,100,100,100,100,100,100,100,100,100
round_queries,100,300,700,1900,7500,33700,167700,823900,4168700,21057900
round_k,0,1,3,9,37,168,838,4119,20843,105289
round_shots,100,100,100,100,100,100,100,100,100,100
round_queries,100,300,1100,4500,20500,99700,500900,2509100,12669300,64222900
round_k,0,1,5,22,102,498,2504,12545,63346,321114
round_shots,100,100,100,100,100,100,100,100,100,100
round_queries,100,300,1100,4100,19700,92300,453500,2274900,11516900,58465900
round_k,0,1,5,20,98,461,2267,11374,57584,292329
round_shots,100,100,100,100,100,100,100,100,100,100
round_queries,100,300,1100,4500,20900,99500,499300,2482900,12454500,63109100
round_k,0,1,5,22,104,497,2496,12414,62272,315545
round_shots,200,100,100,100,100,100,100,100,100,100
round_queries,200,300,1100,4100,20500,102300,503500,2651300,13317100,67527900
round_k,0,1,5,20,102,511,2517,13256,66585,337639
round_shots,200,100,100,100,100,100,100,100,100,100
round_queries,200,300,1100,4500,22300,108300,533300,2693300,13636700,68558900
round_k,0,1,5,22,111,541,2666,13466,68183,342794
round_shots,200,100,100,100,100,100,100,100,100
round_queries,200,300,1500,6700,32700,158900,797500,4006300,20232100
round_k,0,1,7,33,163,794,3987,20031,101160
round_shots,200,100,100,100,100,100,100,100,100,100
round_queries,200,300,1100,4100,18500,87100,425900,2127700,10767100,54597300
round_k,0,1,5,20,92,435,2129,10638,53835,272986
round_shots,200,100,100,100,100,100,100,100,100,100
round_queries,200,300,1100,4500,20100,94100,468500,2354900,11835500,59730100
round_k,0,1,5,22,100,470,2342,11774,59177,298650
round_shots,200,100,100,100,100,100,100,100,100,100
round_queries,200,300,1100,3700,16300,76500,392500,2064100,10341100,52323100
round_k,0,1,5,18,81,382,1962,10320,51705,261615
round_shots,200,100,100,100,100,100,100,100,100,100
round_queries,200,300,1100,4500,20900,99100,486700,2447700,12370500,62716900
round_k,0,1,5,22,104,495,2433,12238,61852,313584
round_shots,100,100,100,100,100,100,100,100,100,100
round_queries,100,300,1100,3700,17300,86700,436500,2194500,11105700,56212500
round_k,0,1,5,18,86,433,2182,10972,55528,281062
round_shots,100,100,100,100,100,100,100,100,100,100
round_queries,100,300,1100,4700,21500,105900,519900,2613300,13219900,66821300
round_k,0,1,5,23,107,529,2599,13066,66099,334106
round_shots,100,100,100,100,100,100,100,100,100,100
round_queries,100,300,1100,4900,21300,107300,533100,2686900,13527300,68712100
round_k,0,1,5,24,106,536,2665,13434,67636,343560
round_shots,200,100,100,100,100,100,100,100,100,100
round_queries,200,300,1100,3700,15900,77700,392300,1950700,9835700,49903100
round_k,0,1,5,18,79,388,1961,9753,49178,249515
round_shots,100,100,100,100,100,100,100,100,100,100
round_queries,100,300,700,2500,11300,53900,264300,1321700,6650700,33630300
round_k,0,1,3,12,56,269,1321,6608,33253,168151
round_shots,200,100,100,100,100,100,100,100,100
round_queries,200,500,1900,7500,33900,161900,804900,4037100,20441900
round_k,0,2,9,37,169,809,4024,20185,102209
round_shots,200,100,100,100,100,100,100,100,100,100
round_queries,200,300,1100,4900,22100,113900,565300,2826700,14335700,72700500
round_k,0,1,5,24,110,569,2826,14133,71678,363502
round_shots,200,100,100,100,100,100,100,100,100,100
round_queries,200,300,1100,3500,15500,77500,382900,1900700,9633900,48582100
round_k,0,1,5,17,77,387,1914,9503,48169,242910
round_shots,100,100,100,100,100,100,100,100,100,100
round_queries,100,300,1100,5100,23500,116300,585700,2963700,15026900,76027300
round_k,0,1,5,25,117,581,2928,14818,75134,380136
round_shots,200,100,100,100,100,100,100,100,100,100
round_queries,200,300,1100,3700,17300,85900,429500,2173300,10959100,55495900
round_k,0,1,5,18,86,429,2147,10866,54795,277479
round_shots,100,100,100,100,100,100,100,100,100,100
round_queries,100,300,700,2300,8700,41500,204100,1016500,5142500,26011300
round_k,0,1,3,11,43,207,1020,5082,25712,130056
round_shots,300,100,100,100,100,100,100,100,100
round_queries,300,500,1900,8900,41100,199100,983900,4952300,25053900
round_k,0,2,9,44,205,995,4919,24761,125269
round_shots,100,100,100,100,100,100,100,100,100,100
round_queries,100,300,1100,3700,17500,85900,433100,2195300,11076700,67517700
round_k,0,1,5,18,87,429,2165,10976,55383,337588
round_shots,100,100,100,100,100,100,100,100,100,100
round_queries,100,300,1100,4900,21900,106500,526300,2647100,13324100,67535900
round_k,0,1,5,24,109,532,2631,13235,66620,337679
round_shots,100,100,100,100,100,100,100,100,100
round_queries,100,300,1100,5100,23300,111900,549500,2767500,16724300
round_k,0,1,5,25,116,559,2747,13837,83621
round_shots,200,100,100,100,100,100,100,100,100,100
round_queries,200,300,1100,3700,17300,85500,416700,2085500,10504900,53252500
round_k,0,1,5,18,86,427,2083,10427,52524,266262
round_shots,100,100,100,100,100,100,100,100,100
round_queries,100,300,1100,5500,26900,134100,653900,3298100,16653300
round_k,0,1,5,27,134,670,3269,16490,83266
round_shots,100,100,100,100,100,100,100,100,100,100
round_queries,100,300,1100,4500,19700,92500,458700,2314700,11660100,59147100
round_k,0,1,5,22,98,462,2293,11573,58300,295735
round_shots,200,100,100,100,100,100,100,100,100,100
round_queries,200,300,1100,4500,20100,97500,487500,2456300,12435300,63011500
round_k,0,1,5,22,100,487,2437,12281,62176,315057
round_shots,100,100,100,100,100,100,100,100,100,100
round_queries,100,300,1100,3700,17500,85100,422900,2138900,10690300,53849100
round_k,0,1,5,18,87,425,2114,10694,53451,269245
round_shots,200,100,100,100,100,100,100,100,100,100
round_queries,200,300,1100,4500,21300,105300,518900,2610300,13136300,66563500
round_k,0,1,5,22,106,526,2594,13051,65681,332817
round_shots,200,100,100,100,100,100,100,100,100,100
round_queries,200,300,1100,3700,16900,79500,397500,1989500,9997500,50385100
round_k,0,1,5,18,84,397,1987,9947,49987,251925
round_shots,200,100,100,100,100,100,100,100,100,100
round_queries,200,300,1100,3700,18100,87700,434900,2185700,11035500,55288500
round_k,0,1,5,18,90,438,2174,10928,55177,276442
round_shots,200,100,100,100,100,100,100,100,100,100
round_queries,200,300,1100,4500,19500,95100,469500,2366700,11958300,60588900
round_k,0,1,5,22,97,475,2347,11833,59791,302944
round_shots,100,100,100,100,100,100,100,100,100,100
round_queries,100,300,700,2300,9300,45700,222100,1104900,5588500,28245900
round_k,0,1,3,11,46,228,1110,5524,27942,141229
round_shots,100,100,100,100,100,100,100,100,100,100
round_queries,100,300,700,2300,9900,48100,236100,1187700,6012100,30540500
round_k,0,1,3,11,49,240,1180,5938,30060,152702
round_shots,100,100,100,100,100,100,100,100,100,100
round_queries,100,300,1100,4100,19100,95100,475300,2374700,12023300,60648100
round_k,0,1,5,20,95,475,2376,11873,60116,303240
round_shots,200,100,100,100,100,100,100,100,100,100
round_queries,200,300,700,3300,16100,80300,397100,1976700,9959100,50469900
round_k,0,1,3,16,80,401,1985,9883,49795,252349
round_shots,200,100,100,100,100,100,100,100,100,100
round_queries,200,300,1100,3100,15100,71900,357700,1789700,8984100,45001300
round_k,0,1,5,15,75,359,1788,8948,44920,225006
round_shots,100,100,100,100,100,100,100,100,100,100
round_queries,100,300,1100,4500,20100,94300,472500,2355300,11858500,59953100
round_k,0,1,5,22,100,471,2362,11776,59292,299765
round_shots,100,100,100,100,100,100,100,100,100,100
round_queries,100,300,700,2700,12100,57700,277100,1321700,6579300,33374700
round_k,0,1,3,13,60,288,1385,6608,32896,166873
round_shots,300,100,100,100,100,100,100,100,100,100
round_queries,300,500,1100,4500,19300,93700,468500,2330500,11840300,59707500
round_k,0,2,5,22,96,468,2342,11652,59201,298537
round_shots,100,100,100,100,100,100,100,100,100,100
round_queries,100,300,1100,5100,22300,106500,522300,2637300,13344300,67694500
round_k,0,1,5,25,111,532,2611,13186,66721,338472
round_shots,200,100,100,100,100,100,100,100,100,100
round_queries,200,300,1100,4500,21700,108500,548300,2769900,14008300,71061300
round_k,0,1,5,22,108,542,2741,13849,70041,355306
round_shots,200,100,100,100,100,100,100,100,100,100
round_queries,200,300,1100,4900,22100,107500,537500,2703100,13617100,69025700
round_k,0,1,5,24,110,537,2687,13515,68085,345128
round_shots,200,100,100,100,100,100,100,100,100,100
round_queries,200,300,1100,4700,23500,112900,570500,2880700,14545900,73771300
round_k,0,1,5,23,117,564,2852,14403,72729,368856
round_shots,200,100,100,100,100,100,100,100,100,100
round_queries,200,300,1100,4500,19700,92300,455700,2292100,11612300,58665900
round_k,0,1,5,22,98,461,2278,11460,58061,293329
round_shots,100,100,100,100,100,100,100,100,100
round_queries,100,300,1500,5900,28300,134100,672500,3363500,17009100
round_k,0,1,7,29,141,670,3362,16817,85045
round_shots,200,100,100,100,100,100,100,100,100,100
round_queries,200,300,1100,4100,18500,89100,437100,2199500,11122700,56274700
round_k,0,1,5,20,92,445,2185,10997,55613,281373
round_shots,100,100,100,100,100,100,100,100,100,100
round_queries,100,300,1100,4500,21300,107900,528500,2766700,14035300,71103900
round_k,0,1,5,22,106,539,2642,13833,70176,355519
round_shots,200,100,100,100,100,100,100,100,100,100
round_queries,200,300,1100,4100,19700,94300,459300,2285500,11536700,58458900
round_k,0,1,5,20,98,471,2296,11427,57683,292294
round_shots,200,100,100,100,100,100,100,100,100,100
round_queries,200,300,1100,3700,17300,82700,416300,2097700,10593900,53631500
round_k,0,1,5,18,86,413,2081,10488,52969,268157
round_shots,200,100,100,100,100,100,100,100,100,100
round_queries,200,300,1100,4500,21100,99300,491500,2483700,12511500,63380500
round_k,0,1,5,22,105,496,2457,12418,62557,316902
round_shots,100,100,100,100,100,100,100,100,100,100
round_queries,100,300,700,1900,7500,35500,170900,853100,4275100,21660500
round_k,0,1,3,9,37,177,854,4265,21375,108302
round_shots,100,100,100,100,100,100,100,100,100,100
round_queries,100,300,1100,4500,21100,102300,511500,2583100,13010500,65927100
round_k,0,1,5,22,105,511,2557,12915,65052,329635
round_shots,300,100,100,100,100,100,100,100,100,100
round_queries,300,300,700,2300,9700,44500,206900,1046700,5202100,26220100
round_k,0,1,3,11,48,222,1034,5233,26010,131100
round_shots,100,100,100,100,100,100,100,100,100,100
round_queries,100,300,1100,4900,21500,104900,515100,2585500,13115300,66307500
round_k,0,1,5,24,107,524,2575,12927,65576,331537
round_shots,200,100,100,100,100,100,100,100,100,100
round_queries,200,300,1100,4100,19900,98500,487100,2422700,12268500,62205300
round_k,0,1,5,20,99,492,2435,12113,61342,311026
round_shots,200,100,100,100,100,100,100,100,100,100
round_queries,200,300,700,1900,8900,43900,220700,1114700,5618500,28354100
round_k,0,1,3,9,44,219,1103,5573,28092,141770
round_shots,100,100,100,100,100,100,100,100,100,100
round_queries,100,300,1100,4900,23300,115500,571300,2872700,14417100,72900100
round_k,0,1,5,24,116,577,2856,14363,72085,364500
round_shots,100,100,100,100,100,100,100,100,100,100
round_queries,100,300,700,2900,13500,64900,320300,1918700,9607100,48739300
round_k,0,1,3,14,67,324,1601,9593,48035,243696
round_shots,100,100,100,100,100,100,100,100,100,100
round_queries,100,300,700,2900,12500,58500,291700,1454100,7318100,37041700
round_k,0,1,3,14,62,292,1458,7270,36590,185208
round_shots,100,100,100,100,100,100,100,100,100,100
round_queries,100,300,1100,3700,17300,83700,400300,2012100,10161900,51445100
round_k,0,1,5,18,86,418,2001,10060,50809,257225
round_shots,100,100,100,100,100,100,100,100,100,100
round_queries,100,300,1100,4900,24100,114300,572500,2860700,14478900,72600300
round_k,0,1,5,24,120,571,2862,14303,72394,363001
round_shots,100,100,100,100,100,100,100,100,100,100
round_queries,100,300,700,3300,15300,73900,357700,1799300,9122900,46233300
round_k,0,1,3,16,76,369,1788,8996,45614,231166
round_shots,200,100,100,100,100,100,100,100,100,100
round_queries,200,300,1100,3500,15100,72500,355700,1770300,8937900,45133900
round_k,0,1,5,17,75,362,1778,8851,44689,225669
round_shots,100,100,100,100,100,100,100,100,100,100
round_queries,100,300,1100,4900,21100,103900,508900,2528100,12759300,64563100
round_k,0,1,5,24,105,519,2544,12640,63796,322815
round_shots,100,100,100,100,100,100,100,100,100,100
round_queries,100,300,700,2500,10900,51500,249300,1251700,6295500,31870900
round_k,0,1,3,12,54,257,1246,6258,31477,159354
round_shots,200,100,100,100,100,100,100,100,100,100
round_queries,200,300,1100,4500,22500,111300,551500,2756100,13929700,70312500
round_k,0,1,5,22,112,556,2757,13780,69648,351562
round_shots,200,100,100,100,100,100,100,100,100,100
round_queries,200,300,1100,4500,20100,94900,467300,2330300,11824700,59667100
round_k,0,1,5,22,100,474,2336,11651,59123,298335
round_shots,200,100,100,100,100,100,100,100,100,100
round_queries,200,300,1100,4500,20100,100100,497500,2507100,12656900,64192300
round_k,0,1,5,22,100,500,2487,12535,63284,320961
round_shots,100,100,100,100,100,100,100,100,100,100
round_queries,100,300,1100,4700,22300,107500,516900,2570900,13025500,65490500
round_k,0,1,5,23,111,537,2584,12854,65127,327452
round_shots,100,100,100,100,100,100,100,100,100,100
round_queries,100,300,1100,3700,16300,81300,406700,2054300,10283500,51845900
round_k,0,1,5,18,81,406,2033,10271,51417,259229
round_shots,100,100,100,100,100,100,100,100,100,100
round_queries,100,300,1100,4500,20300,98900,495300,2486700,12620500,63735500
round_k,0,1,5,22,101,494,2476,12433,63102,318677
round_shots,100,100,100,100,100,100,100,100,100,100
round_queries,100,300,700,2300,10900,49700,250700,1260300,6323700,32073900
round_k,0,1,3,11,54,248,1253,6301,31618,160369
round_shots,300,100,100,100,100,100,100,100,100
round_queries,300,500,1900,8100,36500,177100,877300,4406100,22319300
round_k,0,2,9,40,182,885,4386,22030,111596
round_shots,100,100,100,100,100,100,100,100,100,100
round_queries,100,300,1100,4100,17500,87100,439900,2213700,11199100,56790100
round_k,0,1,5,20,87,435,2199,11068,55995,283950
round_shots,100,100,100,100,100,100,100,100,100,100
round_queries,100,300,1100,4100,20500,97900,495300,2467100,12464900,62698500
round_k,0,1,5,20,102,489,2476,12335,62324,313492
round_shots,200,100,100,100,100,100,100,100,100
round_queries,200,300,1500,6700,32100,154100,771700,3870700,19609300
round_k,0,1,7,33,160,770,3858,19353,98046
round_shots,100,100,100,100,100,100,100,100,100,100
round_queries,100,300,1100,4500,19300,91500,451500,2278500,11513300,58308100
round_k,0,1,5,22,96,457,2257,11392,57566,291540
round_shots,100,100,100,100,100,100,100,100,100,100
round_queries,100,300,1100,4100,19300,89700,442300,2222500,11172100,56543300
round_k,0,1,5,20,96,448,2211,11112,55860,282716
round_shots,100,100,100,100,100,100,100,100,100,100
round_queries,100,300,1100,3100,13300,64500,314900,1594500,8044300,40504300
round_k,0,1,5,15,66,322,1574,7972,40221,202521
round_shots,100,100,100,100,100,100,100,100,100,100
round_queries,100,300,1100,4900,22100,107100,532100,2692500,13594700,68854900
round_k,0,1,5,24,110,535,2660,13462,67973,344274
round_shots,100,100,100,100,100,100,100,100,100,100
round_queries,100,300,1100,4100,18700,89500,446900,2243700,11353900,57495900
round_k,0,1,5,20,93,447,2234,11218,56769,287479
round_shots,200,100,100,100,100,100,100,100,100
round_queries,200,700,3300,14100,66500,322500,1590900,8063300,40798900
round_k,0,3,16,70,332,1612,7954,40316,203994
round_shots,200,100,100,100,100,100,100,100,100,100
round_queries,200,300,1100,3100,15300,72500,359500,1785900,9016700,45758300
round_k,0,1,5,15,76,362,1797,8929,45083,228791
round_shots,100,100,100,100,100,100,100,100,100,100
round_queries,100,300,1100,4900,22900,108300,531900,2659500,13452900,68231100
round_k,0,1,5,24,114,541,2659,13297,67264,341155
round_shots,100,100,100,100,100,100,100,100,100,100
round_queries,100,300,700,3300,13900,65700,327300,1643100,8271300,42015300
round_k,0,1,3,16,69,328,1636,8215,41356,210076
round_shots,200,100,100,100,100,100,100,100,100
round_queries,200,300,1500,7500,37300,180500,898100,4492900,22497500
round_k,0,1,7,37,186,902,4490,22464,112487
round_shots,100,100,100,100,100,100,100,100,100,100
round_queries,100,300,700,2300,10300,51500,257500,1287100,6488900,32848700
round_k,0,1,3,11,51,257,1287,6435,32444,164243
round_shots,100,100,100,100,100,100,100,100,100,100
round_queries,100,300,1100,4100,18500,86300,431700,2181100,11021500,55983900
round_k,0,1,5,20,92,431,2158,10905,55107,279919
round_shots,100,100,100,100,100,100,100,100,100,100
round_queries,100,300,1100,3700,16500,77500,384300,1945700,9739300,49232500
round_k,0,1,5,18,82,387,1921,9728,48696,246162
round_shots,100,100,100,100,100,100,100,100,100
round_queries,100,500,1500,7500,36300,177500,882700,4467700,22648900
round_k,0,2,7,37,181,887,4413,22338,113244
round_shots,100,100,100,100,100,100,100,100,100,100
round_queries,100,300,1100,5100,23900,116500,576900,2923100,14786700,74860100
round_k,0,1,5,25,119,582,2884,14615,73933,374300
round_shots,100,100,100,100,100,100,100,100,100,100
round_queries,100,300,1100,4900,20700,99700,482500,2433700,12306500,62088900
round_k,0,1,5,24,103,498,2412,12168,61532,310444
round_shots,100,100,100,100,100,100,100,100,100,100
round_queries,100,300,1100,4100,16900,83900,417300,2115900,10708700,54209700
round_k,0,1,5,20,84,419,2086,10579,53543,271048
round_shots,200,100,100,100,100,100,100,100,100,100
round_queries,200,300,1100,3700,17900,84500,420300,2112700,10694100,54182500
round_k,0,1,5,18,89,422,2101,10563,53470,270912
round_shots,100,100,100,100,100,100,100,100,100
round_queries,100,300,1100,5500,26700,133500,662900,3313700,16778100
round_k,0,1,5,27,133,667,3314,16568,83890
round_shots,100,100,100,100,100,100,100,100,100,100
round_queries,100,300,1100,4100,19100,93300,467500,2368300,11985700,60779300
round_k,0,1,5,20,95,466,2337,11841,59928,303896
round_shots,200,100,100,100,100,100,100,100,100,100
round_queries,200,300,700,2700,11900,56700,276100,1375300,6897300,34875900
round_k,0,1,3,13,59,283,1380,6876,34486,174379
round_shots,100,100,100,100,100,100,100,100,100,100
round_queries,100,300,1100,4700,22300,107300,533700,2650100,13318900,67470100
round_k,0,1,5,23,111,536,2668,13250,66594,337350
round_shots,200,100,100,100,100,100,100,100,100,100
round_queries,200,300,700,3300,14700,73900,363900,1819300,9149300,46311500
round_k,0,1,3,16,73,369,1819,9096,45746,231557
round_shots,200,100,100,100,100,100,100,100,100,100
round_queries,200,300,700,2300,9700,44500,216300,1087100,5499900,27746100
round_k,0,1,3,11,48,222,1081,5435,27499,138730
round_shots,200,100,100,100,100,100,100,100,100,100
round_queries,200,300,1100,4100,18100,88700,424300,2121500,10732500,54416700
round_k,0,1,5,20,90,443,2121,10607,53662,272083
round_shots,200,100,100,100,100,100,100,100,100,100
round_queries,200,300,700,2300,10500,49700,244100,1224700,6117300,31026700
round_k,0,1,3,11,52,248,1220,6123,30586,155133
round_shots,100,100,100,100,100,100,100,100,100
round_queries,100,300,1100,5500,26100,128300,646900,3263700,16475100
round_k,0,1,5,27,130,641,3234,16318,82375
round_shots,100,100,100,100,100,100,100,100,100,100
round_queries,100,300,700,3300,13500,64100,304700,1538300,7772700,39288900
round_k,0,1,3,16,67,320,1523,7691,38863,196444
round_shots,100,100,100,100,100,100,100,100,100
round_queries,100,300,1100,4900,23100,113500,558300,2813700,14252900
round_k,0,1,5,24,115,567,2791,14068,71264
round_shots,100,100,100,100,100,100,100,100,100,100
round_queries,100,300,1100,4100,18100,86100,436900,2216300,11201700,56544500
round_k,0,1,5,20,90,430,2184,11081,56008,282722
round_shots,200,100,100,100,100,100,100,100,100
round_queries,200,300,1500,7100,33100,162300,804900,4011900,20259500
round_k,0,1,7,35,165,811,4024,20059,101297
round_shots,200,100,100,100,100,100,100,100,100,100
round_queries,200,300,1100,4100,19100,88700,430100,2059300,10158300,51082100
round_k,0,1,5,20,95,443,2150,10296,50791,255410
round_shots,100,100,100,100,100,100,100,100,100,100
round_queries,100,300,1100,4500,20700,100300,500300,2480300,12513500,63366500
round_k,0,1,5,22,103,501,2501,12401,62567,316832
round_shots,200,100,100,100,100,100,100,100,100,100
round_queries,200,300,1100,5100,23500,110300,541700,2695900,13496500,68032500
round_k,0,1,5,25,117,551,2708,13479,67482,340162
round_shots,100,100,100,100,100,100,100,100,100,100
round_queries,100,300,1100,4900,24300,117300,553100,2698500,13636700,69058100
round_k,0,1,5,24,121,586,2765,13492,68183,345290
round_shots,100,100,100,100,100,100,100,100,100,100
round_queries,100,300,1100,4100,18700,87100,429900,2151300,10860900,55060300
round_k,0,1,5,20,93,435,2149,10756,54304,275301
round_shots,100,100,100,100,100,100,100,100,100
round_queries,100,300,1500,6700,31700,159500,800700,4038900,20418100
round_k,0,1,7,33,158,797,4003,20194,102090
round_shots,100,100,100,100,100,100,100,100,100,100
round_queries,100,300,700,1900,7100,34500,171100,848300,4281300,21622500
round_k,0,1,3,9,35,172,855,4241,21406,108112
round_shots,200,100,100,100,100,100,100,100,100,100
round_queries,200,300,700,1900,9300,43700,218500,1092500,5511500,27808100
round_k,0,1,3,9,46,218,1092,5462,27557,139040
round_shots,100,100,100,100,100,100,100,100,100,100
round_queries,100,300,700,1900,7100,34700,168700,848700,4255700,21500700
round_k,0,1,3,9,35,173,843,4243,21278,107503
round_shots,200,100,100,100,100,100,100,100,100
round_queries,200,300,1100,5100,25500,125500,633100,3194100,16170500
round_k,0,1,5,25,127,627,3165,15970,80852
round_shots,100,100,100,100,100,100,100,100,100
round_queries,100,300,1500,5900,27700,136900,679100,3399700,17192500
round_k,0,1,7,29,138,684,3395,16998,85962
round_shots,100,100,100,100,100,100,100,100,100
round_queries,100,300,1500,6300,30300,149900,750300,3787300,19083700
round_k,0,1,7,31,151,749,3751,18936,95418
round_shots,200,100,100,100,100,100,100,100,100
round_queries,200,300,1500,6300,29300,146100,734500,3689500,18663900
round_k,0,1,7,31,146,730,3672,18447,93319
round_shots,100,100,100,100,100,100,100,100,100,100
round_queries,100,300,1100,4100,20100,96300,479300,2383300,11990700,60660100
round_k,0,1,5,20,100,481,2396,11916,59953,303300
round_shots,100,100,100,100,100,100,100,100,100,100
round_queries,100,300,1100,4300,20100,96900,475100,2376300,12000100,60862900
round_k,0,1,5,21,100,484,2375,11881,60000,304314
round_shots,200,100,100,100,100,100,100,100,100
round_queries,200,500,2300,11300,51500,256500,1271500,6327300,31919100
round_k,0,2,11,56,257,1282,6357,31636,159595
round_shots,100,100,100,100,100,100,100,100,100,100
round_queries,100,300,1100,4100,19100,91700,457900,2284900,11534100,58466100
round_k,0,1,5,20,95,458,2289,11424,57670,292330
round_shots,100,100,100,100,100,100,100,100,100,100
round_queries,100,300,1100,4900,22300,103500,507700,2554700,12812900,64811700
round_k,0,1,5,24,111,517,2538,12773,64064,324058
round_shots,100,100,100,100,100,100,100,100,100,100
round_queries,100,300,700,2700,12300,59900,283300,1416900,7163500,43688300
round_k,0,1,3,13,61,299,1416,7084,35817,218441
round_shots,200,100,100,100,100,100,100,100,100
round_queries,200,300,1100,5100,25500,126700,619300,3111300,15661500
round_k,0,1,5,25,127,633,3096,15556,78307
round_shots,100,100,100,100,100,100,100,100,100,100
round_queries,100,300,1100,5100,24300,117500,585300,2897300,14665700,74170500
round_k,0,1,5,25,121,587,2926,14486,73328,370852
round_shots,200,100,100,100,100,100,100,100,100,100
round_queries,200,300,1100,5500,25100,121300,600500,3006700,15207500,77181700
round_k,0,1,5,27,125,606,3002,15033,76037,385908
round_shots,200,100,100,100,100,100,100,100,100,100
round_queries,200,300,1100,3700,18300,88700,439500,2668300,13594500,68959300
round_k,0,1,5,18,91,443,2197,13341,67972,344796
round_shots,100,100,100,100,100,100,100,100,100,100
round_queries,100,300,1100,5100,23500,116300,540300,2696900,13680700,69265100
round_k,0,1,5,25,117,581,2701,13484,68403,346325
round_shots,200,100,100,100,100,100,100,100,100,100
round_queries,200,300,1100,4900,22500,110900,549700,2744300,13868100,70256100
round_k,0,1,5,24,112,554,2748,13721,69340,351280
round_shots,100,100,100,100,100,100,100,100,100,100
round_queries,100,300,1100,4700,21100,105500,524300,2567500,12940500,65590700
round_k,0,1,5,23,105,527,2621,12837,64702,327953
round_shots,200,100,100,100,100,100,100,100,100,100
round_queries,200,300,700,2300,11100,51100,256300,1276700,6437700,32612900
round_k,0,1,3,11,55,255,1281,6383,32188,163064
round_shots,100,100,100,100,100,100,100,100,100,100
round_queries,100,300,1100,4100,20300,96500,478700,2410100,12164500,61516900
round_k,0,1,5,20,101,482,2393,12050,60822,307584
round_shots,200,100,100,100,100,100,100,100,100,100
round_queries,200,300,1100,4500,22300,107300,532900,2686100,13513900,68501500
round_k,0,1,5,22,111,536,2664,13430,67569,342507
round_shots,100,100,100,100,100,100,100,100,100,100
round_queries,100,300,1100,3700,16700,79700,390500,1961900,9939100,50378700
round_k,0,1,5,18,83,398,1952,9809,49695,251893
round_shots,200,100,100,100,100,100,100,100,100,100
round_queries,200,300,700,3300,14700,73100,356700,1805500,9143900,46380900
round_k,0,1,3,16,73,365,1783,9027,45719,231904
round_shots,100,100,100,100,100,100,100,100,100,100
round_queries,100,300,1100,3700,17100,83900,420100,2110300,10676500,53816300
round_k,0,1,5,18,85,419,2100,10551,53382,269081
round_shots,200,100,100,100,100,100,100,100,100,100
round_queries,200,300,700,2300,8700,43300,207900,1045500,5252100,26448900
round_k,0,1,3,11,43,216,1039,5227,26260,132244
round_shots,100,100,100,100,100,100,100,100,100,100
round_queries,100,300,900,4500,20100,100700,498700,2497900,12573700,63711300
round_k,0,1,4,22,100,503,2493,12489,62868,318556
round_shots,100,100,100,100,100,100,100,100,100
round_queries,100,300,1500,6300,28300,136300,683500,3432900,17350500
round_k,0,1,7,31,141,681,3417,17164,86752
round_shots,100,100,100,100,100,100,100,100,100,100
round_queries,100,300,1100,3700,16100,77700,385500,1929500,9748900,49346100
round_k,0,1,5,18,80,388,1927,9647,48744,246730
round_shots,100,100,100,100,100,100,100,100,100
round_queries,100,500,1900,7900,37300,186500,929100,4661700,23533100
round_k,0,2,9,39,186,932,4645,23308,117665
round_shots,200,100,100,100,100,100,100,100,100
round_queries,200,300,1500,6900,32900,163900,823700,4168100,21075700
round_k,0,1,7,34,164,819,4118,20840,105378
round_shots,200,100,100,100,100,100,100,100,100,100
round_queries,200,300,1100,3700,16900,81300,386900,1938700,9780500,49601500
round_k,0,1,5,18,84,406,1934,9693,48902,248007
round_shots,100,100,100,100,100,100,100,100,100
round_queries,100,500,1900,9500,44300,220900,1109300,5584500,28346100
round_k,0,2,9,47,221,1104,5546,27922,141730
round_shots,100,100,100,100,100,100,100,100,100,100
round_queries,100,300,700,2900,12500,61300,305300,1528900,7675900,38848300
round_k,0,1,3,14,62,306,1526,7644,38379,194241
round_shots,100,100,100,100,100,100,100,100,100,100
round_queries,100,300,1100,4900,23500,114100,567300,2856700,14429500,72824300
round_k,0,1,5,24,117,570,2836,14283,72147,364121
round_shots,100,100,100,100,100,100,100,100,100,100
round_queries,100,300,1100,4100,19300,90100,443500,2213900,11196500,56626900
round_k,0,1,5,20,96,450,2217,11069,55982,283134
round_shots,300,100,100,100,100,100,100,100,100,100
round_queries,300,300,1100,5100,23500,115500,584500,2943300,14938300,75774700
round_k,0,1,5,25,117,577,2922,14716,74691,378873
round_shots,100,100,100,100,100,100,100,100,100,100
round_queries,100,300,1100,4100,17900,84900,427900,2146300,10839300,54507500
round_k,0,1,5,20,89,424,2139,10731,54196,272537
round_shots,200,100,100,100,100,100,100,100,100,100
round_queries,200,300,1100,4100,19300,94100,468900,2376100,11948700,60099300
round_k,0,1,5,20,96,470,2344,11880,59743,300496
round_shots,100,100,100,100,100,100,100,100,100
round_queries,100,300,1500,6700,32100,155300,767300,3835500,19428100
round_k,0,1,7,33,160,776,3836,19177,97140
round_shots,200,100,100,100,100,100,100,100,100
round_queries,200,500,1500,5900,27900,138700,686500,3474900,17555900
round_k,0,2,7,29,139,693,3432,17374,87779
round_shots,100,100,100,100,100,100,100,100,100,100
round_queries,100,300,1100,4500,21900,101900,498500,2513100,12715500,64508900
round_k,0,1,5,22,109,509,2492,12565,63577,322544
round_shots,200,100,100,100,100,100,100,100,100,100
round_queries,200,300,1100,4500,19900,98700,480500,2425500,12126900,61431700
round_k,0,1,5,22,99,493,2402,12127,60634,307158
round_shots,100,100,100,100,100,100,100,100,100,100
round_queries,100,300,1100,4100,17700,87500,433500,2157100,10880300,55240500
round_k,0,1,5,20,88,437,2167,10785,54401,276202
round_shots,200,100,100,100,100,100,100,100,100,100
round_queries,200,300,1100,4700,20700,100700,506900,2527700,12807900,64900100
round_k,0,1,5,23,103,503,2534,12638,64039,324500
round_shots,100,100,100,100,100,100,100,100,100,100
round_queries,100,300,1100,5100,23900,117900,591500,2992700,15109100,76284700
round_k,0,1,5,25,119,589,2957,14963,75545,381423
round_shots,100,100,100,100,100,100,100,100,100,100
round_queries,100,300,1100,3100,14300,66700,328300,1647300,8277900,41689700
round_k,0,1,5,15,71,333,1641,8236,41389,208448
round_shots,200,100,100,100,100,100,100,100,100,100
round_queries,200,300,1100,3700,17500,82700,408700,2061100,10442900,52709500
round_k,0,1,5,18,87,413,2043,10305,52214,263547
round_shots,200,100,100,100,100,100,100,100,100,100
round_queries,200,300,700,1900,7900,38100,188700,949300,4754500,24130100
round_k,0,1,3,9,39,190,943,4746,23772,120650
round_shots,100,100,100,100,100,100,100,100,100,100
round_queries,100,300,1100,4900,22700,109300,546300,2739500,13880700,70048900
round_k,0,1,5,24,113,546,2731,13697,69403,350244
round_shots,300,100,100,100,100,100,100,100,100
round_queries,300,500,2300,9300,43100,208100,1049700,5288500,26739500
round_k,0,2,11,46,215,1040,5248,26442,133697
round_shots,100,100,100,100,100,100,100,100,100
round_queries,100,500,1500,6500,31700,155700,775300,3879300,19670300
round_k,0,2,7,32,158,778,3876,19396,98351
round_shots,100,100,100,100,100,100,100,100,100,100
round_queries,100,300,1100,4900,23500,111300,554300,2780300,14078100,70703100
round_k,0,1,5,24,117,556,2771,13901,70390,353515
round_shots,200,100,100,100,100,100,100,100,100
round_queries,200,500,1900,7900,35900,178100,890700,4475500,22631500
round_k,0,2,9,39,179,890,4453,22377,113157
round_shots,100,100,100,100,100,100,100,100,100,100
round_queries,100,300,1100,4900,21500,105500,527100,2642100,13321700,66954500
round_k,0,1,5,24,107,527,2635,13210,66608,334772
round_shots,100,100,100,100,100,100,100,100,100
round_queries,100,300,1500,5900,28700,140700,692500,3482100,17619100
round_k,0,1,7,29,143,703,3462,17410,88095
round_shots,100,100,100,100,100,100,100,100,100,100
round_queries,100,300,1100,4100,17100,84900,416700,2084100,10459900,52655900
round_k,0,1,5,20,85,424,2083,10420,52299,263279
round_shots,200,100,100,100,100,100,100,100,100,100
round_queries,200,300,1100,4100,18500,89300,439900,2214900,11199500,56788100
round_k,0,1,5,20,92,446,2199,11074,55997,283940
round_shots,100,100,100,100,100,100,100,100,100,100
round_queries,100,300,1100,3700,17100,80300,396300,1996700,10128500,51063900
round_k,0,1,5,18,85,401,1981,9983,50642,255319
round_shots,200,100,100,100,100,100,100,100,100,100
round_queries,200,300,700,2900,14100,68100,335700,1691500,8519700,43188500
round_k,0,1,3,14,70,340,1678,8457,42598,215942
round_shots,100,100,100,100,100,100,100,100,100,100
round_queries,100,300,700,3300,14500,70500,353900,1779700,9010300,45677100
round_k,0,1,3,16,72,352,1769,8898,45051,228385
round_shots,100,100,100,100,100,100,100,100,100
round_queries,100,300,1100,5100,24700,124500,621500,3111100,15762100
round_k,0,1,5,25,123,622,3107,15555,78810
round_shots,100,100,100,100,100,100,100,100,100,100
round_queries,100,300,1100,4100,18500,85700,421700,2128900,10760100,54591300
round_k,0,1,5,20,92,428,2108,10644,53800,272956
round_shots,200,100,100,100,100,100,100,100,100,100
round_queries,200,300,1100,4500,21500,101900,501700,2498100,12593500,63518100
round_k,0,1,5,22,107,509,2508,12490,62967,317590
round_shots,100,100,100,100,100,100,100,100,100,100
round_queries,100,300,1100,3700,16700,80500,394900,1969100,9949500,49893500
round_k,0,1,5,18,83,402,1974,9845,49747,249467
round_shots,100,100,100,100,100,100,100,100,100,100
round_queries,100,300,900,4500,21500,105300,527100,2663300,13491100,68239900
round_k,0,1,4,22,107,526,2635,13316,67455,341199
round_shots,100,100,100,100,100,100,100,100,100,100
round_queries,100,300,1100,4500,20300,100500,476900,2399100,12080100,61247700
round_k,0,1,5,22,101,502,2384,11995,60400,306238
round_shots,100,100,100,100,100,100,100,100,100,100
round_queries,100,300,700,2900,11700,55900,277900,1398300,7073100,35794500
round_k,0,1,3,14,58,279,1389,6991,35365,178972
round_shots,100,100,100,100,100,100,100,100,100
round_queries,100,300,1100,5500,25900,127300,625500,3152700,15952700
round_k,0,1,5,27,129,636,3127,15763,79763
round_shots,100,100,100,100,100,100,100,100,100,100
round_queries,100,300,700,2300,11100,51700,258500,1295300,6478100,32899900
round_k,0,1,3,11,55,258,1292,6476,32390,164499
round_shots,100,100,100,100,100,100,100,100,100,100
round_queries,100,300,1100,3700,16500,76500,372900,1859100,9334700,47160900
round_k,0,1,5,18,82,382,1864,9295,46673,235804
round_shots,200,100,100,100,100,100,100,100,100,100
round_queries,200,300,1100,4500,19300,92300,457900,2291700,11589700,58559500
round_k,0,1,5,22,96,461,2289,11458,57948,292797
round_shots,100,100,100,100,100,100,100,100,100
round_queries,100,300,1100,5300,26300,123500,620300,3103500,15720300
round_k,0,1,5,26,131,617,3101,15517,78601
round_shots,100,100,100,100,100,100,100,100,100,100
round_queries,100,300,700,1900,8900,41500,193700,962500,4872500,24576500
round_k,0,1,3,9,44,207,968,4812,24362,122882
round_shots,200,100,100,100,100,100,100,100,100,100
round_queries,200,300,1100,4100,18900,92300,465100,2339700,11849100,60099300
round_k,0,1,5,20,94,461,2325,11698,59245,300496
round_shots,200,100,100,100,100,100,100,100,100,100
round_queries,200,300,700,2300,10100,48100,237100,1165900,5844700,29392700
round_k,0,1,3,11,50,240,1185,5829,29223,146963
round_shots,100,100,100,100,100,100,100,100,100,100
round_queries,100,300,1100,4500,22300,110900,552500,2780900,13982900,70585700
round_k,0,1,5,22,111,554,2762,13904,69914,352928
round_shots,100,100,100,100,100,100,100,100,100,100
round_queries,100,300,1100,4700,22100,109100,533500,2699100,13682100,69315700
round_k,0,1,5,23,110,545,2667,13495,68410,346578
round_shots,100,100,100,100,100,100,100,100,100,100
round_queries,100,500,1500,4900,22100,108900,535300,2652900,13356900,67672100
round_k,0,2,7,24,110,544,2676,13264,66784,338360
round_shots,200,100,100,100,100,100,100,100,100,100
round_queries,200,300,1100,4100,20300,93700,465700,2341900,11808700,59496300
round_k,0,1,5,20,101,468,2328,11709,59043,297481
round_shots,300,100,100,100,100,100,100,100,100
round_queries,300,500,1900,8700,41900,202300,1009300,5066300,25381300
round_k,0,2,9,43,209,1011,5046,25331,126906
round_shots,100,100,100,100,100,100,100,100,100,100
round_queries,100,300,1100,4900,23100,108100,528500,2637300,13165500,66734100
round_k,0,1,5,24,115,540,2642,13186,65827,333670
round_shots,100,100,100,100,100,100,100,100,100
round_queries,100,300,1500,5900,28900,134500,674500,3408300,17233100
round_k,0,1,7,29,144,672,3372,17041,86165
round_shots,200,100,100,100,100,100,100,100,100,100
round_queries,200,300,1100,4100,18900,92900,464700,2339500,11735100,59516500
round_k,0,1,5,20,94,464,2323,11697,58675,297582
round_shots,100,100,100,100,100,100,100,100,100,100
round_queries,100,300,1100,3700,16700,79900,396100,1975900,9982500,50389100
round_k,0,1,5,18,83,399,1980,9879,49912,251945
round_shots,200,100,100,100,100,100,100,100,100,100
round_queries,200,300,1100,3900,17100,82500,405900,2031900,10285900,52073900
round_k,0,1,5,19,85,412,2029,10159,51429,260369
round_shots,100,100,100,100,100,100,100,100,100,100
round_queries,100,300,1100,3700,17700,89500,444500,2219500,11213900,56879900
round_k,0,1,5,18,88,447,2222,11097,56069,284399
round_shots,100,100,100,100,100,100,100,100,100,100
round_queries,100,300,1100,4500,20500,98900,481500,2399500,12072900,61246300
round_k,0,1,5,22,102,494,2407,11997,60364,306231
round_shots,200,100,100,100,100,100,100,100,100
round_queries,200,500,1500,5900,28100,134100,661700,3344300,16904100
round_k,0,2,7,29,140,670,3308,16721,84520
round_shots,200,100,100,100,100,100,100,100,100,100
round_queries,200,300,1100,4900,22700,108300,543100,2754900,13748500,69313900
round_k,0,1,5,24,113,541,2715,13774,68742,346569
round_shots,200,100,100,100,100,100,100,100,100,100
round_queries,200,300,1100,5100,23900,115900,571100,2857900,14444900,73240300
round_k,0,1,5,25,119,579,2855,14289,72224,366201
round_shots,200,100,100,100,100,100,100,100,100,100
round_queries,200,300,1100,3900,18100,89500,438500,2207300,11149100,56487900
round_k,0,1,5,19,90,447,2192,11036,55745,282439
round_shots,200,100,100,100,100,100,100,100,100,100
round_queries,200,300,1100,4100,18100,87900,436300,2189300,11051500,56036500
round_k,0,1,5,20,90,439,2181,10946,55257,280182
round_shots,200,100,100,100,100,100,100,100,100,100
round_queries,200,300,1100,4900,21900,105900,517500,2592100,13087900,66271100
round_k,0,1,5,24,109,529,2587,12960,65439,331355
round_shots,100,100,100,100,100,100,100,100,100,100
round_queries,100,300,700,1900,8500,41500,209700,1044900,5246900,26607900
round_k,0,1,3,9,42,207,1048,5224,26234,133039
round_shots,100,100,100,100,100,100,100,100,100,100
round_queries,100,300,1100,5100,24700,118700,592300,2975700,14762500,74891300
round_k,0,1,5,25,123,593,2961,14878,73812,374456
round_shots,100,100,100,100,100,100,100,100,100,100
round_queries,100,300,1100,4500,22100,107500,539300,2709300,13723100,69501300
round_k,0,1,5,22,110,537,2696,13546,68615,347506
round_shots,300,100,100,100,100,100,100,100,100
round_queries,300,500,1900,8500,41500,200500,997900,5012700,25329100
round_k,0,2,9,42,207,1002,4989,25063,126645
round_shots,100,100,100,100,100,100,100,100,100,100
round_queries,100,300,1100,4100,18900,92300,463100,2339900,11847700,59986900
round_k,0,1,5,20,94,461,2315,11699,59238,299934
round_shots,200,100,100,100,100,100,100,100,100,100
round_queries,200,300,1100,3500,16900,83100,419100,2105100,10665500,54096900
round_k,0,1,5,17,84,415,2095,10525,53327,270484
round_shots,100,100,100,100,100,100,100,100,100,100
round_queries,100,300,1100,4900,22700,114100,570500,2885300,14618100,74116100
round_k,0,1,5,24,113,570,2852,14426,73090,370580
round_shots,200,100,100,100,100,100,100,100,100
round_queries,200,300,1100,5500,26900,129700,646700,3245700,16459500
round_k,0,1,5,27,134,648,3233,16228,82297
round_shots,100,100,100,100,100,100,100,100,100,100
round_queries,100,300,1100,3700,16500,78700,396100,1994700,10067300,51072100
round_k,0,1,5,18,82,393,1980,9973,50336,255360
round_shots,100,100,100,100,100,100,100,100,100,100
round_queries,100,300,700,2300,9300,43300,210300,1045500,5264300,26601300
round_k,0,1,3,11,46,216,1051,5227,26321,133006
round_shots,200,100,100,100,100,100,100,100,100,100
round_queries,200,300,1100,4900,22300,111500,559700,2834300,14230100,72186100
round_k,0,1,5,24,111,557,2798,14171,71150,360930
round_shots,100,100,100,100,100,100,100,100,100
round_queries,100,300,1100,5500,26300,130100,649700,3259500,16517900
round_k,0,1,5,27,131,650,3248,16297,82589
round_shots,100,100,100,100,100,100,100,100,100
round_queries,100,300,1100,5300,26100,127900,636300,3186100,16095900
round_k,0,1,5,26,130,639,3181,15930,80479
round_shots,200,100,100,100,100,100,100,100,100
round_queries,200,300,1500,6300,30700,151900,752300,3799100,19233300
round_k,0,1,7,31,153,759,3761,18995,96166
round_shots,100,100,100,100,100,100,100,100,100,100
round_queries,100,300,1100,4500,20500,100900,504500,2535100,13465500,68197900
round_k,0,1,5,22,102,504,2522,12675,67327,340989
round_shots,100,100,100,100,100,100,100,100,100,100
round_queries,100,300,1100,4500,21500,105100,521300,2606700,13134900,66427100
round_k,0,1,5,22,107,525,2606,13033,65674,332135
round_shots,100,100,100,100,100,100,100,100,100,100
round_queries,100,300,1100,4100,18500,89300,441500,2228500,11284300,57188300
round_k,0,1,5,20,92,446,2207,11142,56421,285941
round_shots,100,100,100,100,100,100,100,100,100,100
round_queries,100,300,1100,3100,15100,76500,382300,1933500,9710900,48967700
round_k,0,1,5,15,75,382,1911,9667,48554,244838
round_shots,100,100,100,100,100,100,100,100,100,100
round_queries,100,300,1100,4100,18500,89700,448500,2264900,11457700,57960500
round_k,0,1,5,20,92,448,2242,11324,57288,289802
round_shots,100,100,100,100,100,100,100,100,100,100
round_queries,100,300,1100,4700,23300,116500,589700,2978100,15068300,76311700
round_k,0,1,5,23,116,582,2948,14890,75341,381558
round_shots,100,100,100,100,100,100,100,100,100,100
round_queries,100,300,1100,5500,24300,117900,587500,2970700,15010300,75168500
round_k,0,1,5,27,121,589,2937,14853,75051,375842
round_shots,200,100,100,100,100,100,100,100,100,100
round_queries,200,300,700,1900,8100,39700,198700,998100,4982100,25287700
round_k,0,1,3,9,40,198,993,4990,24910,126438
round_shots,100,100,100,100,100,100,100,100,100
round_queries,100,300,1100,5500,25700,126700,639500,3236100,16281900
round_k,0,1,5,27,128,633,3197,16180,81409
round_shots,200,100,100,100,100,100,100,100,100,100
round_queries,200,300,1100,4500,20300,101500,511100,2568300,12983700,65653100
round_k,0,1,5,22,101,507,2555,12841,64918,328265
round_shots,100,100,100,100,100,100,100,100,100,100
round_queries,100,300,1100,4500,20300,97700,486100,2434700,12264500,62214100
round_k,0,1,5,22,101,488,2430,12173,61322,311070
round_shots,200,100,100,100,100,100,100,100,100,100
round_queries,200,300,1100,3700,16700,79900,394900,1997100,9937300,50060100
round_k,0,1,5,18,83,399,1974,9985,49686,250300
round_shots,100,100,100,100,100,100,100,100,100,100
round_queries,100,300,1100,4500,21700,106900,531700,2668300,13480100,68410500
round_k,0,1,5,22,108,534,2658,13341,67400,342052
round_shots,100,100,100,100,100,100,100,100,100,100
round_queries,100,300,1100,4900,21900,103900,510900,2542900,12804100,65000900
round_k,0,1,5,24,109,519,2554,12714,64020,325004
round_shots,200,100,100,100,100,100,100,100,100,100
round_queries,200,300,1100,5100,23900,115500,573700,2880500,14548700,73804700
round_k,0,1,5,25,119,577,2868,14402,72743,369023
round_shots,100,100,100,100,100,100,100,100,100,100
round_queries,100,300,1100,5100,25300,119500,591900,2986900,14995100,76056500
round_k,0,1,5,25,126,597,2959,14934,74975,380282
round_shots,200,100,100,100,100,100,100,100,100,100
round_queries,200,300,1100,4900,21500,101500,503700,2542100,12813900,64588900
round_k,0,1,5,24,107,507,2518,12710,64069,322944
round_shots,100,100,100,100,100,100,100,100,100,100
round_queries,100,300,1100,4900,21500,103900,513700,2600100,13163500,66591100
round_k,0,1,5,24,107,519,2568,13000,65817,332955
round_shots,200,100,100,100,100,100,100,100,100,100
round_queries,200,300,1100,4500,21300,104500,521300,2640300,13334500,67665300
round_k,0,1,5,22,106,522,2606,13201,66672,338326
round_shots,200,100,100,100,100,100,100,100,100
round_queries,200,500,2300,10900,52300,257700,1292900,6490700,32894700
round_k,0,2,11,54,261,1288,6464,32453,164473
round_shots,100,100,100,100,100,100,100,100,100,100
round_queries,100,300,1100,4100,17700,85300,415500,2085300,10524900,53252300
round_k,0,1,5,20,88,426,2077,10426,52624,266261
round_shots,200,100,100,100,100,100,100,100,100,100
round_queries,200,300,1100,4500,21300,101300,500300,2494100,12545900,63664700
round_k,0,1,5,22,106,506,2501,12470,62729,318323
round_shots,100,100,100,100,100,100,100,100,100,100
round_queries,100,300,700,2300,10700,52500,258500,1298900,6548900,33167900
round_k,0,1,3,11,53,262,1292,6494,32744,165839
round_shots,100,100,100,100,100,100,100,100,100,100
round_queries,100,300,700,2500,10900,49700,243300,1221900,6153700,30844700
round_k,0,1,3,12,54,248,1216,6109,30768,154223
round_shots,100,100,100,100,100,100,100,100,100,100
round_queries,100,300,1100,3700,15900,76500,385100,1937700,9758300,49473700
round_k,0,1,5,18,79,382,1925,9688,48791,247368
round_shots,200,100,100,100,100,100,100,100,100,100
round_queries,200,300,700,1900,8300,39700,194500,959100,4791100,24101100
round_k,0,1,3,9,41,198,972,4795,23955,120505
round_shots,100,100,100,100,100,100,100,100,100,100
round_queries,100,300,1100,5100,24700,122300,605100,3049900,15424300,77711300
round_k,0,1,5,25,123,611,3025,15249,77121,388556
round_shots,200,100,100,100,100,100,100,100,100,100
round_queries,200,300,1100,4700,21300,98100,496900,2519700,12734900,64643700
round_k,0,1,5,23,106,490,2484,12598,63674,323218
round_shots,100,100,100,100,100,100,100,100,100,100
round_queries,100,300,700,2700,10300,47900,239500,1190500,5996100,30362300
round_k,0,1,3,13,51,239,1197,5952,29980,151811
round_shots,200,100,100,100,100,100,100,100,100
round_queries,200,500,2300,9700,45900,217700,1088500,5487900,27522900
round_k,0,2,11,48,229,1088,5442,27439,137614
round_shots,100,100,100,100,100,100,100,100,100
round_queries,100,300,1500,5700,27700,134100,673500,3382100,17140500
round_k,0,1,7,28,138,670,3367,16910,85702
round_shots,100,100,100,100,100,100,100,100,100
round_queries,100,300,1100,5500,25100,121500,606500,3066900,15526900
round_k,0,1,5,27,125,607,3032,15334,77634
round_shots,100,100,100,100,100,100,100,100,100,100
round_queries,100,300,1100,4500,21100,103900,499100,2466300,12460700,63271300
round_k,0,1,5,22,105,519,2495,12331,62303,316356
round_shots,100,100,100,100,100,100,100,100,100,100
round_queries,100,300,1100,3900,18300,90100,450500,2250300,11313700,57232700
round_k,0,1,5,19,91,450,2252,11251,56568,286163
round_shots,200,100,100,100,100,100,100,100,100,100
round_queries,200,300,1100,4100,18500,86300,424700,2092300,10513500,53263100
round_k,0,1,5,20,92,431,2123,10461,52567,266315
round_shots,100,100,100,100,100,100,100,100,100,100
round_queries,100,300,1100,4100,18300,91300,455700,2288700,11600300,58785900
round_k,0,1,5,20,91,456,2278,11443,58001,293929
round_shots,100,100,100,100,100,100,100,100,100,100
round_queries,100,300,700,2300,9700,46100,226500,1136300,5709100,28780700
round_k,0,1,3,11,48,230,1132,5681,28545,143903
round_shots,200,100,100,100,100,100,100,100,100
round_queries,200,500,1500,5900,26700,124900,617300,3122500,15787900
round_k,0,2,7,29,133,624,3086,15612,78939
round_shots,100,100,100,100,100,100,100,100,100
round_queries,100,300,1300,6100,28700,136300,682500,3423500,17263100
round_k,0,1,6,30,143,681,3412,17117,86315
round_shots,100,100,100,100,100,100,100,100,100,100
round_queries,100,300,700,2700,11700,54500,267300,1327500,6704700,33959100
round_k,0,1,3,13,58,272,1336,6637,33523,169795
round_shots,100,100,100,100,100,100,100,100,100
round_queries,100,500,1500,6500,29300,136700,664300,3336700,16807100
round_k,0,2,7,32,146,683,3321,16683,84035
round_shots,100,100,100,100,100,100,100,100,100,100
round_queries,100,300,1500,5300,24500,117900,593500,2994300,15186300,77042500
round_k,0,1,7,26,122,589,2967,14971,75931,385212
round_shots,100,100,100,100,100,100,100,100,100,100
round_queries,100,300,700,2900,13100,61700,302900,1530500,7718500,38771100
round_k,0,1,3,14,65,308,1514,7652,38592,193855
round_shots,200,100,100,100,100,100,100,100,100,100
round_queries,200,300,700,2900,14500,70300,340500,1701900,8602900,43614500
round_k,0,1,3,14,72,351,1702,8509,43014,218072
round_shots,100,100,100,100,100,100,100,100,100,100
round_queries,100,300,1100,3100,15500,73700,361700,1815300,9129100,46331500
round_k,0,1,5,15,77,368,1808,9076,45645,231657
round_shots,100,100,100,100,100,100,100,100,100,100
round_queries,100,300,700,1900,8100,39300,191700,954900,4758900,24161300
round_k,0,1,3,9,40,196,958,4774,23794,120806
round_shots,200,100,100,100,100,100,100,100,100,100
round_queries,200,300,700,2300,10500,51900,251900,1249900,6178900,31288900
round_k,0,1,3,11,52,259,1259,6249,30894,156444
round_shots,200,100,100,100,100,100,100,100,100,100
round_queries,200,300,1100,3700,15500,75900,377500,1875700,9512100,48245700
round_k,0,1,5,18,77,379,1887,9378,47560,241228
round_shots,100,100,100,100,100,100,100,100,100,100
round_queries,100,300,1100,3500,15300,79900,390500,1972700,9940300,50425700
round_k,0,1,5,17,76,399,1952,9863,49701,252128
round_shots,100,100,100,100,100,100,100,100,100,100
round_queries,100,300,700,2700,12500,59900,288900,1454700,7285900,36883100
round_k,0,1,3,13,62,299,1444,7273,36429,184415
round_shots,100,100,100,100,100,100,100,100,100,100
round_queries,100,300,1500,5300,25300,120500,595500,3018700,15280300,77295500
round_k,0,1,7,26,126,602,2977,15093,76401,386477
round_shots,100,100,100,100,100,100,100,100,100,100
round_queries,100,300,700,3300,14300,71700,355100,1793500,9092900,46169500
round_k,0,1,3,16,71,358,1775,8967,45464,230847
round_shots,200,100,100,100,100,100,100,100,100,100
round_queries,200,300,1100,3500,16300,78500,387500,1938700,9780100,49594100
round_k,0,1,5,17,81,392,1937,9693,48900,247970
round_shots,100,100,100,100,100,100,100,100,100
round_queries,100,300,1100,5500,25900,124100,622100,3126900,15745900
round_k,0,1,5,27,129,620,3110,15634,78729
round_shots,100,100,100,100,100,100,100,100,100,100
round_queries,100,300,700,2700,11300,52100,254900,1283300,6421900,32507500
round_k,0,1,3,13,56,260,1274,6416,32109,162537
round_shots,200,100,100,100,100,100,100,100,100,100
round_queries,200,300,1100,3500,15100,71900,361700,1807900,9119300,45827700
round_k,0,1,5,17,75,359,1808,9039,45596,229138
round_shots,100,100,100,100,100,100,100,100,100,100
round_queries,100,300,1100,5100,25500,124500,608900,2994900,14956300,75581700
round_k,0,1,5,25,127,622,3044,14974,74781,377908
round_shots,300,100,100,100,100,100,100,100,100
round_queries,300,500,1500,6300,30100,143900,725900,3627100,18265300
round_k,0,2,7,31,150,719,3629,18135,91326
round_shots,100,100,100,100,100,100,100,100,100,100
round_queries,100,300,1100,4100,18900,93100,456700,2294100,11611500,58787700
round_k,0,1,5,20,94,465,2283,11470,58057,293938
round_shots,100,100,100,100,100,100,100,100,100,100
round_queries,100,300,700,2500,11900,56500,278300,1393300,6955100,35239300
round_k,0,1,3,12,59,282,1391,6966,34775,176196
round_shots,200,100,100,100,100,100,100,100,100
round_queries,200,500,1900,7100,35500,173100,868100,4379300,22199900
round_k,0,2,9,35,177,865,4340,21896,110999
round_shots,100,100,100,100,100,100,100,100,100,100
round_queries,100,300,1100,4500,21700,105900,522900,2625500,13323100,67578700
round_k,0,1,5,22,108,529,2614,13127,66615,337893
round_shots,100,100,100,100,100,100,100,100,100,100
round_queries,100,300,1100,5100,24500,118900,577300,2896500,14642700,74200500
round_k,0,1,5,25,122,594,2886,14482,73213,371002
round_shots,200,100,100,100,100,100,100,100,100,100
round_queries,200,300,1100,3700,17100,84500,413100,2093300,10471900,53056100
round_k,0,1,5,18,85,422,2065,10466,52359,265280
round_shots,100,100,100,100,100,100,100,100,100,100
round_queries,100,300,700,1900,9100,45100,217900,1077700,5432300,27487500
round_k,0,1,3,9,45,225,1089,5388,27161,137437
round_shots,100,100,100,100,100,100,100,100,100,100
round_queries,100,300,1100,4300,20700,98300,489100,2460900,12433700,63102900
round_k,0,1,5,21,103,491,2445,12304,62168,315514
round_shots,200,100,100,100,100,100,100,100,100,100
round_queries,200,300,1100,3500,16900,79300,399700,2006100,10111300,51235500
round_k,0,1,5,17,84,396,1998,10030,50556,256177
round_shots,200,100,100,100,100,100,100,100,100,100
round_queries,200,300,1100,4900,23300,115300,576100,2893900,14657100,74291700
round_k,0,1,5,24,116,576,2880,14469,73285,371458
round_shots,200,100,100,100,100,100,100,100,100,100
round_queries,200,300,1100,5500,25700,120900,595700,2990100,15039100,76285300
round_k,0,1,5,27,128,604,2978,14950,75195,381426
round_shots,100,100,100,100,100,100,100,100,100,100
round_queries,100,300,1100,3700,15900,75900,380700,1901100,9564700,48448300
round_k,0,1,5,18,79,379,1903,9505,47823,242241
round_shots,100,100,100,100,100,100,100,100,100,100
round_queries,100,300,700,2900,13300,63300,311500,1553300,7832900,39731300
round_k,0,1,3,14,66,316,1557,7766,39164,198656
round_shots,200,100,100,100,100,100,100,100,100,100
round_queries,200,300,1100,3700,16300,79900,480700,2900700,14582500,73924900
round_k,0,1,5,18,81,399,2403,14503,72912,369624
round_shots,200,100,100,100,100,100,100,100,100,100
round_queries,200,300,700,2900,12500,61500,307900,1548300,7839700,39793100
round_k,0,1,3,14,62,307,1539,7741,39198,198965
round_shots,100,100,100,100,100,100,100,100,100,100
round_queries,100,300,1100,3700,17700,85500,422700,2129500,10752300,54281300
round_k,0,1,5,18,88,427,2113,10647,53761,271406
round_shots,100,100,100,100,100,100,100,100,100,100
round_queries,100,300,1100,4900,23300,113100,569500,2876300,14500300,73566100
round_k,0,1,5,24,116,565,2847,14381,72501,367830
round_shots,100,100,100,100,100,100,100,100,100,100
round_queries,100,300,700,2500,11300,55300,275300,1383900,6954900,35168500
round_k,0,1,3,12,56,276,1376,6919,34774,175842
round_shots,100,200,100,100,100,100,100,100,100,100
round_queries,100,600,1500,4900,23900,113300,562900,2819300,14242500,72123300
round_k,0,1,7,24,119,566,2814,14096,71212,360616
round_shots,200,100,100,100,100,100,100,100,100,100
round_queries,200,300,1100,4100,19700,91900,457300,2282900,11503700,58242900
round_k,0,1,5,20,98,459,2286,11414,57518,291214
round_shots,200,100,100,100,100,100,100,100,100,100
round_queries,200,300,1100,4100,19100,91900,452700,2272500,11517700,58290500
round_k,0,1,5,20,95,459,2263,11362,57588,291452
round_shots,100,100,100,100,100,100,100,100,100,100
round_queries,100,300,1100,4700,22300,109900,543700,2755300,13955500,70772300
round_k,0,1,5,23,111,549,2718,13776,69777,353861
round_shots,100,100,100,100,100,100,100,100,100,100
round_queries,100,300,1100,4100,20300,97500,476300,2387300,11956100,60446700
round_k,0,1,5,20,101,487,2381,11936,59780,302233
round_shots,100,100,100,100,100,100,100,100,100,100
round_queries,100,300,1100,4100,19300,93700,450300,2233900,11270100,56947900
round_k,0,1,5,20,96,468,2251,11169,56350,284739
round_shots,200,100,100,100,100,100,100,100,100,100
round_queries,200,300,700,3300,15500,75100,367700,1844100,9221500,46795500
round_k,0,1,3,16,77,375,1838,9220,46107,233977
round_shots,200,100,100,100,100,100,100,100,100,100
round_queries,200,300,700,2900,12100,58900,298100,1481900,7480500,37531300
round_k,0,1,3,14,60,294,1490,7409,37402,187656
round_shots,100,100,100,100,100,100,100,100,100
round_queries,100,300,1500,5900,27300,137100,688900,3466300,17507700
round_k,0,1,7,29,136,685,3444,17331,87538
round_shots,100,100,100,100,100,100,100,100,100
round_queries,100,300,1300,6900,40100,189900,949700,4816500,24242300
round_k,0,1,6,34,200,949,4748,24082,121211
round_shots,200,100,100,100,100,100,100,100,100
round_queries,200,500,1900,8700,41900,209100,1038900,5242100,26458700
round_k,0,2,9,43,209,1045,5194,26210,132293
round_shots,100,100,100,100,100,100,100,100,100,100
round_queries,100,300,1100,3700,16100,80500,399500,2000900,10105500,51219300
round_k,0,1,5,18,80,402,1997,10004,50527,256096
round_shots,100,100,100,100,100,100,100,100,100,100
round_queries,100,300,1100,4500,21100,102300,507900,2544700,12876100,65198900
round_k,0,1,5,22,105,511,2539,12723,64380,325994
round_shots,300,100,100,100,100,100,100,100,100,100
round_queries,300,300,1100,4100,19900,97700,491900,2460500,12444100,63072300
round_k,0,1,5,20,99,488,2459,12302,62220,315361
round_shots,100,100,100,100,100,100,100,100,100
round_queries,100,300,1500,6500,31300,155500,786100,3936300,19893900
round_k,0,1,7,32,156,777,3930,19681,99469
round_shots,100,100,100,100,100,100,100,100,100,100
round_queries,100,300,1100,4700,22700,110100,512900,2469100,12322300,62113700
round_k,0,1,5,23,113,550,2564,12345,61611,310568
round_shots,200,100,100,100,100,100,100,100,100,100
round_queries,200,300,700,2900,13900,64500,318300,1582900,8009300,40478500
round_k,0,1,3,14,69,322,1591,7914,40046,202392
round_shots,100,100,100,100,100,100,100,100,100,100
round_queries,100,300,1100,4900,22900,114900,573900,2868500,14452500,72894300
round_k,0,1,5,24,114,574,2869,14342,72262,364471
round_shots,100,100,100,100,100,100,100,100,100,100
round_queries,100,300,700,2900,13900,68500,345100,1747300,8831100,44736500
round_k,0,1,3,14,69,342,1725,8736,44155,223682
round_shots,200,100,100,100,100,100,100,100,100,100
round_queries,200,300,1100,5500,24500,120100,603100,3034900,15342300,77748900
round_k,0,1,5,27,122,600,3015,15174,76711,388744
round_shots,200,100,100,100,100,100,100,100,100,100
round_queries,200,300,1100,4100,18100,87100,430300,2169500,10986300,55696100
round_k,0,1,5,20,90,435,2151,10847,54931,278480
round_shots,100,100,100,100,100,100,100,100,100,100
round_queries,100,300,1100,4700,20900,95900,483700,2420300,12237700,62148900
round_k,0,1,5,23,104,479,2418,12101,61188,310744
round_shots,200,100,100,100,100,100,100,100,100,100
round_queries,200,300,1100,4500,20100,95700,473100,2397900,12115500,61507300
round_k,0,1,5,22,100,478,2365,11989,60577,307536
round_shots,200,100,100,100,100,100,100,100,100,100
round_queries,200,300,1100,4500,19100,93100,460500,2312300,11654900,59005500
round_k,0,1,5,22,95,465,2302,11561,58274,295027
round_shots,200,100,100,100,100,100,100,100,100,100
round_queries,200,300,700,2300,10100,46700,233100,1179900,5942700,30109500
round_k,0,1,3,11,50,233,1165,5899,29713,150547
round_shots,200,100,100,100,100,100,100,100,100,100
round_queries,200,300,700,2300,8700,40700,201900,1017700,5090900,25817900
round_k,0,1,3,11,43,203,1009,5088,25454,129089
round_shots,100,100,100,100,100,100,100,100,100,100
round_queries,100,300,1100,4100,19900,92700,457100,2308900,11672300,58194100
round_k,0,1,5,20,99,463,2285,11544,58361,290970
round_shots,200,100,100,100,100,100,100,100,100,100
round_queries,200,300,700,2500,10700,49100,238100,1197300,6060900,30667700
round_k,0,1,3,12,53,245,1190,5986,30304,153338
round_shots,200,100,100,100,100,100,100,100,100,100
round_queries,200,300,700,2900,13700,63300,301300,1483300,7445100,37583100
round_k,0,1,3,14,68,316,1506,7416,37225,187915
round_shots,100,100,100,100,100,100,100,100,100,100
round_queries,100,300,1500,5300,23700,113700,564700,2820900,14908700,74845500
round_k,0,1,7,26,118,568,2823,14104,74543,374227
round_shots,200,100,100,100,100,100,100,100,100,100
round_queries,200,300,1100,4700,21300,106900,523500,2651500,13309900,67585500
round_k,0,1,5,23,106,534,2617,13257,66549,337927
round_shots,200,100,100,100,100,100,100,100,100,100
round_queries,200,300,700,1900,7100,32900,161500,803100,4045900,20499700
round_k,0,1,3,9,35,164,807,4015,20229,102498
round_shots,100,100,100,100,100,100,100,100,100
round_queries,100,300,1500,7100,32700,155100,775700,3894700,19678900
round_k,0,1,7,35,163,775,3878,19473,98394
round_shots,200,100,100,100,100,100,100,100,100,100
round_queries,200,300,1100,4900,23300,112100,562300,2835500,14294700,72436700
round_k,0,1,5,24,116,560,2811,14177,71473,362183
round_shots,100,100,100,100,100,100,100,100,100,100
round_queries,100,300,1100,4100,18100,83900,416900,2098900,10479500,53057700
round_k,0,1,5,20,90,419,2084,10494,52397,265288
round_shots,100,100,100,100,100,100,100,100,100,100
round_queries,100,300,700,1900,8500,41500,202700,1020500,5146500,25970100
round_k,0,1,3,9,42,207,1013,5102,25732,129850
round_shots,200,100,100,100,100,100,100,100,100
round_queries,200,500,2300,10700,52100,245100,1219700,6175900,31295100
round_k,0,2,11,53,260,1225,6098,30879,156475
round_shots,200,100,100,100,100,100,100,100,100,100
round_queries,200,300,700,1900,8300,37500,181100,911700,4586900,23173300
round_k,0,1,3,9,41,187,905,4558,22934,115866
round_shots,100,100,100,100,100,100,100,100,100,100
round_queries,100,300,1100,4100,17100,82300,408700,1995300,9938700,50311900
round_k,0,1,5,20,85,411,2043,9976,49693,251559
round_shots,100,100,100,100,100,100,100,100,100,100
round_queries,100,300,1100,5100,25300,124500,583900,2931300,14860100,75378700
round_k,0,1,5,25,126,622,2919,14656,74300,376893
round_shots,200,100,100,100,100,100,100,100,100,100
round_queries,200,300,700,2300,9700,45300,218900,1094100,5447500,27575300
round_k,0,1,3,11,48,226,1094,5470,27237,137876
round_shots,100,100,100,100,100,100,100,100,100,100
round_queries,100,300,700,2300,11500,56900,279300,1397100,6993500,35472700
round_k,0,1,3,11,57,284,1396,6985,34967,177363
round_shots,100,100,100,100,100,100,100,100,100,100
round_queries,100,300,1100,3700,16500,77100,380900,1892700,9600500,51115500
round_k,0,1,5,18,82,385,1904,9463,48002,255577
round_shots,200,100,100,100,100,100,100,100,100,100
round_queries,200,300,1100,4300,19100,93500,462300,2289100,11487900,57879700
round_k,0,1,5,21,95,467,2311,11445,57439,289398
round_shots,200,100,100,100,100,100,100,100,100,100
round_queries,200,300,1100,3700,17300,86100,425100,2118500,10748900,54419700
round_k,0,1,5,18,86,430,2125,10592,53744,272098
round_shots,100,100,100,100,100,100,100,100,100,100
round_queries,100,300,1100,4500,20900,96700,477300,2413700,12175300,61700100
round_k,0,1,5,22,104,483,2386,12068,60876,308500
round_shots,100,100,100,100,100,100,100,100,100,100
round_queries,100,300,1100,4100,19900,95700,447100,2228300,11236500,57036500
round_k,0,1,5,20,99,478,2235,11141,56182,285182
round_shots,100,100,100,100,100,100,100,100,100,100
round_queries,100,300,1100,4100,19300,94500,476900,2391300,12098500,61411500
round_k,0,1,5,20,96,472,2384,11956,60492,307057
round_shots,200,100,100,100,100,100,100,100,100,100
round_queries,200,300,1100,4100,18900,90700,450100,2263300,11392500,57695100
round_k,0,1,5,20,94,453,2250,11316,56962,288475
round_shots,100,100,100,100,100,100,100,100,100,100
round_queries,100,300,1100,4900,20900,105500,521700,2595300,13126700,66556300
round_k,0,1,5,24,104,527,2608,12976,65633,332781
round_shots,100,100,100,100,100,100,100,100,100,100
round_queries,100,300,1100,4100,19700,93500,460300,2320900,11708700,58868700
round_k,0,1,5,20,98,467,2301,11604,58543,294343
round_shots,200,100,100,100,100,100,100,100,100,100
round_queries,200,300,700,2300,11500,56700,278300,1364900,6882700,34861700
round_k,0,1,3,11,57,283,1391,6824,34413,174308
round_shots,100,100,100,100,100,100,100,100,100,100
round_queries,100,300,1100,4700,22100,106700,527900,2678900,13520900,68628500
round_k,0,1,5,23,110,533,2639,13394,67604,343142
round_shots,200,100,100,100,100,100,100,100,100,100
round_queries,200,300,1100,4700,22900,108900,540700,2723700,13758100,69748100
round_k,0,1,5,23,114,544,2703,13618,68790,348740
round_shots,100,100,100,100,100,100,100,100,100,100
round_queries,100,300,1100,4100,18100,88300,439300,2216700,11086100,55935900
round_k,0,1,5,20,90,441,2196,11083,55430,279679
round_shots,200,100,100,100,100,100,100,100,100,100
round_queries,200,300,1100,4500,19300,92500,458700,2301100,11534100,58339900
round_k,0,1,5,22,96,462,2293,11505,57670,291699
round_shots,100,100,100,100,100,100,100,100,100,100
round_queries,100,300,1100,3700,17300,81100,401900,2000100,10037500,50936700
round_k,0,1,5,18,86,405,2009,10000,50187,254683
round_shots,100,100,100,100,100,100,100,100,100,100
round_queries,100,300,1100,4100,18900,93100,471900,2380300,11915100,60342900
round_k,0,1,5,20,94,465,2359,11901,59575,301714
round_shots,200,100,100,100,100,100,100,100,100,100
round_queries,200,300,700,2300,9700,43900,213300,1066300,5376700,27287100
round_k,0,1,3,11,48,219,1066,5331,26883,136435
round_shots,100,100,100,100,100,100,100,100,100,100
round_queries,100,300,700,2500,10500,50100,245900,1236300,6251700,31481700
round_k,0,1,3,12,52,250,1229,6181,31258,157408
round_shots,200,100,100,100,100,100,100,100,100,100
round_queries,200,300,700,3300,14900,72300,361500,1819100,9213700,46725500
round_k,0,1,3,16,74,361,1807,9095,46068,233627
round_shots,200,100,100,100,100,100,100,100,100,100
round_queries,200,300,700,2900,14500,70300,352900,1777100,8957300,45271300
round_k,0,1,3,14,72,351,1764,8885,44786,226356
round_shots,100,100,100,100,100,100,100,100,100,100
round_queries,100,300,1100,3700,17500,86700,429500,2159700,10911900,55234900
round_k,0,1,5,18,87,433,2147,10798,54559,276174
round_shots,100,100,100,100,100,100,100,100,100
round_queries,100,300,1500,7500,35300,172500,860700,4344300,21991900
round_k,0,1,7,37,176,862,4303,21721,109959
round_shots,300,100,100,100,100,100,100,100,100
round_queries,300,300,1500,5700,25300,126700,637100,3201900,16182100
round_k,0,1,7,28,126,633,3185,16009,80910
round_shots,200,100,100,100,100,100,100,100,100
round_queries,200,300,1100,5300,24900,125100,619100,3092100,15601700
round_k,0,1,5,26,124,625,3095,15460,78008
round_shots,100,100,100,100,100,100,100,100,100
round_queries,100,300,1500,6100,27100,132100,658300,3336700,16698300
round_k,0,1,7,30,135,660,3291,16683,83491
round_shots,100,100,100,100,100,100,100,100,100
round_queries,100,300,1500,7100,35500,177700,887900,4492500,22789300
round_k,0,1,7,35,177,888,4439,22462,113946
round_shots,100,100,100,100,100,100,100,100,100
round_queries,100,300,1500,7300,32300,153900,760100,3744700,18897900
round_k,0,1,7,36,161,769,3800,18723,94489
round_shots,200,100,100,100,100,100,100,100,100
round_queries,200,500,2300,10900,53700,261500,1309500,6623900,33515500
round_k,0,2,11,54,268,1307,6547,33119,167577
round_shots,100,100,100,100,100,100,100,100,100,100
round_queries,100,300,1100,3700,17300,82300,408700,2035300,10304700,52587500
round_k,0,1,5,18,86,411,2043,10176,51523,262937
round_shots,100,100,100,100,100,100,100,100,100,100
round_queries,100,300,1100,3700,16900,78900,395700,1999300,10111300,51248700
round_k,0,1,5,18,84,394,1978,9996,50556,256243
round_shots,100,100,100,100,100,100,100,100,100,100
round_queries,100,300,700,2900,13900,67900,325700,1625300,8184700,41118900
round_k,0,1,3,14,69,339,1628,8126,40923,205594
round_shots,200,100,100,100,100,100,100,100,100,100
round_queries,200,300,1100,3700,17100,83300,415100,2079500,10484100,53178100
round_k,0,1,5,18,85,416,2075,10397,52420,265890
round_shots,100,100,100,100,100,100,100,100,100,100
round_queries,100,300,1100,3700,17500,85100,428100,2139700,10815900,54443900
round_k,0,1,5,18,87,425,2140,10698,54079,272219
round_shots,200,100,100,100,100,100,100,100,100,100
round_queries,200,300,1100,4700,20900,96300,463500,2316300,11722700,59465700
round_k,0,1,5,23,104,481,2317,11581,58613,297328
round_shots,100,100,100,100,100,100,100,100,100,100
round_queries,100,300,1100,4500,21700,101900,509500,2571500,12937500,64887100
round_k,0,1,5,22,108,509,2547,12857,64687,324435
round_shots,200,100,100,100,100,100,100,100,100
round_queries,200,500,1900,9300,43300,212100,1059700,5365100,27082500
round_k,0,2,9,46,216,1060,5298,26825,135412
round_shots,100,100,100,100,100,100,100,100,100,100
round_queries,100,300,1100,4500,21300,102900,515500,2581900,13067500,66245500
round_k,0,1,5,22,106,514,2577,12909,65337,331227
round_shots,100,100,100,100,100,100,100,100,100,100
round_queries,100,300,1100,4700,22500,109700,547900,2767100,13858900,70240700
round_k,0,1,5,23,112,548,2739,13835,69294,351203
round_shots,100,100,100,100,100,100,100,100,100,100
round_queries,100,300,700,1900,8300,41100,203300,1018100,5142500,26013100
round_k,0,1,3,9,41,205,1016,5090,25712,130065
round_shots,100,100,100,100,100,100,100,100,100,100
round_queries,100,300,1100,4100,17500,86700,435900,2176100,11037100,55865500
round_k,0,1,5,20,87,433,2179,10880,55185,279327
round_shots,100,100,100,100,100,100,100,100,100,100
round_queries,100,300,700,2300,11300,55300,276900,1398900,7060500,35757100
round_k,0,1,3,11,56,276,1384,6994,35302,178785
round_shots,100,100,100,100,100,100,100,100,100,100
round_queries,100,300,1100,4900,21300,104900,515300,2587700,13054100,66176900
round_k,0,1,5,24,106,524,2576,12938,65270,330884
round_shots,200,100,100,100,100,100,100,100,100
round_queries,200,500,1900,9500,44300,213300,1062900,5334500,26753100
round_k,0,2,9,47,221,1066,5314,26672,133765
round_shots,200,100,100,100,100,100,100,100,100,100
round_queries,200,300,1100,3700,16100,80500,398500,2003300,10145900,51415100
round_k,0,1,5,18,80,402,1992,10016,50729,257075
round_shots,100,100,100,100,100,100,100,100,100
round_queries,100,300,1500,6700,29100,142300,711300,3545500,17908900
round_k,0,1,7,33,145,711,3556,17727,89544
round_shots,100,100,100,100,100,100,100,100,100,100
round_queries,100,300,1100,4700,22300,108900,540900,2721100,13791500,69872700
round_k,0,1,5,23,111,544,2704,13605,68957,349363
round_shots,200,100,100,100,100,100,100,100,100,100
round_queries,200,300,700,2900,13700,68500,343900,1719500,8693700,44026900
round_k,0,1,3,14,68,342,1719,8597,43468,220134
round_shots,100,100,100,100,100,100,100,100,100
round_queries,100,300,1500,7500,36100,182900,915700,4597700,23284700
round_k,0,1,7,37,180,914,4578,22988,116423
round_shots,200,100,100,100,100,100,100,100,100,100
round_queries,200,300,700,2900,13100,62300,309100,1525500,7638700,38670300
round_k,0,1,3,14,65,311,1545,7627,38193,193351
round_shots,200,100,100,100,100,100,100,100,100
round_queries,200,300,1500,5900,28900,140500,700500,3527300,17833500
round_k,0,1,7,29,144,702,3502,17636,89167
round_shots,200,100,100,100,100,100,100,100,100,100
round_queries,200,300,1100,4500,21700,108500,537300,2713500,13765100,69858500
round_k,0,1,5,22,108,542,2686,13567,68825,349292
round_shots,200,100,100,100,100,100,100,100,100,100
round_queries,200,300,700,2300,10500,51700,252300,1270500,6414700,32442700
round_k,0,1,3,11,52,258,1261,6352,32073,162213
round_shots,100,100,100,100,100,100,100,100,100,100
round_queries,100,300,700,2300,9900,58100,285100,1412900,7144500,35825300
round_k,0,1,3,11,49,290,1425,7064,35722,179126
round_shots,200,100,100,100,100,100,100,100,100,100
round_queries,200,300,1100,3700,17900,86900,422500,2129500,10754700,54365700
round_k,0,1,5,18,89,434,2112,10647,53773,271828
round_shots,200,100,100,100,100,100,100,100,100,100
round_queries,200,300,1100,4900,21300,101900,510900,2566900,12965500,65412100
round_k,0,1,5,24,106,509,2554,12834,64827,327060
round_shots,100,100,100,100,100,100,100,100,100,100
round_queries,100,300,1100,4900,22900,114300,576100,2882700,14413300,72996700
round_k,0,1,5,24,114,571,2880,14413,72066,364983
round_shots,100,100,100,100,100,100,100,100,100,100
round_queries,100,300,1100,4900,22700,109500,541500,2745100,13901500,70005700
round_k,0,1,5,24,113,547,2707,13725,69507,350028
round_shots,100,100,100,100,100,100,100,100,100,100
round_queries,100,300,700,2700,12300,58100,288300,1442100,7254100,36735300
round_k,0,1,3,13,61,290,1441,7210,36270,183676
round_shots,100,100,100,100,100,100,100,100,100
round_queries,100,300,1100,5300,24900,120900,606700,3067500,15566700
round_k,0,1,5,26,124,604,3033,15337,77833
round_shots,100,100,100,100,100,100,100,100,100,100
round_queries,100,300,1100,3700,15500,75700,377100,1897700,9548700,48225300
round_k,0,1,5,18,77,378,1885,9488,47743,241126
round_shots,200,100,100,100,100,100,100,100,100,100
round_queries,200,300,1100,5100,24500,119300,593300,2976900,15092300,76531500
round_k,0,1,5,25,122,596,2966,14884,75461,382657
round_shots,200,100,100,100,100,100,100,100,100,100
round_queries,200,300,700,2900,14100,66900,332700,1670100,8402700,42586700
round_k,0,1,3,14,70,334,1663,8350,42013,212933
round_shots,100,200,100,100,100,100,100,100,100
round_queries,100,600,1900,7100,33900,171700,854900,4204700,20958300
round_k,0,1,9,35,169,858,4274,21023,104791
round_shots,100,100,100,100,100,100,100,100,100,100
round_queries,100,300,1100,4300,18700,85900,418900,2095700,10578300,53649900
round_k,0,1,5,21,93,429,2094,10478,52891,268249
round_shots,100,100,100,100,100,100,100,100,100,100
round_queries,100,300,1100,3500,19700,97300,482500,2430300,12224900,62044300
round_k,0,1,5,17,98,486,2412,12151,61124,310221
round_shots,200,100,100,100,100,100,100,100,100,100
round_queries,200,300,700,1900,7900,37700,184700,907100,4542500,22953700
round_k,0,1,3,9,39,188,923,4535,22712,114768
round_shots,200,100,100,100,100,100,100,100,100,100
round_queries,200,300,700,1900,8300,39300,195100,961700,4870300,24494100
round_k,0,1,3,9,41,196,975,4808,24351,122470
round_shots,100,100,100,100,100,100,100,100,100,100
round_queries,100,300,700,2300,8700,42300,206500,1042100,5188100,26292100
round_k,0,1,3,11,43,211,1032,5210,25940,131460
round_shots,200,100,100,100,100,100,100,100,100,100
round_queries,200,300,1100,3700,16300,76100,381700,1908500,9655700,48861300
round_k,0,1,5,18,81,380,1908,9542,48278,244306
round_shots,100,100,100,100,100,100,100,100,100,100
round_queries,100,300,1100,4100,18900,90500,452700,2270500,11524100,58173700
round_k,0,1,5,20,94,452,2263,11352,57620,290868
round_shots,100,100,100,100,100,100,100,100,100,100
round_queries,100,300,1100,3500,16700,78500,387900,1963900,9945300,50342500
round_k,0,1,5,17,83,392,1939,9819,49726,251712
round_shots,100,100,100,100,100,100,100,100,100,100
round_queries,100,300,700,2900,14100,68300,339500,1676900,8432500,42508300
round_k,0,1,3,14,70,341,1697,8384,42162,212541
round_shots,300,100,100,100,100,100,100,100,100,100
round_queries,300,300,1100,4700,21500,100900,504900,2512900,12668700,63493500
round_k,0,1,5,23,107,504,2524,12564,63343,317467
round_shots,200,100,100,100,100,100,100,100,100,100
round_queries,200,300,1100,4500,20100,97500,477300,2392700,11983900,60667900
round_k,0,1,5,22,100,487,2386,11963,59919,303339
round_shots,100,100,100,100,100,100,100,100,100,100
round_queries,100,300,900,2700,12300,58100,288500,1429100,7220100,36178900
round_k,0,1,4,13,61,290,1442,7145,36100,180894
round_shots,100,100,100,100,100,100,100,100,100,100
round_queries,100,300,1100,5100,23100,109900,550300,2756900,13935300,70457500
round_k,0,1,5,25,115,549,2751,13784,69676,352287
round_shots,100,100,100,100,100,100,100,100,100,100
round_queries,100,300,1100,3100,13300,66500,329900,1661700,8437300,42601700
round_k,0,1,5,15,66,332,1649,8308,42186,213008
round_shots,100,100,100,100,100,100,100,100,100,100
round_queries,100,300,1100,5100,24100,117700,587700,2950300,14870700,74939100
round_k,0,1,5,25,120,588,2938,14751,74353,374695
round_shots,100,100,100,100,100,100,100,100,100,100
round_queries,100,300,1100,3700,17300,81500,405300,2035500,10164500,51451700
round_k,0,1,5,18,86,407,2026,10177,50822,257258
round_shots,100,100,100,100,100,100,100,100,100,100
round_queries,100,300,1100,4100,19100,92300,462300,2318100,11733900,59470500
round_k,0,1,5,20,95,461,2311,11590,58669,297352
round_shots,200,100,100,100,100,100,100,100,100,100
round_queries,200,300,900,3500,15500,73700,363700,1806300,9112500,46137500
round_k,0,1,4,17,77,368,1818,9031,45562,230687
round_shots,200,200,100,100,100,100,100,100,100,100
round_queries,200,600,900,2700,11700,56500,275900,1380500,6989900,35469500
round_k,0,1,4,13,58,282,1379,6902,34949,177347
round_shots,200,100,100,100,100,100,100,100,100,100
round_queries,200,300,700,2700,11700,57500,285300,1439100,7265300,36840100
round_k,0,1,3,13,58,287,1426,7195,36326,184200
round_shots,100,100,100,100,100,100,100,100,100,100
round_queries,100,300,1100,4100,18900,93100,458700,2297300,11620500,58764700
round_k,0,1,5,20,94,465,2293,11486,58102,293823
round_shots,100,100,100,100,100,100,100,100,100,100
round_queries,100,300,700,3100,13900,64300,319300,1601300,8095500,40790300
round_k,0,1,3,15,69,321,1596,8006,40477,203951
round_shots,100,100,100,100,100,100,100,100,100
round_queries,100,300,1100,5500,24500,122300,615500,3086500,15542500
round_k,0,1,5,27,122,611,3077,15432,77712
round_shots,100,100,100,100,100,100,100,100,100,100
round_queries,100,300,1100,4700,21100,104700,523500,2602300,13122100,66604900
round_k,0,1,5,23,105,523,2617,13011,65610,333024
round_shots,100,100,100,100,100,100,100,100,100,100
round_queries,100,300,1100,4100,18300,87900,417300,2107500,10530300,53187700
round_k,0,1,5,20,91,439,2086,10537,52651,265938
round_shots,100,100,100,100,100,100,100,100,100,100
round_queries,100,300,1100,5100,24900,122100,570300,2860300,14385700,72780900
round_k,0,1,5,25,124,610,2851,14301,71928,363904
round_shots,200,100,100,100,100,100,100,100,100
round_queries,200,500,1500,6300,28500,140900,706300,3533300,17849700
round_k,0,2,7,31,142,704,3531,17666,89248
round_shots,100,200,100,100,100,100,100,100,100,100
round_queries,100,600,1100,3700,17700,82300,404300,2033500,10268100,52118900
round_k,0,1,5,18,88,411,2021,10167,51340,260594
round_shots,200,100,100,100,100,100,100,100,100,100
round_queries,200,300,1100,4700,22500,110300,545900,2741900,13864100,70280100
round_k,0,1,5,23,112,551,2729,13709,69320,351400
round_shots,200,100,100,100,100,100,100,100,100,100
round_queries,200,300,1100,4100,19500,96100,480500,2407100,12191300,61836500
round_k,0,1,5,20,97,480,2402,12035,60956,309182
round_shots,100,100,100,100,100,100,100,100,100,100
round_queries,100,300,1100,5100,24700,122500,611100,3064900,15426500,78229500
round_k,0,1,5,25,123,612,3055,15324,77132,391147
round_shots,200,100,100,100,100,100,100,100,100,100
round_queries,200,300,1100,3100,13900,68900,342100,2056900,10510100,53253300
round_k,0,1,5,15,69,344,1710,10284,52550,266266
round_shots,200,100,100,100,100,100,100,100,100
round_queries,200,300,1500,6700,31700,155300,766500,3866500,19540900
round_k,0,1,7,33,158,776,3832,19332,97704
round_shots,100,100,100,100,100,100,100,100,100,100
round_queries,100,300,1100,4100,18500,88900,440300,2210300,11087700,55992100
round_k,0,1,5,20,92,444,2201,11051,55438,279960
round_shots,200,100,100,100,100,100,100,100,100
round_queries,200,300,1100,5500,25300,124700,617300,3088700,15583500
round_k,0,1,5,27,126,623,3086,15443,77917
round_shots,100,100,100,100,100,100,100,100,100,100
round_queries,100,300,700,3500,15100,72100,354900,1784900,9041700,45890100
round_k,0,1,3,17,75,360,1774,8924,45208,229450
round_shots,200,100,100,100,100,100,100,100,100,100
round_queries,200,300,1100,4700,21100,99900,483100,2421300,12267100,62283500
round_k,0,1,5,23,105,499,2415,12106,61335,311417
round_shots,200,100,100,100,100,100,100,100,100,100
round_queries,200,300,1100,4900,21700,106700,532100,2693500,13640500,69146100
round_k,0,1,5,24,108,533,2660,13467,68202,345730
round_shots,100,100,100,100,100,100,100,100,100,100
round_queries,100,300,1100,4100,19700,92500,463300,2349100,11882300,60167300
round_k,0,1,5,20,98,462,2316,11745,59411,300836
round_shots,200,100,100,100,100,100,100,100,100,100
round_queries,200,300,700,2900,13300,65100,312300,1572300,7869100,39653500
round_k,0,1,3,14,66,325,1561,7861,39345,198267
round_shots,100,100,100,100,100,100,100,100,100,100
round_queries,100,300,1100,4100,17900,85900,432900,2175700,10958100,55074900
round_k,0,1,5,20,89,429,2164,10878,54790,275374
round_shots,200,100,100,100,100,100,100,100,100
round_queries,200,500,1900,7700,35900,169900,845700,4273500,21600700
round_k,0,2,9,38,179,849,4228,21367,108003
round_shots,200,100,100,100,100,100,100,100,100,100
round_queries,200,300,1100,4100,17300,82900,410900,2070300,10436500,52834300
round_k,0,1,5,20,86,414,2054,10351,52182,264171
round_shots,200,100,100,100,100,100,100,100,100
round_queries,200,300,1500,7100,31900,146900,732100,3701300,18686300
round_k,0,1,7,35,159,734,3660,18506,93431
round_shots,200,100,100,100,100,100,100,100,100,100
round_queries,200,300,700,1900,8300,37900,180700,892900,4490500,22845900
round_k,0,1,3,9,41,189,903,4464,22452,114229
round_shots,200,100,100,100,100,100,100,100,100,100
round_queries,200,300,1100,4500,20700,98700,485500,2412900,12220500,61749300
round_k,0,1,5,22,103,493,2427,12064,61102,308746
round_shots,200,100,100,100,100,100,100,100,100,100
round_queries,200,300,700,2700,10300,48300,236500,1161100,5812700,29346100
round_k,0,1,3,13,51,241,1182,5805,29063,146730
round_shots,200,100,100,100,100,100,100,100,100,100
round_queries,200,300,1100,3700,16900,84300,393100,1969300,9641500,46571900
round_k,0,1,5,18,84,421,1965,9846,48207,232859
round_shots,100,100,100,100,100,100,100,100,100,100
round_queries,100,300,700,3100,13100,63100,308100,1550900,7824100,39551900
round_k,0,1,3,15,65,315,1540,7754,39120,197759
round_shots,200,100,100,100,100,100,100,100,100,100
round_queries,200,300,1100,4700,21100,104500,520500,2624100,13269100,67344300
round_k,0,1,5,23,105,522,2602,13120,66345,336721
round_shots,100,100,100,100,100,100,100,100,100
round_queries,100,300,1100,5500,25900,129500,648700,3262700,16418700
round_k,0,1,5,27,129,647,3243,16313,82093
round_shots,100,100,100,100,100,100,100,100,100,100
round_queries,100,300,1100,5100,23900,118900,587300,2927900,14784300,74934700
round_k,0,1,5,25,119,594,2936,14639,73921,374673
round_shots,200,100,100,100,100,100,100,100,100,100
round_queries,200,300,700,2300,9700,46100,230700,1165300,5893700,29862300
round_k,0,1,3,11,48,230,1153,5826,29468,149311
round_shots,200,100,100,100,100,100,100,100,100
round_queries,200,500,2500,10100,49700,249900,1253100,6325700,31960300
round_k,0,2,12,50,248,1249,6265,31628,159801
round_shots,100,100,100,100,100,100,100,100,100,100
round_queries,100,300,1100,5100,23700,113500,565900,2829700,14289700,72480100
round_k,0,1,5,25,118,567,2829,14148,71448,362400
round_shots,100,100,100,100,100,100,100,100,100,100
round_queries,100,300,1100,4100,19500,90700,458500,2300500,11642500,58989700
round_k,0,1,5,20,97,453,2292,11502,58212,294948
round_shots,200,100,100,100,100,100,100,100,100,100
round_queries,200,300,700,1900,7100,33300,166500,831100,4163100,21063500
round_k,0,1,3,9,35,166,832,4155,20815,105317
round_shots,200,100,100,100,100,100,100,100,100,100
round_queries,200,300,700,2900,13700,66500,327100,1654100,8341700,42258500
round_k,0,1,3,14,68,332,1635,8270,41708,211292
round_shots,200,100,100,100,100,100,100,100,100,100
round_queries,200,300,700,1900,9500,44300,218900,1096300,5523100,27929900
round_k,0,1,3,9,47,221,1094,5481,27615,139649
round_shots,200,100,100,100,100,100,100,100,100,100
round_queries,200,300,1100,4100,19500,100100,492100,2490300,12620700,63871500
round_k,0,1,5,20,97,500,2460,12451,63103,319357
round_shots,200,100,100,100,100,100,100,100,100,100
round_queries,200,300,1100,4500,21500,107100,533100,2699500,13677500,69255500
round_k,0,1,5,22,107,535,2665,13497,68387,346277
round_shots,200,100,100,100,100,100,100,100,100,100
round_queries,200,300,1100,3100,13500,62900,316900,1601100,8082700,40941900
round_k,0,1,5,15,67,314,1584,8005,40413,204709
round_shots,100,100,100,100,100,100,100,100,100,100
round_queries,100,300,1100,4500,21300,104300,509100,2552500,12910900,65297900
round_k,0,1,5,22,106,521,2545,12762,64554,326489
round_shots,200,100,100,100,100,100,100,100,100,100
round_queries,200,300,1100,4100,18900,89500,428100,2155300,10839500,55060100
round_k,0,1,5,20,94,447,2140,10776,54197,275300
round_shots,100,100,100,100,100,100,100,100,100,100
round_queries,100,300,1100,4500,21100,103500,511100,2534100,12846500,65176500
round_k,0,1,5,22,105,517,2555,12670,64232,325882
round_shots,100,100,100,100,100,100,100,100,100,100
round_queries,100,300,1100,4500,20300,96900,473500,2368900,11945500,60094900
round_k,0,1,5,22,101,484,2367,11844,59727,300474
round_shots,100,100,100,100,100,100,100,100,100,100
round_queries,100,300,1100,3700,16700,82700,412100,2071500,10453300,52637700
round_k,0,1,5,18,83,413,2060,10357,52266,263188
round_shots,100,100,100,100,100,100,100,100,100,100
round_queries,100,300,700,2900,13500,65700,322100,1570900,7937900,40194500
round_k,0,1,3,14,67,328,1610,7854,39689,200972
round_shots,200,100,100,100,100,100,100,100,100,100
round_queries,200,300,1100,4100,19100,93700,464700,2314300,11744500,59535100
round_k,0,1,5,20,95,468,2323,11571,58722,297675
round_shots,200,100,100,100,100,100,100,100,100,100
round_queries,200,300,1100,4100,18500,90700,447900,2247100,11291100,57347500
round_k,0,1,5,20,92,453,2239,11235,56455,286737
round_shots,100,100,100,100,100,100,100,100,100,100
round_queries,100,300,1100,4100,18700,88100,434500,2192300,11085500,56274900
round_k,0,1,5,20,93,440,2172,10961,55427,281374
round_shots,200,100,100,100,100,100,100,100,100,100
round_queries,200,300,1100,4900,22900,110900,552100,2780900,14042300,71088500
round_k,0,1,5,24,114,554,2760,13904,70211,355442
round_shots,100,100,100,100,100,100,100,100,100,100
round_queries,100,300,700,3300,14100,65900,325900,1620700,8153100,41360700
round_k,0,1,3,16,70,329,1629,8103,40765,206803
round_shots,200,100,100,100,100,100,100,100,100,100
round_queries,200,300,1100,4100,18700,87700,433100,2180700,11016300,55683900
round_k,0,1,5,20,93,438,2165,10903,55081,278419
round_shots,100,100,100,100,100,100,100,100,100,100
round_queries,100,300,1100,4500,21100,103300,513700,2592300,13115700,66578500
round_k,0,1,5,22,105,516,2568,12961,65578,332892
round_shots,100,100,100,100,100,100,100,100,100
round_queries,100,300,1500,6700,30100,144300,709700,3573900,18119500
round_k,0,1,7,33,150,721,3548,17869,90597
round_shots,200,100,100,100,100,100,100,100,100,100
round_queries,200,300,1100,3700,16900,81500,410700,2069900,10439300,52876300
round_k,0,1,5,18,84,407,2053,10349,52196,264381
round_shots,200,100,100,100,100,100,100,100,100
round_queries,200,500,1500,6300,29300,144700,718300,3633300,18435300
round_k,0,2,7,31,146,723,3591,18166,92176
round_shots,100,100,100,100,100,100,100,100,100,100
round_queries,100,300,1100,4700,21900,104500,519300,2521300,12721500,64270900
round_k,0,1,5,23,109,522,2596,12606,63607,321354
round_shots,200,200,100,100,100,100,100,100,100
round_queries,200,600,1500,5900,28300,130700,655500,3291300,16579900
round_k,0,1,7,29,141,653,3277,16456,82899
round_shots,100,100,100,100,100,100,100,100,100,100
round_queries,100,300,700,1900,8500,42500,213500,1061900,5357500,27057700
round_k,0,1,3,9,42,212,1067,5309,26787,135288
round_shots,200,100,100,100,100,100,100,100,100,100
round_queries,200,300,1100,5100,22100,105500,525300,2652100,13417700,67661300
round_k,0,1,5,25,110,527,2626,13260,67088,338306
round_shots,100,100,100,100,100,100,100,100,100,100
round_queries,100,300,1100,3700,15900,72900,364500,1833900,9270300,46995700
round_k,0,1,5,18,79,364,1822,9169,46351,234978
round_shots,100,100,100,100,100,100,100,100,100,100
round_queries,100,300,1100,4100,19700,94500,473300,2372500,12012300,60287300
round_k,0,1,5,20,98,472,2366,11862,60061,301436
round_shots,100,100,100,100,100,100,100,100,100,100
round_queries,100,300,700,2300,9700,44700,217300,1086500,5478700,33417700
round_k,0,1,3,11,48,223,1086,5432,27393,167088
round_shots,100,100,100,100,100,100,100,100,100,100
round_queries,100,300,1100,4500,20700,101300,509100,2557100,12856500,65163700
round_k,0,1,5,22,103,506,2545,12785,64282,325818
round_shots,100,100,100,100,100,100,100,100,100,100
round_queries,100,300,1100,4900,23700,115500,565300,2829900,14318100,72632100
round_k,0,1,5,24,118,577,2826,14149,71590,363160
round_shots,100,100,100,100,100,100,100,100,100,100
round_queries,100,300,1100,5100,22500,108100,534300,2671900,13449500,68152100
round_k,0,1,5,25,112,540,2671,13359,67247,340760
round_shots,100,100,100,100,100,100,100,100,100,100
round_queries,100,300,700,2900,13900,68700,340700,1698700,8559900,43196500
round_k,0,1,3,14,69,343,1703,8493,42799,215982
round_shots,100,100,100,100,100,100,100,100,100,100
round_queries,100,300,700,2300,11300,53900,273900,1298900,6287900,31712300
round_k,0,1,3,11,56,269,1369,6494,31439,158561
round_shots,200,100,100,100,100,100,100,100,100,100
round_queries,200,300,700,3300,14500,68100,336700,1667900,8427100,42644900
round_k,0,1,3,16,72,340,1683,8339,42135,213224
round_shots,200,100,100,100,100,100,100,100,100,100
round_queries,200,300,700,2300,8700,40100,189100,950700,4787900,24166500
round_k,0,1,3,11,43,200,945,4753,23939,120832
round_shots,300,100,100,100,100,100,100,100,100
round_queries,300,500,1900,8300,39500,197900,999500,5029900,25438900
round_k,0,2,9,41,197,989,4997,25149,127194
round_shots,100,100,100,100,100,100,100,100,100,100
round_queries,100,300,1100,3700,17500,87100,438900,2176100,10880900,54850500
round_k,0,1,5,18,87,435,2194,10880,54404,274252
round_shots,100,100,100,100,100,100,100,100,100,100
round_queries,100,300,1500,4900,20900,100700,473500,2341300,11672300,58838100
round_k,0,1,7,24,104,503,2367,11706,58361,294190
round_shots,100,100,100,100,100,100,100,100,100,100
round_queries,100,300,1100,4700,20100,94900,456100,2300900,11626900,59032500
round_k,0,1,5,23,100,474,2280,11504,58134,295162
round_shots,200,100,100,100,100,100,100,100,100,100
round_queries,200,300,1100,3700,16300,78700,392700,1959700,9871700,50100900
round_k,0,1,5,18,81,393,1963,9798,49358,250504
round_shots,100,100,100,100,100,100,100,100,100,100
round_queries,100,300,700,2300,9300,43700,215300,1307300,6565500,33116900
round_k,0,1,3,11,46,218,1076,6536,32827,165584
round_shots,200,100,100,100,100,100,100,100,100,100
round_queries,200,300,1100,4500,19500,93500,461300,2311300,11668900,59070900
round_k,0,1,5,22,97,467,2306,11556,58344,295354
round_shots,200,100,100,100,100,100,100,100,100,100
round_queries,200,300,700,2300,10500,50100,250900,1266500,6369300,32290300
round_k,0,1,3,11,52,250,1254,6332,31846,161451
round_shots,200,100,100,100,100,100,100,100,100,100
round_queries,200,300,700,2700,11700,57300,281100,1405900,7029100,35440700
round_k,0,1,3,13,58,286,1405,7029,35145,177203
round_shots,100,100,100,100,100,100,100,100,100,100
round_queries,100,300,1100,3100,13700,67300,335100,1686900,8510300,43092300
round_k,0,1,5,15,68,336,1675,8434,42551,215461
round_shots,200,100,100,100,100,100,100,100,100,100
round_queries,200,300,700,3300,14100,70700,346100,1739100,8750500,44116300
round_k,0,1,3,16,70,353,1730,8695,43752,220581
round_shots,100,100,100,100,100,100,100,100,100,100
round_queries,100,300,700,2700,11900,59500,283900,1441100,7242900,36501100
round_k,0,1,3,13,59,297,1419,7205,36214,182505
round_shots,100,100,100,100,100,100,100,100,100,100
round_queries,100,300,1100,4300,20100,98100,490500,2447100,12363300,62279100
round_k,0,1,5,21,100,490,2452,12235,61816,311395
round_shots,100,100,100,100,100,100,100,100,100,100
round_queries,100,300,700,2900,13100,62700,309900,1566500,7889300,39928900
round_k,0,1,3,14,65,313,1549,7832,39446,199644
round_shots,100,100,100,100,100,100,100,100,100
round_queries,100,500,1500,6300,29900,147500,723500,3655900,18419100
round_k,0,2,7,31,149,737,3617,18279,92095
round_shots,200,100,100,100,100,100,100,100,100
round_queries,200,300,1100,5500,26100,123500,618500,3103300,15688100
round_k,0,1,5,27,130,617,3092,15516,78440
round_shots,200,100,100,100,100,100,100,100,100,100
round_queries,200,300,1100,5500,24700,121300,596300,2980500,15009300,75714100
round_k,0,1,5,27,123,606,2981,14902,75046,378570
round_shots,100,100,100,100,100,100,100,100,100,100
round_queries,100,300,1100,4100,17700,85700,418900,2105700,10636100,53950900
round_k,0,1,5,20,88,428,2094,10528,53180,269754
round_shots,200,100,100,100,100,100,100,100,100,100
round_queries,200,300,1100,4100,18300,90500,447300,2242300,11339300,57381100
round_k,0,1,5,20,91,452,2236,11211,56696,286905
round_shots,200,100,100,100,100,100,100,100,100,100
round_queries,200,300,1100,4500,20500,101500,498900,2501300,12630900,64069900
round_k,0,1,5,22,102,507,2494,12506,63154,320349
round_shots,300,100,100,100,100,100,100,100,100
round_queries,300,500,1900,9100,43700,212900,1067500,5343100,26988300
round_k,0,2,9,45,218,1064,5337,26715,134941
round_shots,100,100,100,100,100,100,100,100,100,100
round_queries,100,300,1100,4700,20900,103300,514900,2579500,13047900,66555900
round_k,0,1,5,23,104,516,2574,12897,65239,332779
round_shots,200,100,100,100,100,100,100,100,100
round_queries,200,300,1100,5500,26500,132100,660900,3332500,16809500
round_k,0,1,5,27,132,660,3304,16662,84047
round_shots,200,100,100,100,100,100,100,100,100,100
round_queries,200,300,1100,4500,21300,98700,485300,2436700,12321900,62479700
round_k,0,1,5,22,106,493,2426,12183,61609,312398
round_shots,200,200,100,100,100,100,100,100,100
round_queries,200,600,1500,7100,33900,167100,830900,4177500,21130300
round_k,0,1,7,35,169,835,4154,20887,105651
round_shots,100,100,100,100,100,100,100,100,100
round_queries,100,300,1100,4900,24500,122100,610500,3078700,15577100
round_k,0,1,5,24,122,610,3052,15393,77885
round_shots,300,100,100,100,100,100,100,100,100,100
round_queries,300,300,900,2700,13500,64700,325100,1620900,8177100,41323500
round_k,0,1,4,13,67,323,1625,8104,40885,206617
round_shots,200,100,100,100,100,100,100,100,100,100
round_queries,200,300,1100,3500,14300,67100,333700,1674100,8384700,42336700
round_k,0,1,5,17,71,335,1668,8370,41923,211683
round_shots,100,100,100,100,100,100,100,100,100,100
round_queries,100,300,1100,4700,21500,103700,516700,2573500,12964300,65517100
round_k,0,1,5,23,107,518,2583,12867,64821,327585
round_shots,200,100,100,100,100,100,100,100,100
round_queries,200,300,1500,7100,35100,176900,886700,4386500,22120100
round_k,0,1,7,35,175,884,4433,21932,110600
round_shots,200,100,100,100,100,100,100,100,100,100
round_queries,200,300,700,2700,13500,61100,305300,1541300,7773300,39349300
round_k,0,1,3,13,67,305,1526,7706,38866,196746
round_shots,200,100,100,100,100,100,100,100,100,100
round_queries,200,300,1100,4100,17500,84300,427300,2137900,10796300,54597100
round_k,0,1,5,20,87,421,2136,10689,53981,272985
round_shots,200,100,100,100,100,100,100,100,100,100
round_queries,200,300,1100,4500,19500,92700,456100,2284900,11599500,58856100
round_k,0,1,5,22,97,463,2280,11424,57997,294280
round_shots,200,100,100,100,100,100,100,100,100,100
round_queries,200,300,1100,4100,18300,91300,449700,2254100,11427100,57403900
round_k,0,1,5,20,91,456,2248,11270,57135,287019
round_shots,200,100,100,100,100,100,100,100,100,100
round_queries,200,300,1100,4900,22500,111100,545100,2738700,13858900,70169100
round_k,0,1,5,24,112,555,2725,13693,69294,350845
round_shots,200,100,100,100,100,100,100,100,100,100
round_queries,200,300,1100,4700,22500,108500,540700,2730700,13804900,69943500
round_k,0,1,5,23,112,542,2703,13653,69024,349717
round_shots,100,100,100,100,100,100,100,100,100,100
round_queries,100,300,1100,4100,18900,89100,439700,2215700,11062100,55914900
round_k,0,1,5,20,94,445,2198,11078,55310,279574
round_shots,100,100,100,100,100,100,100,100,100,100
round_queries,100,300,700,2300,10900,53100,259300,1286700,6510900,32966300
round_k,0,1,3,11,54,265,1296,6433,32554,164831
round_shots,300,100,100,100,100,100,100,100,100
round_queries,300,500,1900,9500,44700,218300,1096900,5516300,27825900
round_k,0,2,9,47,223,1091,5484,27581,139129
round_shots,100,100,100,100,100,100,100,100,100
round_queries,100,300,1500,6700,33500,168100,842700,4205500,21302900
round_k,0,1,7,33,167,840,4213,21027,106514
round_shots,100,100,100,100,100,100,100,100,100
round_queries,100,500,1500,5300,25500,124100,621500,3112900,15759900
round_k,0,2,7,26,127,620,3107,15564,78799
round_shots,200,100,100,100,100,100,100,100,100,100
round_queries,200,300,1100,4100,18900,93700,452900,2255500,11388900,57684100
round_k,0,1,5,20,94,468,2264,11277,56944,288420
round_shots,100,100,100,100,100,100,100,100,100,100
round_queries,100,300,900,2700,11500,53900,265500,1323500,6665300,33817100
round_k,0,1,4,13,57,269,1327,6617,33326,169085
round_shots,100,100,100,100,100,100,100,100,100,100
round_queries,100,300,700,3300,15300,70300,348300,1746700,8819700,44587900
round_k,0,1,3,16,76,351,1741,8733,44098,222939
round_shots,200,100,100,100,100,100,100,100,100,100
round_queries,200,300,1100,3700,17100,80300,395900,1987300,9998300,50641300
round_k,0,1,5,18,85,401,1979,9936,49991,253206
round_shots,200,100,100,100,100,100,100,100,100,100
round_queries,200,300,1100,5100,22300,106900,527300,2654900,13457300,67927100
round_k,0,1,5,25,111,534,2636,13274,67286,339635
round_shots,100,100,100,100,100,100,100,100,100,100
round_queries,100,300,1100,3700,17300,81300,384100,1943500,9786700,49602100
round_k,0,1,5,18,86,406,1920,9717,48933,248010
round_shots,200,100,100,100,100,100,100,100,100
round_queries,200,300,1100,5300,25900,121300,608500,3054500,15465700
round_k,0,1,5,26,129,606,3042,15272,77328
round_shots,100,100,100,100,100,100,100,100,100,100
round_queries,100,300,1100,4100,18700,89700,442500,2224300,11220500,56784300
round_k,0,1,5,20,93,448,2212,11121,56102,283921
round_shots,200,100,100,100,100,100,100,100,100,100
round_queries,200,300,900,3100,12900,58900,297300,1445900,7264900,36639100
round_k,0,1,4,15,64,294,1486,7229,36324,183195
round_shots,100,100,100,100,100,100,100,100,100,100
round_queries,100,300,700,2300,11100,51700,254300,1269700,6397300,32395700
round_k,0,1,3,11,55,258,1271,6348,31986,161978
round_shots,100,100,100,100,100,100,100,100,100,100
round_queries,100,300,1100,3700,17500,86500,433700,2165100,10920300,55403300
round_k,0,1,5,18,87,432,2168,10825,54601,277016
round_shots,100,100,100,100,100,100,100,100,100,100
round_queries,100,300,700,2300,9700,47700,232100,1147700,5770700,29246700
round_k,0,1,3,11,48,238,1160,5738,28853,146233
round_shots,100,100,100,100,100,100,100,100,100,100
round_queries,100,300,700,2900,12500,56500,270700,1358300,6875900,34523300
round_k,0,1,3,14,62,282,1353,6791,34379,172616
round_shots,100,100,100,100,100,100,100,100,100,100
round_queries,100,300,700,2900,11500,54500,272500,1367300,6891900,35197700
round_k,0,1,3,14,57,272,1362,6836,34459,175988
round_shots,200,100,100,100,100,100,100,100,100,100
round_queries,200,300,700,2900,14500,66500,318300,1594300,8050300,40746900
round_k,0,1,3,14,72,332,1591,7971,40251,203734
round_shots,100,100,100,100,100,100,100,100,100,100
round_queries,100,300,1100,3900,16300,81100,396900,1994100,10059700,50892100
round_k,0,1,5,19,81,405,1984,9970,50298,254460
round_shots,200,100,100,100,100,100,100,100,100,100
round_queries,200,300,700,2900,12500,59900,299700,1498500,7592700,38408900
round_k,0,1,3,14,62,299,1498,7492,37963,192044
round_shots,200,100,100,100,100,100,100,100,100,100
round_queries,200,300,1100,4700,21300,101300,501900,2527700,12799500,64783900
round_k,0,1,5,23,106,506,2509,12638,63997,323919
round_shots,100,100,100,100,100,100,100,100,100,100
round_queries,100,300,700,2900,12700,63900,318500,1596900,8066500,40887900
round_k,0,1,3,14,63,319,1592,7984,40332,204439
round_shots,100,100,100,100,100,100,100,100,100,100
round_queries,100,300,1100,4100,19900,97500,473300,2372100,11887500,60331900
round_k,0,1,5,20,99,487,2366,11860,59437,301659
round_shots,200,100,100,100,100,100,100,100,100,100
round_queries,200,300,1100,3700,18500,92500,456500,2282500,11578700,58454900
round_k,0,1,5,18,92,462,2282,11412,57893,292274
round_shots,100,100,100,100,100,100,100,100,100,100
round_queries,100,300,1100,4500,22300,105900,526900,2647100,13420300,67933500
round_k,0,1,5,22,111,529,2634,13235,67101,339667
round_shots,100,100,100,100,100,100,100,100,100,100
round_queries,100,300,700,2700,11700,55900,278100,1397300,7046300,35694500
round_k,0,1,3,13,58,279,1390,6986,35231,178472
round_shots,100,100,100,100,100,100,100,100,100,100
round_queries,100,300,700,2500,11900,53700,259100,1286300,6483900,32825700
round_k,0,1,3,12,59,268,1295,6431,32419,164128
round_shots,100,100,100,100,100,100,100,100,100,100
round_queries,100,300,700,2900,13900,63900,316300,1565300,7789700,39371300
round_k,0,1,3,14,69,319,1581,7826,38948,196856
round_shots,100,100,100,100,100,100,100,100,100,100
round_queries,100,300,1100,5100,22300,105900,526900,2639900,13279500,67137500
round_k,0,1,5,25,111,529,2634,13199,66397,335687
round_shots,100,100,100,100,100,100,100,100,100,100
round_queries,100,300,1100,4700,21100,101100,508100,2566300,12995900,65746500
round_k,0,1,5,23,105,505,2540,12831,64979,328732
round_shots,200,100,100,100,100,100,100,100,100
round_queries,200,500,2300,10900,53300,266700,1328500,6652500,33635300
round_k,0,2,11,54,266,1333,6642,33262,168176
round_shots,200,100,100,100,100,100,100,100,100
round_queries,200,500,1900,7500,35900,177900,895500,4506900,22797100
round_k,0,2,9,37,179,889,4477,22534,113985
round_shots,200,100,100,100,100,100,100,100,100,100
round_queries,200,300,1100,3700,15900,72900,356100,1780300,8984700,45608300
round_k,0,1,5,18,79,364,1780,8901,44923,228041
round_shots,100,100,100,100,100,100,100,100,100,100
round_queries,100,300,1100,4100,19900,96900,486300,2457700,12423500,62663300
round_k,0,1,5,20,99,484,2431,12288,62117,313316
round_shots,100,100,100,100,100,100,100,100,100,100
round_queries,100,300,1100,4500,21100,97700,464500,2325900,11733100,59513700
round_k,0,1,5,22,105,488,2322,11629,58665,297568
round_shots,100,100,100,100,100,100,100,100,100,100
round_queries,100,300,1100,4100,17900,85100,424700,2135700,10772100,54576700
round_k,0,1,5,20,89,425,2123,10678,53860,272883
round_shots,200,100,100,100,100,100,100,100,100,100
round_queries,200,300,1100,4500,20300,96500,486900,2438700,12931700,65628700
round_k,0,1,5,22,101,482,2434,12193,64658,328143
round_shots,200,100,100,100,100,100,100,100,100,100
round_queries,200,300,1100,3700,17100,84100,404500,2018500,10157900,51477300
round_k,0,1,5,18,85,420,2022,10092,50789,257386
round_shots,300,100,100,100,100,100,100,100,100
round_queries,300,500,1900,7500,35100,170300,840100,4249900,21336100
round_k,0,2,9,37,175,851,4200,21249,106680
round_shots,200,100,100,100,100,100,100,100,100
round_queries,200,500,1500,5300,26100,131500,660700,3306300,16635100
round_k,0,2,7,26,130,657,3303,16531,83175
round_shots,200,100,100,100,100,100,100,100,100,100
round_queries,200,300,1100,4500,20300,101500,504500,2530900,12779700,64732300
round_k,0,1,5,22,101,507,2522,12654,63898,323661
round_shots,200,100,100,100,100,100,100,100,100,100
round_queries,200,300,1100,3700,16500,82300,411300,2046700,10197500,51764100
round_k,0,1,5,18,82,411,2056,10233,50987,258820
round_shots,100,100,100,100,100,100,100,100,100,100
round_queries,100,300,1100,5100,23500,114300,568700,2867300,14550300,73846900
round_k,0,1,5,25,117,571,2843,14336,72751,369234
round_shots,100,100,100,100,100,100,100,100,100,100
round_queries,100,300,1100,4700,21900,104900,518700,2601500,13165500,66774300
round_k,0,1,5,23,109,524,2593,13007,65827,333871
round_shots,100,100,100,100,100,100,100,100,100,100
round_queries,100,300,700,2300,8900,43100,209700,1027700,5201700,26253900
round_k,0,1,3,11,44,215,1048,5138,26008,131269
round_shots,100,100,100,100,100,100,100,100,100
round_queries,100,300,1100,5300,26500,129500,646300,3236900,16223500
round_k,0,1,5,26,132,647,3231,16184,81117
round_shots,100,100,100,100,100,100,100,100,100,100
round_queries,100,300,1100,4300,19100,86900,436500,2191100,11082700,56228300
round_k,0,1,5,21,95,434,2182,10955,55413,281141
round_shots,200,100,100,100,100,100,100,100,100
round_queries,200,500,1500,5900,27900,137700,689100,3471100,17528100
round_k,0,2,7,29,139,688,3445,17355,87640
round_shots,100,100,100,100,100,100,100,100,100,100
round_queries,100,300,1500,4900,23300,111500,540700,2649500,13359300,67676100
round_k,0,1,7,24,116,557,2703,13247,66796,338380
round_shots,100,100,100,100,100,100,100,100,100,100
round_queries,100,300,1100,4100,18500,87300,426300,2141500,10715500,54284300
round_k,0,1,5,20,92,436,2131,10707,53577,271421
round_shots,200,100,100,100,100,100,100,100,100,100
round_queries,200,300,700,2700,11100,51900,250100,1248900,6308700,31777300
round_k,0,1,3,13,55,259,1250,6244,31543,158886
round_shots,100,100,100,100,100,100,100,100,100,100
round_queries,100,300,1100,3500,19700,93500,460700,2322300,11670300,58802300
round_k,0,1,5,17,98,467,2303,11611,58351,294011
round_shots,200,100,100,100,100,100,100,100,100,100
round_queries,200,300,1100,4500,19900,98300,492300,2472700,12526300,63586300
round_k,0,1,5,22,99,491,2461,12363,62631,317931
round_shots,200,100,100,100,100,100,100,100,100,100
round_queries,200,300,1100,4100,18500,88900,449300,2231900,11231500,56918100
round_k,0,1,5,20,92,444,2246,11159,56157,284590
round_shots,200,100,100,100,100,100,100,100,100,100
round_queries,200,300,1100,5100,23700,116300,576700,2903300,14625300,74093100
round_k,0,1,5,25,118,581,2883,14516,73126,370465
round_shots,100,100,100,100,100,100,100,100,100,100
round_queries,100,300,1100,4100,18300,89500,443900,2215900,11210300,56778100
round_k,0,1,5,20,91,447,2219,11079,56051,283890
round_shots,100,100,100,100,100,100,100,100,100,100
round_queries,100,300,1100,3700,17900,87100,432100,2172300,10982700,66941500
round_k,0,1,5,18,89,435,2160,10861,54913,334707
round_shots,200,100,100,100,100,100,100,100,100,100
round_queries,200,300,1100,4900,24500,117500,589300,2960100,14978500,75847700
round_k,0,1,5,24,122,587,2946,14800,74892,379238
round_shots,100,100,100,100,100,100,100,100,100,100
round_queries,100,300,1100,3500,19700,95500,449500,2136300,10842700,54794900
round_k,0,1,5,17,98,477,2247,10681,54213,273974
round_shots,200,100,100,100,100,100,100,100,100,100
round_queries,200,300,1100,4500,20900,101100,502100,2518500,12718700,64225900
round_k,0,1,5,22,104,505,2510,12592,63593,321129
round_shots,200,100,100,100,100,100,100,100,100,100
round_queries,200,300,1100,3700,15900,76300,378500,1904100,9633300,48821500
round_k,0,1,5,18,79,381,1892,9520,48166,244107
round_shots,100,100,100,100,100,100,100,100,100,100
round_queries,100,300,700,2900,12100,57900,286500,1429700,7160500,36026100
round_k,0,1,3,14,60,289,1432,7148,35802,180130
round_shots,100,100,100,100,100,100,100,100,100,100
round_queries,100,300,1100,4500,19900,95300,474700,2380300,12006300,60877500
round_k,0,1,5,22,99,476,2373,11901,60031,304387
round_shots,100,100,100,100,100,100,100,100,100,100
round_queries,100,300,1100,4500,20700,97500,489300,2454100,12360700,62497500
round_k,0,1,5,22,103,487,2446,12270,61803,312487
round_shots,100,100,100,100,100,100,100,100,100,100
round_queries,100,300,1100,4700,20900,100900,497900,2509100,12698700,64171900
round_k,0,1,5,23,104,504,2489,12545,63493,320859
round_shots,100,100,100,100,100,100,100,100,100,100
round_queries,100,300,700,2900,12700,62500,307100,1553100,7823700,39701300
round_k,0,1,3,14,63,312,1535,7765,39118,198506
round_shots,200,100,100,100,100,100,100,100,100,100
round_queries,200,300,1100,5100,23500,110500,532300,2665100,13450700,68228500
round_k,0,1,5,25,117,552,2661,13325,67253,341142
round_shots,100,100,100,100,100,100,100,100,100,100
round_queries,100,300,1100,4100,18700,96100,474100,2375900,11987700,60792500
round_k,0,1,5,20,93,480,2370,11879,59938,303962
round_shots,100,100,100,100,100,100,100,100,100,100
round_queries,100,300,1100,3700,15300,73700,366700,1857900,9373900,47324500
round_k,0,1,5,18,76,368,1833,9289,46869,236622
round_shots,200,100,100,100,100,100,100,100,100,100
round_queries,200,300,1100,4900,21900,104300,515500,2589100,13065100,66275100
round_k,0,1,5,24,109,521,2577,12945,65325,331375
round_shots,100,100,100,100,100,100,100,100,100,100
round_queries,100,300,700,3300,15500,72900,359700,1801700,9087700,46079500
round_k,0,1,3,16,77,364,1798,9008,45438,230397
round_shots,100,100,100,100,100,100,100,100,100,100
round_queries,100,300,1100,5100,24900,118100,582700,2876500,14550300,73844500
round_k,0,1,5,25,124,590,2913,14382,72751,369222
round_shots,200,100,100,100,100,100,100,100,100,100
round_queries,200,300,1100,3700,15900,74100,362500,1815700,9155100,45937300
round_k,0,1,5,18,79,370,1812,9078,45775,229686
round_shots,100,100,100,100,100,100,100,100,100,100
round_queries,100,300,700,2900,12300,58500,287700,1444300,7287500,36655700
round_k,0,1,3,14,61,292,1438,7221,36437,183278
round_shots,100,100,100,100,100,100,100,100,100,100
round_queries,100,300,1100,5100,24900,118700,600300,3030300,15348500,77246100
round_k,0,1,5,25,124,593,3001,15151,76742,386230
round_shots,100,100,100,100,100,100,100,100,100,100
round_queries,100,300,1100,4100,19100,91300,456500,2297700,11629500,58705100
round_k,0,1,5,20,95,456,2282,11488,58147,293525
round_shots,200,100,100,100,100,100,100,100,100,100
round_queries,200,300,700,1900,8700,42100,203700,1007900,5052300,25484900
round_k,0,1,3,9,43,210,1018,5039,25261,127424
round_shots,100,100,100,100,100,100,100,100,100,100
round_queries,100,300,1100,4500,20300,98900,495300,2498500,12604700,63855300
round_k,0,1,5,22,101,494,2476,12492,63023,319276
round_shots,100,100,100,100,100,100,100,100,100,100
round_queries,100,300,900,3100,13500,66500,328900,1658100,8408300,42627300
round_k,0,1,4,15,67,332,1644,8290,42041,213136
round_shots,100,100,100,100,100,100,100,100,100,100
round_queries,100,300,1100,4100,19500,91700,427700,2124900,10718700,54234300
round_k,0,1,5,20,97,458,2138,10624,53593,271171
round_shots,200,100,100,100,100,100,100,100,100
round_queries,200,500,1500,6500,31300,149500,737300,3696700,18675300
round_k,0,2,7,32,156,747,3686,18483,93376
round_shots,200,100,100,100,100,100,100,100,100,100
round_queries,200,300,1100,5100,23300,114300,568900,2811300,14132100,70971900
round_k,0,1,5,25,116,571,2844,14056,70660,354859
round_shots,200,100,100,100,100,100,100,100,100,100
round_queries,200,300,1100,4100,18500,89900,452900,2271900,11409500,57619300
round_k,0,1,5,20,92,449,2264,11359,57047,288096
round_shots,200,100,100,100,100,100,100,100,100,100
round_queries,200,300,1100,4900,22100,104700,517300,2602900,13191100,66917500
round_k,0,1,5,24,110,523,2586,13014,65955,334587
round_shots,200,100,100,100,100,100,100,100,100
round_queries,200,500,1900,7900,35100,172100,847300,4228500,21375900
round_k,0,2,9,39,175,860,4236,21142,106879
round_shots,100,100,100,100,100,100,100,100,100
round_queries,100,300,1500,6300,30700,147300,726700,3647300,18465300
round_k,0,1,7,31,153,736,3633,18236,92326
round_shots,100,100,100,100,100,100,100,100,100,100
round_queries,100,300,700,1900,7900,37300,177900,887500,4463300,22558100
round_k,0,1,3,9,39,186,889,4437,22316,112790
round_shots,200,100,100,100,100,100,100,100,100,100
round_queries,200,300,1100,4100,18900,94700,458300,2313300,11670700,58596300
round_k,0,1,5,20,94,473,2291,11566,58353,292981
round_shots,200,100,100,100,100,100,100,100,100,100
round_queries,200,300,1100,4100,20300,100900,503700,2537500,12789300,64708500
round_k,0,1,5,20,101,504,2518,12687,63946,323542
round_shots,200,100,100,100,100,100,100,100,100,100
round_queries,200,300,1100,4500,20500,100100,492300,2485700,12451300,63048700
round_k,0,1,5,22,102,500,2461,12428,62256,315243
round_shots,100,100,100,100,100,100,100,100,100,100
round_queries,100,300,700,1900,7100,35300,176500,889500,4461300,22546900
round_k,0,1,3,9,35,176,882,4447,22306,112734
round_shots,100,100,100,100,100,100,100,100,100,100
round_queries,100,300,1100,3100,13900,67700,334300,1672500,8461900,42835100
round_k,0,1,5,15,69,338,1671,8362,42309,214175
round_shots,100,100,100,100,100,100,100,100,100,100
round_queries,100,300,1100,4100,20500,95100,479900,2363700,11717100,58857300
round_k,0,1,5,20,102,475,2399,11818,58585,294286
round_shots,100,100,100,100,100,100,100,100,100,100
round_queries,100,300,1100,5100,22700,105100,531700,2662300,13439900,68109500
round_k,0,1,5,25,113,525,2658,13311,67199,340547
round_shots,200,100,100,100,100,100,100,100,100,100
round_queries,200,300,1100,3100,13100,65300,322500,1615900,8170900,41391500
round_k,0,1,5,15,65,326,1612,8079,40854,206957
round_shots,200,100,100,100,100,100,100,100,100,100
round_queries,200,300,700,2900,13300,61500,303300,1527900,7736100,39180900
round_k,0,1,3,14,66,307,1516,7639,38680,195904
round_shots,100,100,100,100,100,100,100,100,100,100
round_queries,100,300,1100,4900,23100,107300,529300,2679500,13509700,68553700
round_k,0,1,5,24,115,536,2646,13397,67548,342768
round_shots,100,100,100,100,100,100,100,100,100,100
round_queries,100,300,700,2900,12900,62900,309100,1547300,7854300,39615700
round_k,0,1,3,14,64,314,1545,7736,39271,198078
round_shots,200,100,100,100,100,100,100,100,100,100
round_queries,200,300,1100,4700,21700,102500,507300,2550700,12870500,64785500
round_k,0,1,5,23,108,512,2536,12753,64352,323927
round_shots,200,100,100,100,100,100,100,100,100,100
round_queries,200,300,700,1900,7100,34100,161700,816900,4070900,20608700
round_k,0,1,3,9,35,170,808,4084,20354,103043
round_shots,300,100,100,100,100,100,100,100,100,100
round_queries,300,300,1100,3500,15100,73100,362100,1810500,9131300,46124500
round_k,0,1,5,17,75,365,1810,9052,45656,230622
round_shots,200,100,100,100,100,100,100,100,100
round_queries,200,300,1500,6300,29900,144500,722300,3621100,18264300
round_k,0,1,7,31,149,722,3611,18105,91321
round_shots,200,100,100,100,100,100,100,100,100,100
round_queries,200,300,1100,3700,17900,89100,426900,2122700,10771700,54710100
round_k,0,1,5,18,89,445,2134,10613,53858,273550
round_shots,100,100,100,100,100,100,100,100,100,100
round_queries,100,300,1100,3700,17900,87100,434500,2171300,10981700,55685500
round_k,0,1,5,18,89,435,2172,10856,54908,278427
round_shots,100,100,100,100,100,100,100,100,100,100
round_queries,100,300,1100,4500,20100,96300,481500,2407900,12175700,61717500
round_k,0,1,5,22,100,481,2407,12039,60878,308587
round_shots,100,100,100,100,100,100,100,100,100,100
round_queries,100,300,1100,4500,20500,103300,506100,2555700,12805700,64869500
round_k,0,1,5,22,102,516,2530,12778,64028,324347
round_shots,200,100,100,100,100,100,100,100,100
round_queries,200,700,1900,7100,31900,156300,776700,3906500,19753500
round_k,0,3,9,35,159,781,3883,19532,98767
round_shots,100,100,100,100,100,100,100,100,100
round_queries,100,300,1500,6500,29700,141300,705500,3545300,17933700
round_k,0,1,7,32,148,706,3527,17726,89668
round_shots,100,100,100,100,100,100,100,100,100,100
round_queries,100,300,1100,4900,22100,105900,521900,2629500,13227900,66772500
round_k,0,1,5,24,110,529,2609,13147,66139,333862
round_shots,200,100,100,100,100,100,100,100,100,100
round_queries,200,300,1100,4100,17900,85900,426300,2134500,10675900,54053700
round_k,0,1,5,20,89,429,2131,10672,53379,270268
round_shots,200,100,100,100,100,100,100,100,100
round_queries,200,500,1900,8500,39700,234700,1163100,5870500,29719300
round_k,0,2,9,42,198,1173,5815,29352,148596
round_shots,100,100,100,100,100,100,100,100,100,100
round_queries,100,300,700,2700,11100,51900,256100,1269300,6312500,31883300
round_k,0,1,3,13,55,259,1280,6346,31562,159416
round_shots,100,100,100,100,100,100,100,100,100,100
round_queries,100,300,700,2500,12300,57700,288500,1446100,7282900,36910500
round_k,0,1,3,12,61,288,1442,7230,36414,184552
round_shots,200,100,100,100,100,100,100,100,100
round_queries,200,500,1900,8500,42100,211300,1058500,5347100,26892100
round_k,0,2,9,42,210,1056,5292,26735,134460
round_shots,100,100,100,100,100,100,100,100,100,100
round_queries,100,300,1100,3700,17700,84300,415300,2097500,10499100,53001300
round_k,0,1,5,18,88,421,2076,10487,52495,265006
round_shots,100,100,100,100,100,100,100,100,100,100
round_queries,100,300,1100,4300,19100,89300,440100,2221900,11180300,56697900
round_k,0,1,5,21,95,446,2200,11109,55901,283489
round_shots,100,100,100,100,100,100,100,100,100,100
round_queries,100,300,1100,4100,18500,89500,437100,2195700,11143300,56439500
round_k,0,1,5,20,92,447,2185,10978,55716,282197
round_shots,100,100,100,100,100,100,100,100,100,100
round_queries,100,300,1100,4500,20300,100300,495300,2488300,12544100,63586300
round_k,0,1,5,22,101,501,2476,12441,62720,317931
round_shots,100,100,100,100,100,100,100,100,100
round_queries,100,300,1500,6300,30700,151900,759500,3796500,19244300
round_k,0,1,7,31,153,759,3797,18982,96221
round_shots,100,100,100,100,100,100,100,100,100,100
round_queries,100,300,1100,3700,17100,81300,402700,2034300,10276300,52057500
round_k,0,1,5,18,85,406,2013,10171,51381,260287
round_shots,100,100,100,100,100,100,100,100,100,100
round_queries,100,300,1100,4300,20500,101700,499100,2513300,12734900,64683900
round_k,0,1,5,21,102,508,2495,12566,63674,323419
round_shots,200,100,100,100,100,100,100,100,100
round_queries,200,500,1900,7100,32300,153100,753700,3782500,19170900
round_k,0,2,9,35,161,765,3768,18912,95854
round_shots,100,100,100,100,100,100,100,100,100,100
round_queries,100,300,1100,4900,21300,101900,506100,2523100,12748500,64523500
round_k,0,1,5,24,106,509,2530,12615,63742,322617
round_shots,100,100,100,100,100,100,100,100,100
round_queries,100,300,1100,5100,24700,124500,625100,3129700,15868700
round_k,0,1,5,25,123,622,3125,15648,79343
round_shots,100,100,100,100,100,100,100,100,100,100
round_queries,100,300,1100,5100,23100,114300,570300,2892500,14577900,73945300
round_k,0,1,5,25,115,571,2851,14462,72889,369726
round_shots,100,100,100,100,100,100,100,100,100,100
round_queries,100,300,1100,4500,21500,108900,538900,2682500,13606100,69025700
round_k,0,1,5,22,107,544,2694,13412,68030,345128
round_shots,200,100,100,100,100,100,100,100,100,100
round_queries,200,300,1100,3700,16300,75700,378900,1886500,9480700,47943300
round_k,0,1,5,18,81,378,1894,9432,47403,239716
round_shots,200,100,100,100,100,100,100,100,100,100
round_queries,200,300,1100,4500,20300,100300,500300,2520100,12638100,63732700
round_k,0,1,5,22,101,501,2501,12600,63190,318663
round_shots,100,200,100,100,100,100,100,100,100
round_queries,100,600,1900,7700,35300,164100,810700,4081100,20614900
round_k,0,1,9,38,176,820,4053,20405,103074
round_shots,100,100,100,100,100,100,100,100,100,100
round_queries,100,300,700,3300,14100,69300,343500,1720500,8582300,43392300
round_k,0,1,3,16,70,346,1717,8602,42911,216961
round_shots,200,100,100,100,100,100,100,100,100,100
round_queries,200,300,1100,5500,24700,119900,595900,2979100,15019100,76187500
round_k,0,1,5,27,123,599,2979,14895,75095,380937
round_shots,200,100,100,100,100,100,100,100,100,100
round_queries,200,300,1100,5100,23100,115300,565700,2847100,14398100,73054100
round_k,0,1,5,25,115,576,2828,14235,71990,365270
round_shots,100,100,100,100,100,100,100,100,100,100
round_queries,100,300,900,4500,20700,101900,499900,2522500,12744300,64381500
round_k,0,1,4,22,103,509,2499,12612,63721,321907
round_shots,100,100,100,100,100,100,100,100,100,100
round_queries,100,300,1100,4900,21700,104900,521100,2595100,13102100,66490500
round_k,0,1,5,24,108,524,2605,12975,65510,332452
round_shots,100,100,100,100,100,100,100,100,100,100
round_queries,100,300,700,1900,7100,34700,175300,860900,4332700,21926300
round_k,0,1,3,9,35,173,876,4304,21663,109631
round_shots,200,100,100,100,100,100,100,100,100
round_queries,200,700,3300,15100,70300,346900,1741700,8771500,44502700
round_k,0,3,16,75,351,1734,8708,43857,222513
round_shots,200,100,100,100,100,100,100,100,100
round_queries,200,300,1100,5500,27100,127300,638500,3143700,15744500
round_k,0,1,5,27,135,636,3192,15718,78722
round_shots,100,100,100,100,100,100,100,100,100,100
round_queries,100,300,1100,3700,18100,86700,430700,2180300,11047700,55932500
round_k,0,1,5,18,90,433,2153,10901,55238,279662
round_shots,100,100,100,100,100,100,100,100,100
round_queries,100,300,1500,6300,31300,153300,764700,3853700,19322900
round_k,0,1,7,31,156,766,3823,19268,96614
round_shots,200,100,100,100,100,100,100,100,100,100
round_queries,200,300,700,1900,8900,42500,207700,1040900,5272100,26734900
round_k,0,1,3,9,44,212,1038,5204,26360,133674
round_shots,100,100,100,100,100,100,100,100,100,100
round_queries,100,300,1100,4100,20300,101300,505100,2518100,12665900,64243300
round_k,0,1,5,20,101,506,2525,12590,63329,321216
round_shots,200,100,100,100,100,100,100,100,100,100
round_queries,200,300,1100,5500,23900,118900,585700,2925300,14751900,74521500
round_k,0,1,5,27,119,594,2928,14626,73759,372607
round_shots,200,200,100,100,100,100,100,100,100
round_queries,200,600,1500,5900,28900,144500,726100,3674500,18623900
round_k,0,1,7,29,144,722,3630,18372,93119
round_shots,300,100,100,100,100,100,100,100,100,100
round_queries,300,300,1100,4700,22300,107500,522300,2602100,13143900,66692900
round_k,0,1,5,23,111,537,2611,13010,65719,333464
round_shots,200,100,100,100,100,100,100,100,100,100
round_queries,200,300,1100,4100,19700,90700,440300,2178900,11033300,55916300
round_k,0,1,5,20,98,453,2201,10894,55166,279581
round_shots,100,100,100,100,100,100,100,100,100,100
round_queries,100,300,1100,5100,22500,106900,528300,2653700,13429100,67879500
round_k,0,1,5,25,112,534,2641,13268,67145,339397
round_shots,200,100,100,100,100,100,100,100,100
round_queries,200,500,2100,8900,43100,211900,1063100,5358500,27073100
round_k,0,2,10,44,215,1059,5315,26792,135365
round_shots,200,100,100,100,100,100,100,100,100
round_queries,200,300,1100,5500,26300,128100,632500,3183700,16128700
round_k,0,1,5,27,131,640,3162,15918,80643
round_shots,200,100,100,100,100,100,100,100,100,100
round_queries,200,300,1100,5100,24300,117700,582700,2915500,14775300,74791100
round_k,0,1,5,25,121,588,2913,14577,73876,373955
round_shots,200,100,100,100,100,100,100,100,100,100
round_queries,200,300,700,2700,12500,57700,284900,1437300,7229500,36601300
round_k,0,1,3,13,62,288,1424,7186,36147,183006
round_shots,200,100,100,100,100,100,100,100,100,100
round_queries,200,300,1100,4500,22100,108500,534500,2697900,13626700,68610900
round_k,0,1,5,22,110,542,2672,13489,68133,343054
round_shots,300,100,100,100,100,100,100,100,100
round_queries,300,500,1500,6300,30300,148900,743900,3730100,18675300
round_k,0,2,7,31,151,744,3719,18650,93376
round_shots,100,100,100,100,100,100,100,100,100,100
round_queries,100,300,1100,4100,20300,96100,475700,2382300,12012900,60911500
round_k,0,1,5,20,101,480,2378,11911,60064,304557
round_shots,100,100,100,100,100,100,100,100,100,100
round_queries,100,300,1100,4900,22500,107700,541700,2697900,13595500,68681900
round_k,0,1,5,24,112,538,2708,13489,67977,343409
round_shots,200,100,100,100,100,100,100,100,100,100
round_queries,200,300,700,2700,13300,63900,313100,1571500,7921300,40059700
round_k,0,1,3,13,66,319,1565,7857,39606,200298
round_shots,200,100,100,100,100,100,100,100,100,100
round_queries,200,300,700,2900,13700,64900,323900,1629100,8211500,41465500
round_k,0,1,3,14,68,324,1619,8145,41057,207327
round_shots,100,100,100,100,100,100,100,100,100,100
round_queries,100,300,1100,4100,20100,99700,490700,2462900,12425300,62905700
round_k,0,1,5,20,100,498,2453,12314,62126,314528
round_shots,200,100,100,100,100,100,100,100,100,100
round_queries,200,300,1100,3100,12900,63500,319700,1604500,8099100,41090300
round_k,0,1,5,15,64,317,1598,8022,40495,205451
round_shots,100,100,100,100,100,100,100,100,100
round_queries,100,300,1100,5100,25700,124700,616700,3093300,15506300
round_k,0,1,5,25,128,623,3083,15466,77531
round_shots,200,100,100,100,100,100,100,100,100,100
round_queries,200,300,700,2900,13900,65900,326100,1625700,8201300,41662300
round_k,0,1,3,14,69,329,1630,8128,41006,208311
round_shots,100,100,100,100,100,100,100,100,100,100
round_queries,100,300,700,2300,8900,42900,212300,1053700,5283100,26796100
round_k,0,1,3,11,44,214,1061,5268,26415,133980
round_shots,200,100,100,100,100,100,100,100,100
round_queries,200,300,1500,6700,32300,153300,768500,3847100,19382300
round_k,0,1,7,33,161,766,3842,19235,96911
round_shots,100,100,100,100,100,100,100,100,100,100
round_queries,100,300,1100,4700,23500,114300,566100,2831500,14167500,71931700
round_k,0,1,5,23,117,571,2830,14157,70837,359658
round_shots,100,100,100,100,100,100,100,100,100,100
round_queries,100,300,1100,3700,15900,72700,356900,1796900,8998900,45583300
round_k,0,1,5,18,79,363,1784,8984,44994,227916
round_shots,200,100,100,100,100,100,100,100,100,100
round_queries,200,300,1100,3100,14500,69500,341500,1727100,8752900,44223900
round_k,0,1,5,15,72,347,1707,8635,43764,221119
round_shots,200,100,100,100,100,100,100,100,100
round_queries,200,700,2900,13300,59900,300900,1509300,7576300,38430900
round_k,0,3,14,66,299,1504,7546,37881,192154
round_shots,200,100,100,100,100,100,100,100,100,100
round_queries,200,300,1100,5300,23900,116100,572700,2873500,14370100,72952100
round_k,0,1,5,26,119,580,2863,14367,71850,364760
round_shots,200,100,100,100,100,100,100,100,100,100
round_queries,200,300,900,4500,22100,103300,514300,2589300,13084500,66324900
round_k,0,1,4,22,110,516,2571,12946,65422,331624
round_shots,200,100,100,100,100,100,100,100,100,100
round_queries,200,300,1100,4100,18900,92100,457300,2263500,11394900,57550300
round_k,0,1,5,20,94,460,2286,11317,56974,287751
round_shots,100,100,100,100,100,100,100,100,100,100
round_queries,100,300,700,1900,8700,40300,200700,993900,5005100,25336100
round_k,0,1,3,9,43,201,1003,4969,25025,126680
round_shots,100,100,100,100,100,100,100,100,100,100
round_queries,100,300,1100,3700,15500,73300,361100,1784300,9035100,45798700
round_k,0,1,5,18,77,366,1805,8921,45175,228993
round_shots,200,100,100,100,100,100,100,100,100,100
round_queries,200,300,1100,5300,24300,115900,567500,2822100,14233500,72024100
round_k,0,1,5,26,121,579,2837,14110,71167,360120
round_shots,100,100,100,100,100,100,100,100,100,100
round_queries,100,300,1100,4700,20300,101500,510500,2541900,12874700,65248700
round_k,0,1,5,23,101,507,2552,12709,64373,326243
round_shots,200,100,100,100,100,100,100,100,100,100
round_queries,200,300,1100,4500,21100,103100,511700,2577700,13061300,66258500
round_k,0,1,5,22,105,515,2558,12888,65306,331292
round_shots,100,100,100,100,100,100,100,100,100,100
round_queries,100,300,1100,4500,19700,94900,474300,2374300,12010700,60907100
round_k,0,1,5,22,98,474,2371,11871,60053,304535
round_shots,100,100,100,100,100,100,100,100,100
round_queries,100,300,1500,6300,30900,148900,734900,3707500,18764900
round_k,0,1,7,31,154,744,3674,18537,93824
round_shots,300,100,100,100,100,100,100,100,100
round_queries,300,500,1500,5900,29300,141900,662700,3274700,16536500
round_k,0,2,7,29,146,709,3313,16373,82682
round_shots,100,100,100,100,100,100,100,100,100,100
round_queries,100,300,1500,5300,24900,117100,576500,2899100,14692100,74474700
round_k,0,1,7,26,124,585,2882,14495,73460,372373
round_shots,100,100,100,100,100,100,100,100,100
round_queries,100,300,1500,5900,26700,129900,641700,3218100,16238900
round_k,0,1,7,29,133,649,3208,16090,81194
round_shots,200,100,100,100,100,100,100,100,100,100
round_queries,200,300,1100,4100,19300,94300,469900,2372500,12011900,60832700
round_k,0,1,5,20,96,471,2349,11862,60059,304163
round_shots,100,100,100,100,100,100,100,100,100
round_queries,100,500,1500,6300,28700,143500,709300,3558700,17942900
round_k,0,2,7,31,143,717,3546,17793,89714
round_shots,300,100,100,100,100,100,100,100,100
round_queries,300,500,1900,8700,39700,194500,984700,4921900,24712700
round_k,0,2,9,43,198,972,4923,24609,123563
round_shots,100,100,100,100,100,100,100,100,100,100
round_queries,100,300,1100,5100,23700,116500,583100,2946700,14826300,75224900
round_k,0,1,5,25,118,582,2915,14733,74131,376124
round_shots,100,100,100,100,100,100,100,100,100,100
round_queries,100,300,1100,4100,19700,93500,471900,2338100,11844100,59862300
round_k,0,1,5,20,98,467,2359,11690,59220,299311
round_shots,100,100,100,100,100,100,100,100,100,100
round_queries,100,300,1100,3700,16500,80500,400900,2098700,10564500,53494500
round_k,0,1,5,18,82,402,2004,10493,52822,267472
round_shots,100,100,100,100,100,100,100,100,100,100
round_queries,100,300,1100,4500,21500,107900,530500,2686100,13582700,68900500
round_k,0,1,5,22,107,539,2652,13430,67913,344502
round_shots,200,100,100,100,100,100,100,100,100,100
round_queries,200,300,1100,4900,24100,116100,584500,2944500,14853300,75318300
round_k,0,1,5,24,120,580,2922,14722,74266,376591
round_shots,100,100,100,100,100,100,100,100,100,100
round_queries,100,300,1100,4100,18500,88900,440100,2201900,11101100,56280900
round_k,0,1,5,20,92,444,2200,11009,55505,281404
round_shots,100,100,100,100,100,100,100,100,100,100
round_queries,100,300,700,1900,8300,41300,207500,1044100,5243300,26610900
round_k,0,1,3,9,41,206,1037,5220,26216,133054
round_shots,200,100,100,100,100,100,100,100,100,100
round_queries,200,300,1100,4700,22500,109100,534100,2697100,13673300,69299300
round_k,0,1,5,23,112,545,2670,13485,68366,346496
round_shots,100,100,100,100,100,100,100,100,100,100
round_queries,100,300,1100,4100,18100,88300,439500,2191300,11112300,56356700
round_k,0,1,5,20,90,441,2197,10956,55561,281783
round_shots,100,100,100,100,100,100,100,100,100,100
round_queries,100,300,1100,3700,17300,82700,402700,2016500,10166500,51580700
round_k,0,1,5,18,86,413,2013,10082,50832,257903
round_shots,200,100,100,100,100,100,100,100,100,100
round_queries,200,300,700,2900,13500,64700,319900,1612500,8132700,41222300
round_k,0,1,3,14,67,323,1599,8062,40663,206111
round_shots,200,100,100,100,100,100,100,100,100,100
round_queries,200,300,700,2300,10700,48500,239900,1205100,6072100,30707700
round_k,0,1,3,11,53,242,1199,6025,30360,153538
round_shots,100,100,100,100,100,100,100,100,100,100
round_queries,100,300,900,2700,11500,55700,271500,1365700,6917100,35125100
round_k,0,1,4,13,57,278,1357,6828,34585,175625
round_shots,100,100,100,100,100,100,100,100,100,100
round_queries,100,300,1100,5100,23500,120100,579100,2889900,14513100,73259500
round_k,0,1,5,25,117,600,2895,14449,72565,366297
round_shots,100,100,100,100,100,100,100,100,100,100
round_queries,100,300,1100,4300,19700,96900,466100,2269100,11353100,57570100
round_k,0,1,5,21,98,484,2330,11345,56765,287850
round_shots,100,100,100,100,100,100,100,100,100,100
round_queries,100,300,1100,4500,20900,99900,500300,2523900,12778500,64625900
round_k,0,1,5,22,104,499,2501,12619,63892,323129
round_shots,100,100,100,100,100,100,100,100,100,100
round_queries,100,300,700,1900,8700,42300,206100,1036900,5229700,26402300
round_k,0,1,3,9,43,211,1030,5184,26148,132011
round_shots,100,100,100,100,100,100,100,100,100,100
round_queries,100,300,700,2300,8700,41500,204500,1032300,5219700,26258700
round_k,0,1,3,11,43,207,1022,5161,26098,131293
round_shots,200,100,100,100,100,100,100,100,100,100
round_queries,200,300,1100,4900,21700,104500,521300,2626900,13269500,67289700
round_k,0,1,5,24,108,522,2606,13134,66347,336448
round_shots,300,100,100,100,100,100,100,100,100,100
round_queries,300,300,1100,5100,24100,118100,591700,2964100,14914900,75400700
round_k,0,1,5,25,120,590,2958,14820,74574,377003
round_shots,100,100,100,100,100,100,100,100,100,100
round_queries,100,300,700,3300,15100,73500,357500,1809300,9153100,46359300
round_k,0,1,3,16,75,367,1787,9046,45765,231796
round_shots,100,100,100,100,100,100,100,100,100,100
round_queries,100,300,700,2300,9100,42700,210500,1059900,5354300,26971300
round_k,0,1,3,11,45,213,1052,5299,26771,134856
round_shots,100,100,100,100,100,100,100,100,100,100
round_queries,100,300,1100,4100,18900,94100,473500,2356900,11916100,60446500
round_k,0,1,5,20,94,470,2367,11784,59580,302232
round_shots,100,100,100,100,100,100,100,100,100
round_queries,100,300,1500,5900,28100,135500,675500,3418500,17323500
round_k,0,1,7,29,140,677,3377,17092,86617
round_shots,100,100,100,100,100,100,100,100,100,100
round_queries,100,300,1100,4500,20900,101700,513100,2572900,12937300,65558100
round_k,0,1,5,22,104,508,2565,12864,64686,327790
round_shots,100,100,100,100,100,100,100,100,100,100
round_queries,100,300,700,3300,15500,76100,380900,1912300,9626900,48800300
round_k,0,1,3,16,77,380,1904,9561,48134,244001
round_shots,200,200,100,100,100,100,100,100,100
round_queries,200,600,1900,8100,37300,186500,926900,4647100,23539500
round_k,0,1,9,40,186,932,4634,23235,117697
round_shots,100,100,100,100,100,100,100,100,100,100
round_queries,100,300,1100,4100,20500,96500,474700,2364500,11902500,60423500
round_k,0,1,5,20,102,482,2373,11822,59512,302117
round_shots,200,100,100,100,100,100,100,100,100
round_queries,200,300,1100,5500,25300,126300,609300,3062700,15502300
round_k,0,1,5,27,126,631,3046,15313,77511
round_shots,100,100,100,100,100,100,100,100,100,100
round_queries,100,300,1100,4100,18500,89100,425900,2142700,10778500,54279900
round_k,0,1,5,20,92,445,2129,10713,53892,271399
round_shots,100,100,100,100,100,100,100,100,100,100
round_queries,100,300,1100,5500,24300,121100,606500,3018500,15220700,77180500
round_k,0,1,5,27,121,605,3032,15092,76103,385902
round_shots,300,100,100,100,100,100,100,100,100,100
round_queries,300,300,1100,4100,17300,84100,406500,2017700,10152700,51224700
round_k,0,1,5,20,86,420,2032,10088,50763,256123
round_shots,100,100,100,100,100,100,100,100,100,100
round_queries,100,300,700,2300,10700,48500,242700,1222300,6143900,30992700
round_k,0,1,3,11,53,242,1213,6111,30719,154963
round_shots,200,100,100,100,100,100,100,100,100,100
round_queries,200,300,1100,4900,22100,109300,568700,2869900,14506700,72853700
round_k,0,1,5,24,110,546,2843,14349,72533,364268
round_shots,100,100,100,100,100,100,100,100,100,100
round_queries,100,300,1100,5500,24300,118900,587300,2954700,14972300,75990100
round_k,0,1,5,27,121,594,2936,14773,74861,379950
round_shots,100,100,100,100,100,100,100,100,100
round_queries,100,300,1500,6500,29900,144900,724700,4406300,26837500
round_k,0,1,7,32,149,724,3623,22031,134187
round_shots,100,100,100,100,100,100,100,100,100,100
round_queries,100,300,1100,4100,19100,92700,463500,2330500,11790300,59726500
round_k,0,1,5,20,95,463,2317,11652,58951,298632
round_shots,200,100,100,100,100,100,100,100,100,100
round_queries,200,300,1100,4100,18500,90300,452500,2267300,11378100,57727300
round_k,0,1,5,20,92,451,2262,11336,56890,288636
round_shots,200,100,100,100,100,100,100,100,100,100
round_queries,200,300,1100,4100,18100,85300,423100,2120900,10662700,53990300
round_k,0,1,5,20,90,426,2115,10604,53313,269951
round_shots,100,100,100,100,100,100,100,100,100
round_queries,100,500,1900,8300,36900,177900,887500,4452100,22578700
round_k,0,2,9,41,184,889,4437,22260,112893
round_shots,100,100,100,100,100,100,100,100,100,100
round_queries,100,300,1100,3500,15100,73300,364100,1838900,9199300,46118900
round_k,0,1,5,17,75,366,1820,9194,45996,230594
round_shots,100,100,100,100,100,100,100,100,100,100
round_queries,100,300,1100,4700,23500,113300,571500,2852900,14435900,72627900
round_k,0,1,5,23,117,566,2857,14264,72179,363139
round_shots,200,100,100,100,100,100,100,100,100,100
round_queries,200,300,700,1900,7500,35100,171900,850900,4285100,21659500
round_k,0,1,3,9,37,175,859,4254,21425,108297
round_shots,100,100,100,100,100,100,100,100,100,100
round_queries,100,300,1100,4900,22900,113900,572100,2865100,14476500,73331500
round_k,0,1,5,24,114,569,2860,14325,72382,366657
round_shots,100,100,100,100,100,100,100,100,100,100
round_queries,100,300,1100,4100,18700,89100,444700,2182900,11028900,55855700
round_k,0,1,5,20,93,445,2223,10914,55144,279278
round_shots,200,100,100,100,100,100,100,100,100,100
round_queries,200,300,700,2300,10500,49500,244100,1216500,6101500,30852100
round_k,0,1,3,11,52,247,1220,6082,30507,154260
round_shots,200,100,100,100,100,100,100,100,100,100
round_queries,200,300,1100,4500,21300,103300,515500,2600100,13109500,66183100
round_k,0,1,5,22,106,516,2577,13000,65547,330915
round_shots,300,100,100,100,100,100,100,100,100
round_queries,300,500,1900,8500,40500,203100,1016300,5105100,25820300
round_k,0,2,9,42,202,1015,5081,25525,129101
round_shots,200,100,100,100,100,100,100,100,100,100
round_queries,200,300,1100,4100,19500,93700,470300,2331300,11698900,59234900
round_k,0,1,5,20,97,468,2351,11656,58494,296174
round_shots,100,100,100,100,100,100,100,100,100,100
round_queries,100,300,1100,5100,24500,120700,594700,2966700,14979100,75966500
round_k,0,1,5,25,122,603,2973,14833,74895,379832
round_shots,100,100,100,100,100,100,100,100,100,100
round_queries,100,300,700,3300,14500,70700,345100,1741500,8758100,44259500
round_k,0,1,3,16,72,353,1725,8707,43790,221297
round_shots,100,100,100,100,100,100,100,100,100,100
round_queries,100,300,700,2900,12900,59300,290500,1452500,7324900,37125700
round_k,0,1,3,14,64,296,1452,7262,36624,185628
round_shots,100,100,100,100,100,100,100,100,100,100
round_queries,100,300,700,2300,10100,49700,243900,1233700,6169700,31180900
round_k,0,1,3,11,50,248,1219,6168,30848,155904
round_shots,300,100,100,100,100,100,100,100,100
round_queries,300,500,1900,7100,31300,153500,759500,3813900,19317300
round_k,0,2,9,35,156,767,3797,19069,96586
round_shots,100,100,100,100,100,100,100,100,100,100
round_queries,100,300,1100,4100,17700,83900,414700,2058900,10229100,51944300
round_k,0,1,5,20,88,419,2073,10294,51145,259721
round_shots,100,100,100,100,100,100,100,100,100,100
round_queries,100,300,1100,4700,21500,106100,530300,2659300,13479700,67756100
round_k,0,1,5,23,107,530,2651,13296,67398,338780
round_shots,200,100,100,100,100,100,100,100,100
round_queries,200,500,1900,7500,35700,177100,883500,4301900,20710500
round_k,0,2,9,37,178,885,4417,21509,103552
round_shots,100,100,100,100,100,100,100,100,100,100
round_queries,100,300,1100,4500,21900,105900,526700,2633700,13299700,67489900
round_k,0,1,5,22,109,529,2633,13168,66498,337449
round_shots,200,100,100,100,100,100,100,100,100,100
round_queries,200,300,700,2700,12700,61100,300500,1520300,7671100,38378700
round_k,0,1,3,13,63,305,1502,7601,38355,191893
round_shots,100,100,100,100,100,100,100,100,100
round_queries,100,300,1100,5300,25300,122500,614300,3726300,18712300
round_k,0,1,5,26,126,612,3071,18631,93561
round_shots,100,100,100,100,100,100,100,100,100,100
round_queries,100,300,700,2300,9500,45500,222500,1125700,5681100,28500300
round_k,0,1,3,11,47,227,1112,5628,28405,142501
round_shots,100,100,100,100,100,100,100,100,100,100
round_queries,100,300,1100,4500,21500,103100,504700,2544700,12904100,65452300
round_k,0,1,5,22,107,515,2523,12723,64520,327261
round_shots,100,100,100,100,100,100,100,100,100,100
round_queries,100,300,1100,4100,17700,81900,402500,2015700,10171500,51294100
round_k,0,1,5,20,88,409,2012,10078,50857,256470
round_shots,200,100,100,100,100,100,100,100,100
round_queries,200,700,1900,8500,40900,194500,965300,4857700,24525300
round_k,0,3,9,42,204,972,4826,24288,122626
round_shots,200,100,100,100,100,100,100,100,100,100
round_queries,200,300,1100,4700,21100,102900,511100,2563500,12982700,65755500
round_k,0,1,5,23,105,514,2555,12817,64913,328777
round_shots,200,100,100,100,100,100,100,100,100,100
round_queries,200,300,1100,4500,20100,98700,484300,2420900,12279100,62218700
round_k,0,1,5,22,100,493,2421,12104,61395,311093
round_shots,100,100,100,100,100,100,100,100,100,100
round_queries,100,300,1100,4100,19700,98700,488700,2473300,12471100,63151900
round_k,0,1,5,20,98,493,2443,12366,62355,315759
round_shots,200,100,100,100,100,100,100,100,100,100
round_queries,200,300,1100,4500,19100,90300,444900,2214500,11198700,56370100
round_k,0,1,5,22,95,451,2224,11072,55993,281850
round_shots,200,100,100,100,100,100,100,100,100,100
round_queries,200,300,1100,4100,19100,88700,436300,2205500,11133100,56433900
round_k,0,1,5,20,95,443,2181,11027,55665,282169
round_shots,200,200,100,100,100,100,100,100,100,100
round_queries,200,600,1100,4500,19700,95700,476100,2409500,12201500,61938100
round_k,0,1,5,22,98,478,2380,12047,61007,309690
round_shots,200,100,100,100,100,100,100,100,100,100
round_queries,200,300,700,2900,11700,54500,274500,1372100,6908900,35050100
round_k,0,1,3,14,58,272,1372,6860,34544,175250
round_shots,200,100,100,100,100,100,100,100,100,100
round_queries,200,300,1100,4500,21100,101700,504700,2540500,12874100,64999300
round_k,0,1,5,22,105,508,2523,12702,64370,324996
round_shots,100,100,100,100,100,100,100,100,100
round_queries,100,300,1300,6500,29100,135500,667100,3344300,16937700
round_k,0,1,6,32,145,677,3335,16721,84688
round_shots,100,100,100,100,100,100,100,100,100,100
round_queries,100,300,1100,4500,21100,99300,493500,2467900,12502700,63369900
round_k,0,1,5,22,105,496,2467,12339,62513,316849
round_shots,200,100,100,100,100,100,100,100,100,100
round_queries,200,300,1100,4100,19500,92300,459500,2314500,11703900,59401700
round_k,0,1,5,20,97,461,2297,11572,58519,297008
round_shots,100,100,100,100,100,100,100,100,100,100
round_queries,100,300,700,2700,11700,58500,289900,1464500,7354300,37181500
round_k,0,1,3,13,58,292,1449,7322,36771,185907
round_shots,200,100,100,100,100,100,100,100,100,100
round_queries,200,300,1100,4300,18500,92100,450100,2252700,11390300,57687900
round_k,0,1,5,21,92,460,2250,11263,56951,288439
round_shots,100,100,100,100,100,100,100,100,100
round_queries,100,500,1900,7900,37900,182100,911700,4585100,23025900
round_k,0,2,9,39,189,910,4558,22925,115129
round_shots,200,100,100,100,100,100,100,100,100
round_queries,200,500,1900,8700,42100,208500,1043900,5245100,26541500
round_k,0,2,9,43,210,1042,5219,26225,132707
round_shots,100,100,100,100,100,100,100,100,100,100
round_queries,100,300,700,1900,7700,36100,175100,886700,4483500,22687500
round_k,0,1,3,9,38,180,875,4433,22417,113437
round_shots,100,100,100,100,100,100,100,100,100,100
round_queries,100,300,700,1900,9300,44100,219900,1099300,5559300,28072300
round_k,0,1,3,9,46,220,1099,5496,27796,140361
round_shots,100,100,100,100,100,100,100,100,100,100
round_queries,100,300,700,2300,10500,48900,243900,1234300,6247500,31556100
round_k,0,1,3,11,52,244,1219,6171,31237,157780
round_shots,200,100,100,100,100,100,100,100,100,100
round_queries,200,300,1100,5100,24100,120500,587500,2978900,15062100,76357500
round_k,0,1,5,25,120,602,2937,14894,75310,381787
round_shots,100,100,100,100,100,100,100,100,100,100
round_queries,100,300,1100,3700,17500,81900,398500,2008700,10135700,51325500
round_k,0,1,5,18,87,409,1992,10043,50678,256627
round_shots,100,100,100,100,100,100,100,100,100,100
round_queries,100,300,1100,3700,17900,86700,432900,2178900,11011100,55457500
round_k,0,1,5,18,89,433,2164,10894,55055,277287
round_shots,300,100,100,100,100,100,100,100,100,100
round_queries,300,300,1100,4900,21500,102300,514500,2590500,13098300,66421700
round_k,0,1,5,24,107,511,2572,12952,65491,332108
round_shots,200,100,100,100,100,100,100,100,100,100
round_queries,200,300,1100,5100,23900,113900,567700,2843300,14432100,72986900
round_k,0,1,5,25,119,569,2838,14216,72160,364934
round_shots,200,100,100,100,100,100,100,100,100,100
round_queries,200,300,700,2900,12900,64900,320100,1618700,8164100,41202100
round_k,0,1,3,14,64,324,1600,8093,40820,206010
round_shots,200,100,100,100,100,100,100,100,100,100
round_queries,200,300,700,3100,13500,66700,322500,1618700,8175900,41280300
round_k,0,1,3,15,67,333,1612,8093,40879,206401
round_shots,200,100,100,100,100,100,100,100,100,100
round_queries,200,300,1100,4100,18900,94500,473100,2373500,11933300,59979300
round_k,0,1,5,20,94,472,2365,11867,59666,299896
round_shots,200,100,100,100,100,100,100,100,100
round_queries,200,300,1100,5100,23500,110300,553100,2781300,14045900
round_k,0,1,5,25,117,551,2765,13906,70229
round_shots,100,100,100,100,100,100,100,100,100,100
round_queries,100,300,700,2700,10300,48500,237300,1196700,6068500,30754100
round_k,0,1,3,13,51,242,1186,5983,30342,153770
round_shots,100,100,100,100,100,100,100,100,100,100
round_queries,100,300,700,2900,14100,69700,349100,1762500,8904300,45021100
round_k,0,1,3,14,70,348,1745,8812,44521,225105
round_shots,100,100,100,100,100,100,100,100,100
round_queries,100,500,2300,11300,51900,251300,1252700,6331300,32072500
round_k,0,2,11,56,259,1256,6263,31656,160362
round_shots,100,100,100,100,100,100,100,100,100,100
round_queries,100,300,1100,4100,17900,85700,427700,2139100,10802300,54560100
round_k,0,1,5,20,89,428,2138,10695,54011,272800
round_shots,100,100,100,100,100,100,100,100,100,100
round_queries,100,300,1500,5300,23500,115100,572100,2853300,14439700,72827900
round_k,0,1,7,26,117,575,2860,14266,72198,364139
round_shots,100,100,100,100,100,100,100,100,100,100
round_queries,100,300,1100,4500,21700,108900,538500,2705900,13636300,69196100
round_k,0,1,5,22,108,544,2692,13529,68181,345980
round_shots,200,100,100,100,100,100,100,100,100,100
round_queries,200,300,700,2700,12700,59300,288300,1443500,7272300,36904700
round_k,0,1,3,13,63,296,1441,7217,36361,184523
round_shots,200,100,100,100,100,100,100,100,100,100
round_queries,200,300,1100,4700,21300,105700,519900,2618900,13220300,66487100
round_k,0,1,5,23,106,528,2599,13094,66101,332435
round_shots,200,100,100,100,100,100,100,100,100,100
round_queries,200,300,1100,4500,20700,97900,484900,2442100,12333700,62477100
round_k,0,1,5,22,103,489,2424,12210,61668,312385
round_shots,200,100,100,100,100,100,100,100,100
round_queries,200,500,1900,8900,41900,206700,1047100,5243500,26360700
round_k,0,2,9,44,209,1033,5235,26217,131803
round_shots,100,100,100,100,100,100,100,100,100
round_queries,100,300,1500,5900,26900,129900,640900,3221700,16335900
round_k,0,1,7,29,134,649,3204,16108,81679
round_shots,200,100,100,100,100,100,100,100,100,100
round_queries,200,300,1100,4900,21500,105500,516500,2579100,12994900,65811300
round_k,0,1,5,24,107,527,2582,12895,64974,329056
round_shots,100,100,100,100,100,100,100,100,100,100
round_queries,100,500,1100,4500,19500,95500,482500,2443700,12374900,62853900
round_k,0,2,5,22,97,477,2412,12218,61874,314269
round_shots,100,100,100,100,100,100,100,100,100,100
round_queries,100,300,700,3300,15900,75700,365900,1832900,9318500,47181900
round_k,0,1,3,16,79,378,1829,9164,46592,235909
round_shots,100,100,100,100,100,100,100,100,100,100
round_queries,100,300,700,2900,13900,68700,340700,1699900,8573900,43542100
round_k,0,1,3,14,69,343,1703,8499,42869,217710
round_shots,100,100,100,100,100,100,100,100,100,100
round_queries,100,300,1100,4100,19300,90100,453500,2275300,11466700,58021900
round_k,0,1,5,20,96,450,2267,11376,57333,290109
round_shots,100,100,100,100,100,100,100,100,100,100
round_queries,100,300,1100,4500,20100,100500,495700,2485900,12580900,63797700
round_k,0,1,5,22,100,502,2478,12429,62904,318988
round_shots,100,100,100,100,100,100,100,100,100,100
round_queries,100,300,700,3300,14100,67300,324700,1620300,8178500,41418500
round_k,0,1,3,16,70,336,1623,8101,40892,207092
round_shots,200,100,100,100,100,100,100,100,100,100
round_queries,200,300,700,2300,9900,49100,238900,1205900,6090500,30585300
round_k,0,1,3,11,49,245,1194,6029,30452,152926
round_shots,200,100,100,100,100,100,100,100,100
round_queries,200,500,2300,10500,50500,251100,1257300,6344300,32116300
round_k,0,2,11,52,252,1255,6286,31721,160581
round_shots,200,100,100,100,100,100,100,100,100
round_queries,200,300,1500,5900,27500,128500,632500,3197900,16072700
round_k,0,1,7,29,137,642,3162,15989,80363
round_shots,100,100,100,100,100,100,100,100,100,100
round_queries,100,300,700,2900,13100,60700,299300,1500300,7563500,38333700
round_k,0,1,3,14,65,303,1496,7501,37817,191668
round_shots,200,100,100,100,100,100,100,100,100,100
round_queries,200,300,700,2300,10700,51500,252300,1268100,6385100,32419300
round_k,0,1,3,11,53,257,1261,6340,31925,162096
round_shots,200,100,100,100,100,100,100,100,100,100
round_queries,200,300,1100,4900,22900,111700,555700,2794100,14176100,71348300
round_k,0,1,5,24,114,558,2778,13970,70880,356741
round_shots,100,100,100,100,100,100,100,100,100,100
round_queries,100,300,1100,3700,16700,80500,395900,1972900,9982300,50195100
round_k,0,1,5,18,83,402,1979,9864,49911,250975
round_shots,100,100,100,100,100,100,100,100,100,100
round_queries,100,300,1100,3700,16100,76100,376100,1888300,9542700,48281100
round_k,0,1,5,18,80,380,1880,9441,47713,241405
round_shots,100,100,100,100,100,100,100,100,100,100
round_queries,100,300,700,1900,7100,33900,163100,773900,3732500,18774500
round_k,0,1,3,9,35,169,815,3869,18662,93872
round_shots,100,100,100,100,100,100,100,100,100,100
round_queries,100,300,1100,3500,14500,70900,344700,1727500,8679300,43948100
round_k,0,1,5,17,72,354,1723,8637,43396,219740
round_shots,100,100,100,100,100,100,100,100,100,100
round_queries,100,300,1100,4100,17900,90100,448900,2250700,11287700,57336500
round_k,0,1,5,20,89,450,2244,11253,56438,286682
round_shots,100,100,100,100,100,100,100,100,100,100
round_queries,100,300,1100,4100,17100,80500,401100,2024500,10184700,51224100
round_k,0,1,5,20,85,402,2005,10122,50923,256120
round_shots,100,100,100,100,100,100,100,100,100,100
round_queries,100,300,700,3300,14100,68500,339500,1696500,8549100,43363900
round_k,0,1,3,16,70,342,1697,8482,42745,216819
round_shots,100,100,100,100,100,100,100,100,100,100
round_queries,100,300,1100,4500,19100,89100,450300,2244700,11380100,57657700
round_k,0,1,5,22,95,445,2251,11223,56900,288288
round_shots,100,100,100,100,100,100,100,100,100,100
round_queries,100,300,1100,4500,21300,101700,498700,2487100,12522100,63472500
round_k,0,1,5,22,106,508,2493,12435,62610,317362
round_shots,200,100,100,100,100,100,100,100,100,100
round_queries,200,300,1100,5100,24100,119900,599700,3024100,15304300,77630500
round_k,0,1,5,25,120,599,2998,15120,76521,388152
round_shots,100,100,100,100,100,100,100,100,100,100
round_queries,100,300,1100,4700,21500,107700,528100,2660300,13432300,68117300
round_k,0,1,5,23,107,538,2640,13301,67161,340586
round_shots,200,100,100,100,100,100,100,100,100,100
round_queries,200,300,700,2900,12300,57500,281100,1388500,7009500,35569100
round_k,0,1,3,14,61,287,1405,6942,35047,177845
round_shots,100,100,100,100,100,100,100,100,100
round_queries,100,300,1100,5100,22100,106900,646300,3245500,16294500
round_k,0,1,5,25,110,534,3231,16227,81472
round_shots,100,100,100,100,100,100,100,100,100,100
round_queries,100,300,1100,4500,20900,99700,500700,2502500,12666300,64272700
round_k,0,1,5,22,104,498,2503,12512,63331,321363
round_shots,100,100,100,100,100,100,100,100,100,100
round_queries,100,300,1100,4500,21700,108300,532300,2670700,13439500,68209100
round_k,0,1,5,22,108,541,2661,13353,67197,341045
round_shots,100,100,100,100,100,100,100,100,100,100
round_queries,100,300,1100,4500,21300,102700,510500,2550300,12781500,64733500
round_k,0,1,5,22,106,513,2552,12751,63907,323667
round_shots,200,100,100,100,100,100,100,100,100,100
round_queries,200,300,1100,3700,15900,77100,386700,1937700,9814500,49623500
round_k,0,1,5,18,79,385,1933,9688,49072,248117
round_shots,200,100,100,100,100,100,100,100,100,100
round_queries,200,300,1100,4100,19300,95300,472100,2375100,11954500,60095900
round_k,0,1,5,20,96,476,2360,11875,59772,300479
round_shots,200,100,100,100,100,100,100,100,100,100
round_queries,200,300,1100,3100,14300,68300,340700,1724300,8646900,43554300
round_k,0,1,5,15,71,341,1703,8621,43234,217771
round_shots,100,100,100,100,100,100,100,100,100,100
round_queries,100,300,700,2300,10900,51300,254100,1284100,6492500,32935900
round_k,0,1,3,11,54,256,1270,6420,32462,164679
round_shots,100,100,100,100,100,100,100,100,100,100
round_queries,100,300,1100,4100,17500,82700,409700,2037900,10282100,52019300
round_k,0,1,5,20,87,413,2048,10189,51410,260096
round_shots,200,100,100,100,100,100,100,100,100,100
round_queries,200,300,1100,4700,22100,104500,512500,2558700,12874300,65293700
round_k,0,1,5,23,110,522,2562,12793,64371,326468
round_shots,100,100,100,100,100,100,100,100,100,100
round_queries,100,300,700,1900,7500,37300,182900,922700,4628700,23435900
round_k,0,1,3,9,37,186,914,4613,23143,117179
round_shots,200,100,100,100,100,100,100,100,100
round_queries,200,500,1900,7100,32700,163100,812300,4098900,20665500
round_k,0,2,9,35,163,815,4061,20494,103327
round_shots,100,100,100,100,100,100,100,100,100,100
round_queries,100,300,700,2300,11300,52300,257900,1298900,6879900,34335300
round_k,0,1,3,11,56,261,1289,6494,34399,171676
round_shots,200,100,100,100,100,100,100,100,100,100
round_queries,200,300,1100,4500,21100,98100,463100,2269700,11321100,57302900
round_k,0,1,5,22,105,490,2315,11348,56605,286514
round_shots,100,100,100,100,100,100,100,100,100,100
round_queries,100,300,1100,3500,16100,79900,398300,2003900,10132300,51375300
round_k,0,1,5,17,80,399,1991,10019,50661,256876
round_shots,100,100,100,100,100,100,100,100,100,100
round_queries,100,300,1100,5100,25100,119900,591300,2964500,14804500,74654100
round_k,0,1,5,25,125,599,2956,14822,74022,373270
round_shots,200,100,100,100,100,100,100,100,100,100
round_queries,200,300,1100,4100,19700,91900,459500,2304900,11632300,59034900
round_k,0,1,5,20,98,459,2297,11524,58161,295174
round_shots,100,100,100,100,100,100,100,100,100,100
round_queries,100,300,1100,4500,20500,99300,488700,2395300,11931900,59803100
round_k,0,1,5,22,102,496,2443,11976,59659,299015
round_shots,100,100,100,100,100,100,100,100,100
round_queries,100,300,1500,6900,31500,152300,759700,3833500,19367100
round_k,0,1,7,34,157,761,3798,19167,96835
round_shots,200,100,100,100,100,100,100,100,100,100
round_queries,200,300,1500,5300,24700,120500,599300,3012900,15255100,76601700
round_k,0,1,7,26,123,602,2996,15064,76275,383008
round_shots,200,100,100,100,100,100,100,100,100,100
round_queries,200,300,1100,5100,22700,106500,536700,2690500,13611700,68958300
round_k,0,1,5,25,113,532,2683,13452,68058,344791
round_shots,200,100,100,100,100,100,100,100,100,100
round_queries,200,300,700,2300,10300,51300,239500,1154700,5716700,28831100
round_k,0,1,3,11,51,256,1197,5773,28583,144155
round_shots,100,100,100,100,100,100,100,100,100,100
round_queries,100,300,1100,3700,17100,81300,392300,1972300,9909300,50125700
round_k,0,1,5,18,85,406,1961,9861,49546,250628
round_shots,100,100,100,100,100,100,100,100,100,100
round_queries,100,300,1100,4100,19700,95500,473300,2384900,11969300,60625700
round_k,0,1,5,20,98,477,2366,11924,59846,303128
round_shots,100,100,100,100,100,100,100,100,100,100
round_queries,100,300,1100,3100,15300,71100,356100,1791900,8957700,45245500
round_k,0,1,5,15,76,355,1780,8959,44788,226227
round_shots,200,100,100,100,100,100,100,100,100,100
round_queries,200,300,1100,3700,16100,75900,369300,1862900,9425100,47494700
round_k,0,1,5,18,80,379,1846,9314,47125,237473
round_shots,200,100,100,100,100,100,100,100,100,100
round_queries,200,300,1100,3500,15100,69900,349900,1749500,8822900,44506100
round_k,0,1,5,17,75,349,1749,8747,44114,222530
round_shots,300,100,100,100,100,100,100,100,100,100
round_queries,300,300,1100,4100,18300,88900,446100,2233700,11258100,57142500
round_k,0,1,5,20,91,444,2230,11168,56290,285712
round_shots,100,100,100,100,100,100,100,100,100
round_queries,100,300,1500,4900,23300,111300,664300,3534500,17805100
round_k,0,1,7,24,116,556,3321,17672,89025
round_shots,100,100,100,100,100,100,100,100,100,100
round_queries,100,300,1100,4500,21100,103700,515300,2573700,12855900,65081700
round_k,0,1,5,22,105,518,2576,12868,64279,325408
round_shots,100,100,100,100,100,100,100,100,100,100
round_queries,100,300,1100,3700,17300,86100,430500,2157300,10882700,55174300
round_k,0,1,5,18,86,430,2152,10786,54413,275871
round_shots,200,100,100,100,100,100,100,100,100
round_queries,200,300,1500,5500,27100,127900,636300,3198300,16073300
round_k,0,1,7,27,135,639,3181,15991,80366
round_shots,200,100,100,100,100,100,100,100,100
round_queries,200,300,1500,6900,32700,160700,796100,3948500,19892500
round_k,0,1,7,34,163,803,3980,19742,99462
round_shots,100,100,100,100,100,100,100,100,100
round_queries,100,300,1100,5300,25300,124500,624100,3136900,15852500
round_k,0,1,5,26,126,622,3120,15684,79262
round_shots,200,100,100,100,100,100,100,100,100,100
round_queries,200,300,1100,4900,23700,112300,548300,2772500,14035100,71259700
round_k,0,1,5,24,118,561,2741,13862,70175,356298
round_shots,100,100,100,100,100,100,100,100,100,100
round_queries,100,300,1100,4500,19900,93300,483700,2395900,12097900,61003700
round_k,0,1,5,22,99,466,2418,11979,60489,305018
round_shots,200,100,100,100,100,100,100,100,100
round_queries,200,300,1100,4900,21300,103500,514700,3118900,15732100
round_k,0,1,5,24,106,517,2573,15594,78660
round_shots,100,100,100,100,100,100,100,100,100,100
round_queries,100,300,700,1900,8300,39100,193300,979500,4965500,24723100
round_k,0,1,3,9,41,195,966,4897,24827,123615
round_shots,100,100,100,100,100,100,100,100,100,100
round_queries,100,300,1100,4700,22300,106500,518700,2610500,13081700,66380300
round_k,0,1,5,23,111,532,2593,13052,65408,331901
round_shots,200,100,100,100,100,100,100,100,100,100
round_queries,200,300,1100,4500,20700,101300,497900,2499700,12646300,63907100
round_k,0,1,5,22,103,506,2489,12498,63231,319535
round_shots,200,100,100,100,100,100,100,100,100
round_queries,200,700,2900,13100,64300,317300,1576500,7934300,40129700
round_k,0,3,14,65,321,1586,7882,39671,200648
round_shots,200,100,100,100,100,100,100,100,100,100
round_queries,200,300,1100,3700,17500,86700,432900,2180100,11015500,55774900
round_k,0,1,5,18,87,433,2164,10900,55077,278874
round_shots,100,100,100,100,100,100,100,100,100,100
round_queries,100,300,1100,4700,22300,111100,557500,2771500,13961300,70548900
round_k,0,1,5,23,111,555,2787,13857,69806,352744
round_shots,100,200,100,100,100,100,100,100,100
round_queries,100,600,1900,7100,33100,162100,809100,4086100,20590700
round_k,0,1,9,35,165,810,4045,20430,102953
round_shots,100,100,100,100,100,100,100,100,100,100
round_queries,100,300,1100,4700,22300,108700,537300,2705300,13592100,68327700
round_k,0,1,5,23,111,543,2686,13526,67960,341638
round_shots,100,100,100,100,100,100,100,100,100,100
round_queries,100,300,1100,3500,15700,73700,361900,1798900,9105100,46036500
round_k,0,1,5,17,78,368,1809,8994,45525,230182
round_shots,100,100,100,100,100,100,100,100,100,100
round_queries,100,300,700,1900,8500,42100,196500,972300,4590300,23119300
round_k,0,1,3,9,42,210,982,4861,22951,115596
round_shots,200,100,100,100,100,100,100,100,100
round_queries,200,300,1100,5100,25100,124900,614700,3093500,15694300
round_k,0,1,5,25,125,624,3073,15467,78471
round_shots,100,100,100,100,100,100,100,100,100
round_queries,100,300,1100,5500,27100,129900,643500,3229900,16302900
round_k,0,1,5,27,135,649,3217,16149,81514
round_shots,200,100,100,100,100,100,100,100,100,100
round_queries,200,300,1100,4900,24100,120500,602900,3057500,15448900,77882500
round_k,0,1,5,24,120,602,3014,15287,77244,389412
round_shots,200,100,100,100,100,100,100,100,100,100
round_queries,200,300,1100,5300,25500,119900,567700,2813300,14203700,72082900
round_k,0,1,5,26,127,599,2838,14066,71018,360414
round_shots,100,100,100,100,100,100,100,100,100,100
round_queries,100,300,1100,4500,20500,101500,512700,2548100,12885900,65278500
round_k,0,1,5,22,102,507,2563,12740,64429,326392
round_shots,100,100,100,100,100,100,100,100,100
round_queries,100,300,1500,5900,29500,144500,728900,3669700,18542900
round_k,0,1,7,29,147,722,3644,18348,92714
round_shots,200,100,100,100,100,100,100,100,100,100
round_queries,200,300,1100,4100,19700,93900,458900,2297500,11621900,58939900
round_k,0,1,5,20,98,469,2294,11487,58109,294699
round_shots,100,100,100,100,100,100,100,100,100
round_queries,100,300,1500,5700,26100,123900,625500,3135900,15827500
round_k,0,1,7,28,130,619,3127,15679,79137
round_shots,200,100,100,100,100,100,100,100,100
round_queries,200,500,1900,7100,34500,167300,836500,4227700,21308500
round_k,0,2,9,35,172,836,4182,21138,106542
round_shots,100,100,100,100,100,100,100,100,100,100
round_queries,100,300,1100,4300,19500,91100,460900,2317900,11622300,58945700
round_k,0,1,5,21,97,455,2304,11589,58111,294728
round_shots,200,100,100,100,100,100,100,100,100,100
round_queries,200,300,1100,4500,22100,105100,522700,2627300,13288900,66686100
round_k,0,1,5,22,110,525,2613,13136,66444,333430
round_shots,100,100,100,100,100,100,100,100,100,100
round_queries,100,300,700,2900,12500,59500,296700,1503100,7528300,37995900
round_k,0,1,3,14,62,297,1483,7515,37641,189979
round_shots,100,100,100,100,100,100,100,100,100,100
round_queries,100,300,1100,4100,18700,89100,430500,2155100,10896100,54939300
round_k,0,1,5,20,93,445,2152,10775,54480,274696
round_shots,200,100,100,100,100,100,100,100,100
round_queries,200,300,1100,5300,25300,127100,625700,3105700,15686100
round_k,0,1,5,26,126,635,3128,15528,78430
round_shots,200,100,100,100,100,100,100,100,100,100
round_queries,200,300,1100,4500,21300,100100,489300,2472700,12373500,62352300
round_k,0,1,5,22,106,500,2446,12363,61867,311761
round_shots,200,100,100,100,100,100,100,100,100,100
round_queries,200,300,1100,4100,19500,92900,456900,2291700,11596900,58617700
round_k,0,1,5,20,97,464,2284,11458,57984,293088
round_shots,100,100,100,100,100,100,100,100,100,100
round_queries,100,300,1100,3700,17100,81300,395100,1990300,10013300,50830900
round_k,0,1,5,18,85,406,1975,9951,50066,254154
round_shots,200,100,100,100,100,100,100,100,100,100
round_queries,200,300,1100,4900,22900,110300,550900,2779900,14038700,71160100
round_k,0,1,5,24,114,551,2754,13899,70193,355800
round_shots,200,100,100,100,100,100,100,100,100,100
round_queries,200,300,700,2700,13500,62700,311300,1559300,7875500,39908100
round_k,0,1,3,13,67,313,1556,7796,39377,199540
round_shots,100,100,100,100,100,100,100,100,100,100
round_queries,100,300,1100,4100,19500,94300,469900,2372500,12021300,64006500
round_k,0,1,5,20,97,471,2349,11862,60106,320032
round_shots,200,100,100,100,100,100,100,100,100,100
round_queries,200,300,1100,3700,15300,75500,376100,1899100,9437500,47591500
round_k,0,1,5,18,76,377,1880,9495,47187,237957
round_shots,200,100,100,100,100,100,100,100,100,100
round_queries,200,300,1100,3700,17900,84300,420300,2093900,10565500,53511900
round_k,0,1,5,18,89,421,2101,10469,52827,267559
round_shots,200,100,100,100,100,100,100,100,100,100
round_queries,200,300,1100,3700,15300,72900,359500,1814300,9170500,46487300
round_k,0,1,5,18,76,364,1797,9071,45852,232436
round_shots,200,100,100,100,100,100,100,100,100,100
round_queries,200,300,1100,4500,19300,94500,475300,2502900,12600900,63818900
round_k,0,1,5,22,96,472,2376,12514,63004,319094
round_shots,200,100,100,100,100,100,100,100,100,100
round_queries,200,300,700,2300,10300,47300,231300,1158700,5851500,29577500
round_k,0,1,3,11,51,236,1156,5793,29257,147887
round_shots,200,100,100,100,100,100,100,100,100,100
round_queries,200,300,1100,4500,20700,100300,501500,2525900,12723500,64274500
round_k,0,1,5,22,103,501,2507,12629,63617,321372
round_shots,100,100,100,100,100,100,100,100,100,100
round_queries,100,300,700,2300,9700,48100,238900,1197300,5990700,30288900
round_k,0,1,3,11,48,240,1194,5986,29953,151444
round_shots,200,100,100,100,100,100,100,100,100,100
round_queries,200,300,1100,3500,16500,77500,386100,1935100,9576900,48267500
round_k,0,1,5,17,82,387,1930,9675,47884,241337
round_shots,200,100,100,100,100,100,100,100,100,100
round_queries,200,300,1100,4500,20900,100900,504700,2534100,12792700,64690500
round_k,0,1,5,22,104,504,2523,12670,63963,323452
round_shots,100,100,100,100,100,100,100,100,100,100
round_queries,100,300,700,2300,11300,53100,259100,1297300,6539900,33022500
round_k,0,1,3,11,56,265,1295,6486,32699,165112
round_shots,200,100,100,100,100,100,100,100,100,100
round_queries,200,300,1100,3700,16500,81500,405700,2033300,10298500,52234100
round_k,0,1,5,18,82,407,2028,10166,51492,261170
round_shots,200,100,100,100,100,100,100,100,100,100
round_queries,200,300,700,2700,10900,51300,241900,1197500,6013100,30498900
round_k,0,1,3,13,54,256,1209,5987,30065,152494
round_shots,200,100,100,100,100,100,100,100,100
round_queries,200,500,2300,9900,46300,222100,1111500,5624500,28523100
round_k,0,2,11,49,231,1110,5557,28122,142615
round_shots,200,100,100,100,100,100,100,100,100,100
round_queries,200,300,1100,5100,24300,117700,585900,2921500,14766700,74671900
round_k,0,1,5,25,121,588,2929,14607,73833,373359
round_shots,100,100,100,100,100,100,100,100,100,100
round_queries,100,300,1100,4900,21300,102500,506300,2559500,12925300,65417900
round_k,0,1,5,24,106,512,2531,12797,64626,327089
round_shots,100,100,100,100,100,100,100,100,100,100
round_queries,100,300,1100,4500,21900,105700,525300,2768900,14014300,71039500
round_k,0,1,5,22,109,528,2626,13844,70071,355197
round_shots,100,100,100,100,100,100,100,100,100,100
round_queries,100,300,700,1900,8700,41300,206500,1042300,5223300,26214700
round_k,0,1,3,9,43,206,1032,5211,26116,131073
round_shots,100,100,100,100,100,100,100,100,100,100
round_queries,100,300,700,1900,8900,40700,201500,996300,4999900,25135300
round_k,0,1,3,9,44,203,1007,4981,24999,125676
round_shots,100,100,100,100,100,100,100,100,100
round_queries,100,300,1500,7100,33500,168500,834100,4182100,21015300
round_k,0,1,7,35,167,842,4170,20910,105076
round_shots,100,100,100,100,100,100,100,100,100,100
round_queries,100,300,1100,4700,22100,107500,527100,2664900,13375500,67766900
round_k,0,1,5,23,110,537,2635,13324,66877,338834
round_shots,200,100,100,100,100,100,100,100,100,100
round_queries,200,300,700,2500,10500,52300,256100,1280900,6445900,32440300
round_k,0,1,3,12,52,261,1280,6404,32229,162201
round_shots,100,100,100,100,100,100,100,100,100,100
round_queries,100,300,1100,4500,20500,93500,464300,2300500,11654100,59027300
round_k,0,1,5,22,102,467,2321,11502,58270,295136
round_shots,200,100,100,100,100,100,100,100,100
round_queries,200,300,1500,6700,31700,154300,762700,3855300,19412100
round_k,0,1,7,33,158,771,3813,19276,97060
round_shots,100,100,100,100,100,100,100,100,100,100
round_queries,100,300,1100,5100,21700,106700,529500,2653300,13452100,67837700
round_k,0,1,5,25,108,533,2647,13266,67260,339188
round_shots,200,100,100,100,100,100,100,100,100,100
round_queries,200,300,1100,4900,23100,113500,568300,2865900,14446700,73157300
round_k,0,1,5,24,115,567,2841,14329,72233,365786
round_shots,200,100,100,100,100,100,100,100,100
round_queries,200,700,2900,12900,64500,319100,1595700,8051300,49033700
round_k,0,3,14,64,322,1595,7978,40256,245168
round_shots,200,100,100,100,100,100,100,100,100
round_queries,200,300,1500,5900,29100,141500,700100,3459900,17547900
round_k,0,1,7,29,145,707,3500,17299,87739
round_shots,100,100,100,100,100,100,100,100,100,100
round_queries,100,300,1100,4300,19100,90700,448100,2249500,11318700,57384900
round_k,0,1,5,21,95,453,2240,11247,56593,286924
round_shots,100,100,100,100,100,100,100,100,100,100
round_queries,100,300,700,1900,7100,32700,163500,781300,3949700,19800300
round_k,0,1,3,9,35,163,817,3906,19748,99001
round_shots,100,100,100,100,100,100,100,100,100,100
round_queries,100,300,1100,4900,22500,108900,539700,2729700,13824900,70010500
round_k,0,1,5,24,112,544,2698,13648,69124,350052
round_shots,100,100,100,100,100,100,100,100,100
round_queries,100,300,1100,5100,24300,116300,701300,3508300,17734900
round_k,0,1,5,25,121,581,3506,17541,88674
round_shots,200,100,100,100,100,100,100,100,100
round_queries,200,500,2300,10700,52900,265300,1329500,6739500,34105700
round_k,0,2,11,53,264,1326,6647,33697,170528
round_shots,100,100,100,100,100,100,100,100,100,100
round_queries,100,300,700,2300,10100,45900,225500,1121100,5645500,28574500
round_k,0,1,3,11,50,229,1127,5605,28227,142872
round_shots,200,100,100,100,100,100,100,100,100,100
round_queries,200,300,700,1900,7100,32700,162500,820500,4120700,20872900
round_k,0,1,3,9,35,163,812,4102,20603,104364
round_shots,100,100,100,100,100,100,100,100,100,100
round_queries,100,300,1100,4100,19900,93900,463100,2320900,11741100,59252500
round_k,0,1,5,20,99,469,2315,11604,58705,296262
round_shots,100,100,100,100,100,100,100,100,100
round_queries,100,300,1500,7100,34900,173900,862100,4283700,21688900
round_k,0,1,7,35,174,869,4310,21418,108444
round_shots,100,100,100,100,100,100,100,100,100
round_queries,100,500,1500,6300,28900,170500,855300,4276300,21680500
round_k,0,2,7,31,144,852,4276,21381,108402
round_shots,200,100,100,100,100,100,100,100,100,100
round_queries,200,300,1100,4700,22300,106100,533700,2656500,13389700,67962700
round_k,0,1,5,23,111,530,2668,13282,66948,339813
round_shots,100,100,100,100,100,100,100,100,100,100
round_queries,100,300,1100,3700,16100,78100,389500,1952700,9862300,49446300
round_k,0,1,5,18,80,390,1947,9763,49311,247231
round_shots,200,100,100,100,100,100,100,100,100
round_queries,200,300,1500,6100,26500,129500,650700,3263500,16502300
round_k,0,1,7,30,132,647,3253,16317,82511
round_shots,100,100,100,100,100,100,100,100,100,100
round_queries,100,300,700,2500,11300,54900,266700,1325100,6700300,33963100
round_k,0,1,3,12,56,274,1333,6625,33501,169815
round_shots,200,100,100,100,100,100,100,100,100,100
round_queries,200,300,1100,3500,17100,81500,396300,1999700,10017100,50469700
round_k,0,1,5,17,85,407,1981,9998,50085,252348
round_shots,200,100,100,100,100,100,100,100,100,100
round_queries,200,300,1100,3700,18500,92700,454500,2287700,11483700,57894300
round_k,0,1,5,18,92,463,2272,11438,57418,289471
round_shots,100,100,100,100,100,100,100,100,100,100
round_queries,100,300,1100,3700,17900,85900,429500,2140100,10767900,54665100
round_k,0,1,5,18,89,429,2147,10700,53839,273325
round_shots,200,100,100,100,100,100,100,100,100,100
round_queries,200,300,700,2900,13100,61500,300500,1498100,7562100,38244500
round_k,0,1,3,14,65,307,1502,7490,37810,191222
round_shots,200,100,100,100,100,100,100,100,100,100
round_queries,200,300,1100,4900,22100,109100,529700,2666300,13256500,66825900
round_k,0,1,5,24,110,545,2648,13331,66282,334129
round_shots,200,100,100,100,100,100,100,100,100,100
round_queries,200,300,1100,3100,14500,66700,330700,1652300,8298700,42024900
round_k,0,1,5,15,72,333,1653,8261,41493,210124
round_shots,200,100,100,100,100,100,100,100,100,100
round_queries,200,300,1100,5100,21900,107700,533900,2674500,13493900,68396500
round_k,0,1,5,25,109,538,2669,13372,67469,341982
round_shots,200,100,100,100,100,100,100,100,100,100
round_queries,200,300,700,3300,15300,75700,376100,1888100,9557900,48408700
round_k,0,1,3,16,76,378,1880,9440,47789,242043
round_shots,200,100,100,100,100,100,100,100,100,100
round_queries,200,300,700,2700,12500,58900,293100,1472500,7423900,37625900
round_k,0,1,3,13,62,294,1465,7362,37119,188129
round_shots,100,100,100,100,100,100,100,100,100,100
round_queries,100,300,1100,3100,13100,61900,303100,1526900,7701100,39000300
round_k,0,1,5,15,65,309,1515,7634,38505,195001
round_shots,200,100,100,100,100,100,100,100,100,100
round_queries,200,300,1100,4500,22500,106100,533500,2695100,13611900,68553100
round_k,0,1,5,22,112,530,2667,13475,68059,342765
round_shots,200,100,100,100,100,100,100,100,100,100
round_queries,200,300,1100,4500,20300,102700,514300,2587700,13051100,66067500
round_k,0,1,5,22,101,513,2571,12938,65255,330337
round_shots,200,100,100,100,100,100,100,100,100,100
round_queries,200,300,700,1900,7100,31500,159700,796900,4025700,20417900
round_k,0,1,3,9,35,157,798,3984,20128,102089
round_shots,200,100,100,100,100,100,100,100,100,100
round_queries,200,300,1100,4900,21100,100900,502100,2536100,12813900,64428900
round_k,0,1,5,24,105,504,2510,12680,64069,322144
round_shots,200,100,100,100,100,100,100,100,100
round_queries,200,500,1900,8500,41500,201300,1009100,5056300,25564900
round_k,0,2,9,42,207,1006,5045,25281,127824
round_shots,200,100,100,100,100,100,100,100,100,100
round_queries,200,300,1100,4500,20500,96500,478900,2399300,12080300,61118500
round_k,0,1,5,22,102,482,2394,11996,60401,305592
round_shots,100,100,100,100,100,100,100,100,100,100
round_queries,100,300,1100,4900,21300,106500,537500,2721900,13753300,69669700
round_k,0,1,5,24,106,532,2687,13609,68766,348348
round_shots,200,100,100,100,100,100,100,100,100,100
round_queries,200,300,1100,5500,24500,116700,583100,2944700,14893300,75295700
round_k,0,1,5,27,122,583,2915,14723,74466,376478
round_shots,100,100,100,100,100,100,100,100,100,100
round_queries,100,300,1100,4500,21100,105100,512500,2560500,12949100,65248300
round_k,0,1,5,22,105,525,2562,12802,64745,326241
round_shots,100,100,100,100,100,100,100,100,100,100
round_queries,100,300,1100,3100,13500,63900,318300,1602300,8099100,41044100
round_k,0,1,5,15,67,319,1591,8011,40495,205220
round_shots,100,100,100,100,100,100,100,100,100,100
round_queries,100,300,1100,3700,17300,84700,417700,2106500,10530100,53342500
round_k,0,1,5,18,86,423,2088,10532,52650,266712
round_shots,200,100,100,100,100,100,100,100,100,100
round_queries,200,300,1100,4500,20100,99700,493500,2495100,12606100,63923300
round_k,0,1,5,22,100,498,2467,12475,63030,319616
round_shots,100,100,100,100,100,100,100,100,100,100
round_queries,100,300,1100,4500,21900,110300,520900,2605100,13210900,67046100
round_k,0,1,5,22,109,551,2604,13025,66054,335230
round_shots,100,100,100,100,100,100,100,100,100,100
round_queries,100,300,1100,4100,19300,89500,437700,2202700,11122300,56456900
round_k,0,1,5,20,96,447,2188,11013,55611,282284
round_shots,100,100,100,100,100,100,100,100,100,100
round_queries,100,300,1100,4700,21300,106500,526500,2669100,13470700,68155500
round_k,0,1,5,23,106,532,2632,13345,67353,340777
round_shots,200,100,100,100,100,100,100,100,100,100
round_queries,200,300,1100,4500,21300,103100,518500,2616900,13251100,67205500
round_k,0,1,5,22,106,515,2592,13084,66255,336027
round_shots,200,100,100,100,100,100,100,100,100,100
round_queries,200,300,700,2700,11700,57100,287700,1436900,7236300,36357700
round_k,0,1,3,13,58,285,1438,7184,36181,181788
round_shots,200,100,100,100,100,100,100,100,100,100
round_queries,200,300,1100,3700,16500,78300,391500,1957500,9865700,50005500
round_k,0,1,5,18,82,391,1957,9787,49328,250027
round_shots,100,100,100,100,100,100,100,100,100,100
round_queries,100,300,1100,4500,22500,111500,552300,2708100,13564100,68862300
round_k,0,1,5,22,112,557,2761,13540,67820,344311
round_shots,100,100,100,100,100,100,100,100,100,100
round_queries,100,300,1100,4100,18500,89700,448100,2245700,11392500,57560100
round_k,0,1,5,20,92,448,2240,11228,56962,287800
round_shots,100,100,100,100,100,100,100,100,100
round_queries,100,300,1500,6700,30500,149900,749100,3767500,19053500
round_k,0,1,7,33,152,749,3745,18837,95267
round_shots,100,100,100,100,100,100,100,100,100,100
round_queries,100,300,1100,3700,16500,75300,361500,1822700,9159700,46316300
round_k,0,1,5,18,82,376,1807,9113,45798,231581
round_shots,300,100,100,100,100,100,100,100,100,100
round_queries,300,300,1100,5500,24300,119300,598900,3018900,15239100,77085900
round_k,0,1,5,27,121,596,2994,15094,76195,385429
round_shots,100,100,100,100,100,100,100,100,100,100
round_queries,100,300,1100,4900,22100,105100,521300,2606100,13176100,66298700
round_k,0,1,5,24,110,525,2606,13030,65880,331493
round_shots,200,100,100,100,100,100,100,100,100
round_queries,200,500,1900,7700,35500,170300,862900,4367100,22000700
round_k,0,2,9,38,177,851,4314,21835,110003
round_shots,100,100,100,100,100,100,100,100,100,100
round_queries,100,300,700,2900,11700,58500,281500,1418500,7134100,36120500
round_k,0,1,3,14,58,292,1407,7092,35670,180602
round_shots,100,100,100,100,100,100,100,100,100,100
round_queries,100,300,1100,4100,18900,95300,468300,2345300,11872700,59813500
round_k,0,1,5,20,94,476,2341,11726,59363,299067
round_shots,100,100,100,100,100,100,100,100,100,100
round_queries,100,300,700,2300,10500,52500,260500,1312100,6619100,33262900
round_k,0,1,3,11,52,262,1302,6560,33095,166314
round_shots,100,100,100,100,100,100,100,100,100,100
round_queries,100,300,1500,5300,23500,115300,564700,2794100,14075300,71138500
round_k,0,1,7,26,117,576,2823,13970,70376,355692
round_shots,100,100,100,100,100,100,100,100,100,100
round_queries,100,300,1100,3700,17100,80100,402100,2028700,10210500,51824700
round_k,0,1,5,18,85,400,2010,10143,51052,259123
round_shots,200,100,100,100,100,100,100,100,100
round_queries,200,300,1100,5100,24700,124500,619900,3109100,15697700
round_k,0,1,5,25,123,622,3099,15545,78488
round_shots,200,100,100,100,100,100,100,100,100,100
round_queries,200,300,700,2300,10900,51700,256900,1267300,6389100,32295300
round_k,0,1,3,11,54,258,1284,6336,31945,161476
round_shots,100,100,100,100,100,100,100,100,100,100
round_queries,100,300,1100,4100,17900,89900,447700,2249100,11393900,57784900
round_k,0,1,5,20,89,449,2238,11245,56969,288924
round_shots,100,200,100,100,100,100,100,100,100
round_queries,100,600,1500,6300,29300,146300,729100,3682300,18575900
round_k,0,1,7,31,146,731,3645,18411,92879
round_shots,100,100,100,100,100,100,100,100,100,100
round_queries,100,300,1100,3900,17500,81900,409500,2059700,10393500,52446700
round_k,0,1,5,19,87,409,2047,10298,51967,262233
round_shots,300,100,100,100,100,100,100,100,100,100
round_queries,300,300,1100,5100,24900,119100,597500,2971100,14992300,76103500
round_k,0,1,5,25,124,595,2987,14855,74961,380517
round_shots,300,100,100,100,100,100,100,100,100
round_queries,300,500,1900,8500,37900,185900,927700,4662100,23546700
round_k,0,2,9,42,189,929,4638,23310,117733
round_shots,100,100,100,100,100,100,100,100,100
round_queries,100,300,1100,5500,27500,137900,669100,3375900,16902100
round_k,0,1,5,27,137,689,3345,16879,84510
round_shots,200,100,100,100,100,100,100,100,100,100
round_queries,200,300,1100,4100,18700,90900,452100,2259300,11400100,57640100
round_k,0,1,5,20,93,454,2260,11296,57000,288200
round_shots,200,100,100,100,100,100,100,100,100,100
round_queries,200,300,1100,4100,19500,96700,483300,2424500,12243300,61933900
round_k,0,1,5,20,97,483,2416,12122,61216,309669
round_shots,100,100,100,100,100,100,100,100,100,100
round_queries,100,300,1100,5100,23500,111300,548300,2751100,13880100,70008900
round_k,0,1,5,25,117,556,2741,13755,69400,350044
round_shots,200,100,100,100,100,100,100,100,100
round_queries,200,300,1100,5100,24900,124500,613900,3101100,15705100
round_k,0,1,5,25,124,622,3069,15505,78525
round_shots,200,100,100,100,100,100,100,100,100,100
round_queries,200,300,1500,5900,26100,123900,605900,3052300,15363100,76585900
round_k,0,1,7,29,130,619,3029,15261,76815,382929
round_shots,200,100,100,100,100,100,100,100,100,100
round_queries,200,300,1100,4500,21100,101100,505100,2542900,12829700,65091700
round_k,0,1,5,22,105,505,2525,12714,64148,325458
round_shots,200,100,100,100,100,100,100,100,100
round_queries,200,300,1500,6700,30300,146100,731900,3698100,18692100
round_k,0,1,7,33,151,730,3659,18490,93460
round_shots,100,100,100,100,100,100,100,100,100,100
round_queries,100,300,1100,3100,14100,69500,329300,1649700,8276100,41996900
round_k,0,1,5,15,70,347,1646,8248,41380,209984
round_shots,100,100,100,100,100,100,100,100,100,100
round_queries,100,300,1100,5300,23700,118900,598300,2990500,15159300,76827900
round_k,0,1,5,26,118,594,2991,14952,75796,384139
round_shots,100,100,100,100,100,100,100,100,100,100
round_queries,100,300,1100,4100,18100,87100,424100,2142100,10866500,55014300
round_k,0,1,5,20,90,435,2120,10710,54332,275071
round_shots,200,100,100,100,100,100,100,100,100,100
round_queries,200,300,1100,4100,19300,93700,468100,2315700,11725500,59140700
round_k,0,1,5,20,96,468,2340,11578,58627,295703
round_shots,200,100,100,100,100,100,100,100,100,100
round_queries,200,300,1100,4100,18900,93900,468700,2360700,11984500,60785900
round_k,0,1,5,20,94,469,2343,11803,59922,303929
round_shots,100,100,100,100,100,100,100,100,100,100
round_queries,100,300,1100,3700,17100,81700,405300,2040900,10336900,52283500
round_k,0,1,5,18,85,408,2026,10204,51684,261417
round_shots,200,100,100,100,100,100,100,100,100,100
round_queries,200,300,1100,5100,22900,112300,553900,2771500,13993300,70982300
round_k,0,1,5,25,114,561,2769,13857,69966,354911
round_shots,100,100,100,100,100,100,100,100,100,100
round_queries,100,300,1100,3700,16100,77500,382900,1924300,9727300,49219700
round_k,0,1,5,18,80,387,1914,9621,48636,246098
round_shots,100,100,100,100,100,100,100,100,100,100
round_queries,100,300,1100,4100,19500,95900,479500,2416100,12229100,62067700
round_k,0,1,5,20,97,479,2397,12080,61145,310338
round_shots,100,100,100,100,100,100,100,100,100,100
round_queries,100,300,1100,4500,20700,98300,479900,2403100,12159500,61666100
round_k,0,1,5,22,103,491,2399,12015,60797,308330
round_shots,200,100,100,100,100,100,100,100,100,100
round_queries,200,300,1100,5100,22500,112500,562500,2845300,14372700,72943900
round_k,0,1,5,25,112,562,2812,14226,71863,364719
round_shots,100,100,100,100,100,100,100,100,100
round_queries,100,300,1500,6700,31900,151500,757500,3823300,19375100
round_k,0,1,7,33,159,757,3787,19116,96875
round_shots,200,100,100,100,100,100,100,100,100,100
round_queries,200,300,1100,4900,22500,108500,540900,2724700,13729100,69321500
round_k,0,1,5,24,112,542,2704,13623,68645,346607
round_shots,100,100,100,100,100,100,100,100,100,100
round_queries,100,300,1100,4700,22300,103300,506100,2548100,12876300,65252500
round_k,0,1,5,23,111,516,2530,12740,64381,326262
round_shots,100,100,100,100,100,100,100,100,100,100
round_queries,100,300,1100,5300,24300,116500,580100,2932700,14815900,74958900
round_k,0,1,5,26,121,582,2900,14663,74079,374794
round_shots,100,100,100,100,100,100,100,100,100,100
round_queries,100,300,1100,4500,19300,95700,480300,2376100,12014100,60906900
round_k,0,1,5,22,96,478,2401,11880,60070,304534
round_shots,100,100,100,100,100,100,100,100,100,100
round_queries,100,300,700,2700,10900,54500,263100,1304900,6583100,33361900
round_k,0,1,3,13,54,272,1315,6524,32915,166809
round_shots,200,100,100,100,100,100,100,100,100,100
round_queries,200,300,1100,4100,17700,85500,426500,2145700,10826300,54727300
round_k,0,1,5,20,88,427,2132,10728,54131,273636
round_shots,100,100,100,100,100,100,100,100,100,100
round_queries,100,300,1100,4100,18300,85900,420100,2116100,10692500,54257300
round_k,0,1,5,20,91,429,2100,10580,53462,271286
round_shots,200,100,100,100,100,100,100,100,100,100
round_queries,200,300,1100,4900,21500,106300,535100,2684900,13611100,68842100
round_k,0,1,5,24,107,531,2675,13424,68055,344210
round_shots,200,100,100,100,100,100,100,100,100,100
round_queries,200,300,1100,4900,23500,115100,570900,2878500,14534500,73396900
round_k,0,1,5,24,117,575,2854,14392,72672,366984
round_shots,100,100,100,100,100,100,100,100,100,100
round_queries,100,300,1100,4900,23100,113900,568900,2876500,14513100,73522900
round_k,0,1,5,24,115,569,2844,14382,72565,367614
round_shots,200,100,100,100,100,100,100,100,100,100
round_queries,200,300,1100,4700,20700,104100,511500,2571900,12891900,64672300
round_k,0,1,5,23,103,520,2557,12859,64459,323361
round_shots,100,100,100,100,100,100,100,100,100,100
round_queries,100,300,1100,4700,22100,110900,550900,2764700,13989100,70773100
round_k,0,1,5,23,110,554,2754,13823,69945,353865
round_shots,100,100,100,100,100,100,100,100,100,100
round_queries,100,300,1100,4900,22900,113900,553100,2791500,14035100,70939500
round_k,0,1,5,24,114,569,2765,13957,70175,354697
round_shots,200,100,100,100,100,100,100,100,100,100
round_queries,200,300,1500,5300,24100,117900,587100,2944500,14919100,75393700
round_k,0,1,7,26,120,589,2935,14722,74595,376968
round_shots,100,100,100,100,100,100,100,100,100
round_queries,100,300,1500,6700,30300,147500,732500,3646100,18311900
round_k,0,1,7,33,151,737,3662,18230,91559
round_shots,100,100,100,100,100,100,100,100,100,100
round_queries,100,300,1100,4500,20500,101700,515300,2569700,13013300,65540900
round_k,0,1,5,22,102,508,2576,12848,65066,327704
round_shots,200,100,100,100,100,100,100,100,100
round_queries,200,500,1900,7700,36500,179700,904300,4550300,22951900
round_k,0,2,9,38,182,898,4521,22751,114759
round_shots,100,100,100,100,100,100,100,100,100,100
round_queries,100,300,1100,4500,22500,112300,559100,2809700,14186900,72079900
round_k,0,1,5,22,112,561,2795,14048,70934,360399
round_shots,200,100,100,100,100,100,100,100,100
round_queries,200,300,1500,6300,28700,135100,663500,3324100,16769500
round_k,0,1,7,31,143,675,3317,16620,83847
round_shots,200,100,100,100,100,100,100,100,100,100
round_queries,200,300,700,2300,11100,50900,250500,1261100,6319300,31917300
round_k,0,1,3,11,55,254,1252,6305,31596,159586
round_shots,300,100,100,100,100,100,100,100,100
round_queries,300,500,1500,6700,32100,157300,777700,3939900,19831700
round_k,0,2,7,33,160,786,3888,19699,99158
round_shots,100,100,100,100,100,100,100,100,100,100
round_queries,100,300,1100,4900,24300,119500,599500,2933500,14754900,74407300
round_k,0,1,5,24,121,597,2997,14667,73774,372036
round_shots,100,100,100,100,100,100,100,100,100,100
round_queries,100,300,1100,4500,22300,101300,498500,2500300,12635300,64084700
round_k,0,1,5,22,111,506,2492,12501,63176,320423
round_shots,100,100,100,100,100,100,100,100,100,100
round_queries,100,300,1100,5100,23700,114900,564700,2857700,14444100,72884300
round_k,0,1,5,25,118,574,2823,14288,72220,364421
round_shots,100,200,100,100,100,100,100,100,100,100
round_queries,100,600,1500,5700,24700,117100,571100,2725300,13589300,68952700
round_k,0,1,7,28,123,585,2855,13626,67946,344763
round_shots,100,100,100,100,100,100,100,100,100
round_queries,100,500,1500,5900,28100,137900,692700,3467700,17516700
round_k,0,2,7,29,140,689,3463,17338,87583
round_shots,200,100,100,100,100,100,100,100,100
round_queries,200,300,1100,4500,21100,125300,618100,3110900,15745700
round_k,0,1,5,22,105,626,3090,15554,78728
round_shots,100,100,100,100,100,100,100,100,100,100
round_queries,100,300,1100,4100,19700,92100,457300,2313500,11691700,59147100
round_k,0,1,5,20,98,460,2286,11567,58458,295735
round_shots,200,100,100,100,100,100,100,100,100,100
round_queries,200,300,700,2700,11300,53300,264100,1320700,6647100,33760700
round_k,0,1,3,13,56,266,1320,6603,33235,168803
round_shots,100,100,100,100,100,100,100,100,100,100
round_queries,100,300,1100,4500,21100,101700,504900,2542500,12868300,65155100
round_k,0,1,5,22,105,508,2524,12712,64341,325775
round_shots,200,100,100,100,100,100,100,100,100,100
round_queries,200,300,1100,4700,23100,105900,507300,2524100,12751900,64595100
round_k,0,1,5,23,115,529,2536,12620,63759,322975
round_shots,100,100,100,100,100,100,100,100,100,100
round_queries,100,300,700,2500,10900,50900,249900,1244300,6288700,31770700
round_k,0,1,3,12,54,254,1249,6221,31443,158853
round_shots,100,100,100,100,100,100,100,100,100,100
round_queries,100,300,1100,4900,22900,108500,540700,2710100,13727300,69312300
round_k,0,1,5,24,114,542,2703,13550,68636,346561
round_shots,100,100,100,100,100,100,100,100,100,100
round_queries,100,300,700,1900,8900,44100,213700,1072100,5367500,27169100
round_k,0,1,3,9,44,220,1068,5360,26837,135845
round_shots,100,100,100,100,100,100,100,100,100,100
round_queries,100,300,1100,4500,20300,98900,494500,2488500,12627700,64013500
round_k,0,1,5,22,101,494,2472,12442,63138,320067
round_shots,100,100,100,100,100,100,100,100,100,100
round_queries,100,300,1100,4700,20500,94500,472700,2375100,11996900,60871100
round_k,0,1,5,23,102,472,2363,11875,59984,304355
round_shots,200,100,100,100,100,100,100,100,100,100
round_queries,200,300,1100,3100,14100,68500,343700,1714700,8586700,43462300
round_k,0,1,5,15,70,342,1718,8573,42933,217311
round_shots,200,100,100,100,100,100,100,100,100,100
round_queries,200,300,700,3300,14900,72700,352500,1771900,8982100,45556900
round_k,0,1,3,16,74,363,1762,8859,44910,227784
round_shots,200,100,100,100,100,100,100,100,100,100
round_queries,200,300,1100,5100,24500,117100,593300,2978500,15022100,75838700
round_k,0,1,5,25,122,585,2966,14892,75110,379193
round_shots,200,100,100,100,100,100,100,100,100,100
round_queries,200,300,700,2300,10900,52300,263100,1327300,6688300,33741700
round_k,0,1,3,11,54,261,1315,6636,33441,168708
round_shots,100,100,100,100,100,100,100,100,100,100
round_queries,100,300,1100,5100,22300,110700,515900,2539500,12798900,64834700
round_k,0,1,5,25,111,553,2579,12697,63994,324173
round_shots,100,100,100,100,100,100,100,100,100,100
round_queries,100,300,1100,3100,14100,65100,324900,1635700,8241100,41789900
round_k,0,1,5,15,70,325,1624,8178,41205,208949
round_shots,200,100,100,100,100,100,100,100,100,100
round_queries,200,300,1100,3700,16700,83300,415100,2071300,10391500,52257300
round_k,0,1,5,18,83,416,2075,10356,51957,261286
round_shots,200,100,100,100,100,100,100,100,100,100
round_queries,200,300,700,2900,13500,65900,325100,1640900,8279700,41907300
round_k,0,1,3,14,67,329,1625,8204,41398,209536
round_shots,100,100,100,100,100,100,100,100,100,100
round_queries,100,300,1100,3900,19100,95500,480900,2530100,12754300,64657300
round_k,0,1,5,19,95,477,2404,12650,63771,323286
round_shots,100,100,100,100,100,100,100,100,100,100
round_queries,100,300,1100,4300,20500,98900,499500,2494300,12637500,63550900
round_k,0,1,5,21,102,494,2497,12471,63187,317754
round_shots,200,100,100,100,100,100,100,100,100,100
round_queries,200,300,1100,4500,19100,93500,469300,2367500,11843300,60470300
round_k,0,1,5,22,95,467,2346,11837,59216,302351
round_shots,200,100,100,100,100,100,100,100,100,100
round_queries,200,300,700,2300,10300,49300,243700,1219300,6139500,31091300
round_k,0,1,3,11,51,246,1218,6096,30697,155456
round_shots,200,100,100,100,100,100,100,100,100,100
round_queries,200,300,700,1900,9300,43300,209300,1059300,5266300,26519500
round_k,0,1,3,9,46,216,1046,5296,26331,132597
round_shots,100,100,100,100,100,100,100,100,100,100
round_queries,100,300,1100,3500,16500,76100,379100,1905900,9569300,48475700
round_k,0,1,5,17,82,380,1895,9529,47846,242378
round_shots,100,100,100,100,100,100,100,100,100,100
round_queries,100,300,1100,4500,20900,105500,526100,2658500,13437100,68067300
round_k,0,1,5,22,104,527,2630,13292,67185,340336
round_shots,100,100,100,100,100,100,100,100,100,100
round_queries,100,300,1100,4700,21900,105300,522500,2639500,13237500,67179500
round_k,0,1,5,23,109,526,2612,13197,66187,335897
round_shots,200,200,100,100,100,100,100,100,100,100
round_queries,200,600,900,4500,19100,93100,460300,2323700,11767700,59699300
round_k,0,1,4,22,95,465,2301,11618,58838,298496
round_shots,200,100,100,100,100,100,100,100,100,100
round_queries,200,300,1100,4900,23300,113300,562300,2807500,14212300,72117300
round_k,0,1,5,24,116,566,2811,14037,71061,360586
round_shots,200,100,100,100,100,100,100,100,100,100
round_queries,200,300,700,1900,9300,46500,228300,1154500,5799300,29321300
round_k,0,1,3,9,46,232,1141,5772,28996,146606
round_shots,100,100,100,100,100,100,100,100,100,100
round_queries,100,300,1100,3700,17100,83500,416300,2081500,10531500,53229700
round_k,0,1,5,18,85,417,2081,10407,52657,266148
round_shots,100,100,100,100,100,100,100,100,100,100
round_queries,100,300,1100,4100,18500,89100,431700,2150500,10900700,55232100
round_k,0,1,5,20,92,445,2158,10752,54503,276160
round_shots,100,100,100,100,100,100,100,100,100,100
round_queries,100,300,1100,4700,20700,101500,511700,2560900,12864700,65233300
round_k,0,1,5,23,103,507,2558,12804,64323,326166
round_shots,100,100,100,100,100,100,100,100,100,100
round_queries,100,300,1100,4100,19700,94900,473900,2390500,12081300,61172500
round_k,0,1,5,20,98,474,2369,11952,60406,305862
round_shots,200,100,100,100,100,100,100,100,100
round_queries,200,500,1500,5900,28700,139500,695700,3498300,17569300
round_k,0,2,7,29,143,697,3478,17491,87846
round_shots,100,100,100,100,100,100,100,100,100,100
round_queries,100,300,700,2300,11100,50100,250900,1264700,6392700,33968500
round_k,0,1,3,11,55,250,1254,6323,31963,169842
round_shots,100,100,100,100,100,100,100,100,100,100
round_queries,100,300,700,3300,15700,78100,383100,1927300,9729700,49140900
round_k,0,1,3,16,78,390,1915,9636,48648,245704
round_shots,100,100,100,100,100,100,100,100,100,100
round_queries,100,300,1100,4100,18700,88300,442100,2232700,11272500,57138100
round_k,0,1,5,20,93,441,2210,11163,56362,285690
round_shots,100,100,100,100,100,100,100,100,100,100
round_queries,100,300,700,1900,7300,42100,208300,1056900,5341900,26948300
round_k,0,1,3,9,36,210,1041,5284,26709,134741
round_shots,100,100,100,100,100,100,100,100,100,100
round_queries,100,300,1100,5100,22300,106700,508700,2565700,12976900,65808700
round_k,0,1,5,25,111,533,2543,12828,64884,329043
round_shots,200,100,100,100,100,100,100,100,100,100
round_queries,200,300,700,2900,13900,69700,342300,1734900,8734100,44111900
round_k,0,1,3,14,69,348,1711,8674,43670,220559
round_shots,200,100,100,100,100,100,100,100,100
round_queries,200,500,1900,7700,36500,179700,894100,4539500,22781500
round_k,0,2,9,38,182,898,4470,22697,113907
round_shots,100,100,100,100,100,100,100,100,100,100
round_queries,100,300,1500,5900,26100,120500,587500,2914900,14724500,74545500
round_k,0,1,7,29,130,602,2937,14574,73622,372727
round_shots,100,100,100,100,100,100,100,100,100,100
round_queries,100,300,1100,3700,16700,82500,416900,2063300,10347100,52454300
round_k,0,1,5,18,83,412,2084,10316,51735,262271
round_shots,100,100,100,100,100,100,100,100,100,100
round_queries,100,300,1100,4500,20500,94700,457100,2226500,11092300,56202700
round_k,0,1,5,22,102,473,2285,11132,55461,281013
round_shots,200,200,100,100,100,100,100,100,100
round_queries,200,600,1900,7700,36100,175300,868900,4358100,21874700
round_k,0,1,9,38,180,876,4344,21790,109373
round_shots,100,100,100,100,100,100,100,100,100
round_queries,100,300,1500,6700,33300,166900,841700,4247300,21493100
round_k,0,1,7,33,166,834,4208,21236,107465
round_shots,200,100,100,100,100,100,100,100,100,100
round_queries,200,300,1100,4100,18300,87500,430100,2175100,11002700,55764100
round_k,0,1,5,20,91,437,2150,10875,55013,278820
round_shots,200,100,100,100,100,100,100,100,100,100
round_queries,200,300,1100,4100,18500,90500,446900,2233700,11289300,57034900
round_k,0,1,5,20,92,452,2234,11168,56446,285174
round_shots,100,100,100,100,100,100,100,100,100,100
round_queries,100,300,700,1900,8300,41500,199100,1005700,5052300,25644500
round_k,0,1,3,9,41,207,995,5028,25261,128222
round_shots,200,100,100,100,100,100,100,100,100,100
round_queries,200,300,1100,3100,13100,60500,299100,1499300,7364100,36866500
round_k,0,1,5,15,65,302,1495,7496,36820,184332
round_shots,200,100,100,100,100,100,100,100,100,100
round_queries,200,300,1100,4100,18900,92900,467300,2320500,11714700,59357700
round_k,0,1,5,20,94,464,2336,11602,58573,296788
round_shots,100,100,100,100,100,100,100,100,100,100
round_queries,100,300,1100,5300,25500,121700,610300,3051100,15433900,78197300
round_k,0,1,5,26,127,608,3051,15255,77169,390986
round_shots,200,100,100,100,100,100,100,100,100,100
round_queries,200,300,700,2300,10500,51500,259100,1292900,6517100,32827100
round_k,0,1,3,11,52,257,1295,6464,32585,164135
round_shots,200,100,100,100,100,100,100,100,100
round_queries,200,300,1500,6700,31300,154100,769500,3875900,19679500
round_k,0,1,7,33,156,770,3847,19379,98397
round_shots,200,100,100,100,100,100,100,100,100,100
round_queries,200,300,1100,4100,19300,89100,441700,2103500,10614900,53863900
round_k,0,1,5,20,96,445,2208,10517,53074,269319
round_shots,200,100,100,100,100,100,100,100,100,100
round_queries,200,300,700,1900,7500,34100,163500,809300,4059500,20609900
round_k,0,1,3,9,37,170,817,4046,20297,103049
round_shots,200,100,100,100,100,100,100,100,100,100
round_queries,200,300,700,1900,8900,43100,207700,1046300,4976500,25028700
round_k,0,1,3,9,44,215,1038,5231,24882,125143
round_shots,100,100,100,100,100,100,100,100,100,100
round_queries,100,300,1100,3100,13500,64700,323700,1621900,8189300,41332900
round_k,0,1,5,15,67,323,1618,8109,40946,206664
round_shots,100,200,100,100,100,100,100,100,100
round_queries,100,600,1900,8500,38900,192100,959500,4838100,24420100
round_k,0,1,9,42,194,960,4797,24190,122100
round_shots,100,100,100,100,100,100,100,100,100,100
round_queries,100,300,1100,5100,23100,106500,531900,2675500,13498500,68404900
round_k,0,1,5,25,115,532,2659,13377,67492,342024
round_shots,200,100,100,100,100,100,100,100,100,100
round_queries,200,300,700,3300,15300,75300,372900,1884300,9533900,48227300
round_k,0,1,3,16,76,376,1864,9421,47669,241136
round_shots,100,100,100,100,100,100,100,100,100,100
round_queries,100,300,700,2900,13100,61300,298500,1500300,7532100,38105500
round_k,0,1,3,14,65,306,1492,7501,37660,190527
round_shots,200,100,100,100,100,100,100,100,100,100
round_queries,200,300,1100,5500,24500,120500,592500,2977700,15077900,76523700
round_k,0,1,5,27,122,602,2962,14888,75389,382618
round_shots,100,100,100,100,100,100,100,100,100,100
round_queries,100,300,1100,4900,22100,104700,519100,2580300,13066300,65974700
round_k,0,1,5,24,110,523,2595,12901,65331,329873
round_shots,100,100,100,100,100,100,100,100,100,100
round_queries,100,300,1100,3700,17300,86900,432100,2171100,10946300,55240500
round_k,0,1,5,18,86,434,2160,10855,54731,276202
round_shots,100,100,100,100,100,100,100,100,100
round_queries,100,300,1100,5500,24900,123700,617700,3116300,15816500
round_k,0,1,5,27,124,618,3088,15581,79082
round_shots,200,100,100,100,100,100,100,100,100,100
round_queries,200,300,700,3300,14300,66300,317900,1589700,8005100,40538900
round_k,0,1,3,16,71,331,1589,7948,40025,202694
round_shots,200,100,100,100,100,100,100,100,100
round_queries,200,500,1900,7500,34900,169900,851700,4302100,21799500
round_k,0,2,9,37,174,849,4258,21510,108997
round_shots,200,100,100,100,100,100,100,100,100,100
round_queries,200,300,1100,4500,21100,100100,496900,2489100,12592500,63473700
round_k,0,1,5,22,105,500,2484,12445,62962,317368
round_shots,200,100,100,100,100,100,100,100,100,100
round_queries,200,300,700,2900,13900,65700,326700,1651900,8298100,41989500
round_k,0,1,3,14,69,328,1633,8259,41490,209947
round_shots,100,100,100,100,100,100,100,100,100
round_queries,100,500,1900,8100,38500,183700,858500,4198900,21109700
round_k,0,2,9,40,192,918,4292,20994,105548
round_shots,200,100,100,100,100,100,100,100,100,100
round_queries,200,300,1100,4500,20500,103100,512700,2554500,12914900,65397300
round_k,0,1,5,22,102,515,2563,12772,64574,326986
round_shots,100,100,100,100,100,100,100,100,100,100
round_queries,100,300,1100,5100,22500,109300,535900,2667100,13538900,68339100
round_k,0,1,5,25,112,546,2679,13335,67694,341695
round_shots,200,100,100,100,100,100,100,100,100
round_queries,200,300,1100,4500,20700,99900,499500,3029500,18463100
round_k,0,1,5,22,103,499,2497,15147,92315
round_shots,100,100,100,100,100,100,100,100,100,100
round_queries,100,300,1100,4500,20300,97500,474300,2377300,11999700,60852900
round_k,0,1,5,22,101,487,2371,11886,59998,304264
round_shots,100,100,100,100,100,100,100,100,100,100
round_queries,100,300,1100,5100,21900,108100,537100,2707900,13737100,69476300
round_k,0,1,5,25,109,540,2685,13539,68685,347381
round_shots,200,100,100,100,100,100,100,100,100,100
round_queries,200,300,700,2900,13500,64700,322700,1607300,8126500,41102900
round_k,0,1,3,14,67,323,1613,8036,40632,205514
round_shots,100,100,100,100,100,100,100,100,100,100
round_queries,100,300,1100,4900,22100,111500,549700,2761700,13928100,70700500
round_k,0,1,5,24,110,557,2748,13808,69640,353502
round_shots,200,100,100,100,100,100,100,100,100,100
round_queries,200,300,1100,4700,23300,109900,538300,2688300,13621500,68492900
round_k,0,1,5,23,116,549,2691,13441,68107,342464
round_shots,200,100,100,100,100,100,100,100,100,100
round_queries,200,300,900,2700,11100,55100,271500,1352300,6825300,34351100
round_k,0,1,4,13,55,275,1357,6761,34126,171755
round_shots,200,100,100,100,100,100,100,100,100,100
round_queries,200,300,700,3300,15100,70900,368500,1841300,9257300,46618300
round_k,0,1,3,16,75,354,1842,9206,46286,233091
round_shots,100,100,100,100,100,100,100,100,100,100
round_queries,100,300,1100,4500,20500,101700,500500,2522900,12722100,63808500
round_k,0,1,5,22,102,508,2502,12614,63610,319042
round_shots,300,200,100,100,100,100,100,100,100
round_queries,300,600,1900,8900,40900,200500,995100,5038700,25516900
round_k,0,1,9,44,204,1002,4975,25193,127584
round_shots,200,100,100,100,100,100,100,100,100,100
round_queries,200,300,700,2300,10100,47700,237300,1199500,6354500,32150700
round_k,0,1,3,11,50,238,1186,5997,31772,160753
round_shots,200,100,100,100,100,100,100,100,100,100
round_queries,200,300,1100,4100,17900,84100,415500,2084900,10559900,53475700
round_k,0,1,5,20,89,420,2077,10424,52799,267378
round_shots,200,100,100,100,100,100,100,100,100,100
round_queries,200,300,700,2500,10500,46900,230300,1148100,5794100,29331100
round_k,0,1,3,12,52,234,1151,5740,28970,146655
round_shots,200,100,100,100,100,100,100,100,100
round_queries,200,300,1500,5900,28300,135100,662500,3297500,16713300
round_k,0,1,7,29,141,675,3312,16487,83566
round_shots,100,100,100,100,100,100,100,100,100,100
round_queries,100,300,700,1900,8900,41100,205500,1020300,5152700,25861300
round_k,0,1,3,9,44,205,1027,5101,25763,129306
round_shots,100,100,100,100,100,100,100,100,100,100
round_queries,100,300,1100,4500,20100,100500,501100,2507700,12727100,64037700
round_k,0,1,5,22,100,502,2505,12538,63635,320188
round_shots,100,100,100,100,100,100,100,100,100,100
round_queries,100,300,1100,5100,21900,105300,532100,2686500,13587700,68510500
round_k,0,1,5,25,109,526,2660,13432,67938,342552
round_shots,100,100,100,100,100,100,100,100,100,100
round_queries,100,300,1100,4500,21100,106300,531500,2686300,13601500,68814300
round_k,0,1,5,22,105,531,2657,13431,68007,344071
round_shots,300,100,100,100,100,100,100,100,100
round_queries,300,500,1900,7500,34300,166900,835700,4190500,21240900
round_k,0,2,9,37,171,834,4178,20952,106204
round_shots,200,100,100,100,100,100,100,100,100,100
round_queries,200,300,1100,3500,15100,73100,367500,1829500,9206900,46673300
round_k,0,1,5,17,75,365,1837,9147,46034,233366
round_shots,100,100,100,100,100,100,100,100,100,100
round_queries,100,300,1100,3700,17900,89100,441100,2224900,11258300,56987700
round_k,0,1,5,18,89,445,2205,11124,56291,284938
round_shots,200,100,100,100,100,100,100,100,100,100
round_queries,200,300,1100,4700,20100,99700,484300,2421700,12194900,61484900
round_k,0,1,5,23,100,498,2421,12108,60974,307424
round_shots,200,100,100,100,100,100,100,100,100,100
round_queries,200,300,1100,4100,20300,98700,482700,2430300,12232100,61957500
round_k,0,1,5,20,101,493,2413,12151,61160,309787
round_shots,200,100,100,100,100,100,100,100,100,100
round_queries,200,300,1100,3100,12300,56700,279500,1401300,7069300,35789100
round_k,0,1,5,15,61,283,1397,7006,35346,178945
round_shots,100,100,100,100,100,100,100,100,100,100
round_queries,100,300,1100,4700,20300,97700,484500,2452700,12423500,62247900
round_k,0,1,5,23,101,488,2422,12263,62117,311239
round_shots,100,100,100,100,100,100,100,100,100
round_queries,100,300,1500,6700,32300,159700,794500,3998700,20182500
round_k,0,1,7,33,161,798,3972,19993,100912
round_shots,100,100,100,100,100,100,100,100,100,100
round_queries,100,300,700,2300,10100,45100,221700,1108500,5605700,28401300
round_k,0,1,3,11,50,225,1108,5542,28028,142006
round_shots,200,100,100,100,100,100,100,100,100,100
round_queries,200,300,1100,3700,17100,80700,401500,2007900,10112300,51332500
round_k,0,1,5,18,85,403,2007,10039,50561,256662
round_shots,200,100,100,100,100,100,100,100,100
round_queries,200,300,1500,7300,34900,162700,798700,4033500,20314900
round_k,0,1,7,36,174,813,3993,20167,101574
round_shots,100,100,100,100,100,100,100,100,100,100
round_queries,100,300,1100,3700,16900,80700,392700,1970100,9928500,49896300
round_k,0,1,5,18,84,403,1963,9850,49642,249481
round_shots,100,100,100,100,100,100,100,100,100,100
round_queries,100,300,1100,3700,15700,78100,385900,1949500,9891100,49919900
round_k,0,1,5,18,78,390,1929,9747,49455,249599
round_shots,100,100,100,100,100,100,100,100,100,100
round_queries,100,300,1100,4300,20700,99900,498300,2489500,12591100,63847900
round_k,0,1,5,21,103,499,2491,12447,62955,319239
round_shots,100,100,100,100,100,100,100,100,100,100
round_queries,100,300,700,2300,10300,48500,238100,1183500,5926300,29798700
round_k,0,1,3,11,51,242,1190,5917,29631,148993
round_shots,200,100,100,100,100,100,100,100,100,100
round_queries,200,300,700,2300,9900,47300,237500,1182100,5956700,30036900
round_k,0,1,3,11,49,236,1187,5910,29783,150184
round_shots,100,100,100,100,100,100,100,100,100,100
round_queries,100,300,700,2300,9300,44900,209100,1020700,5113900,25812500
round_k,0,1,3,11,46,224,1045,5103,25569,129062
round_shots,200,100,100,100,100,100,100,100,100,100
round_queries,200,300,1100,4500,21100,103900,506300,2554100,12936700,65648300
round_k,0,1,5,22,105,519,2531,12770,64683,328241
round_shots,100,100,100,100,100,100,100,100,100,100
round_queries,100,300,1100,4500,20700,98300,484900,2448500,12264900,61965500
round_k,0,1,5,22,103,491,2424,12242,61324,309827
round_shots,200,100,100,100,100,100,100,100,100,100
round_queries,200,300,1100,4900,21900,109900,540500,2716700,13726100,69571500
round_k,0,1,5,24,109,549,2702,13583,68630,347857
round_shots,100,100,100,100,100,100,100,100,100,100
round_queries,100,300,1100,4100,19900,97300,488700,2440300,12330300,62566700
round_k,0,1,5,20,99,486,2443,12201,61651,312833
round_shots,200,100,100,100,100,100,100,100,100,100
round_queries,200,300,1100,4900,23500,116500,584500,2952900,14959500,75956500
round_k,0,1,5,24,117,582,2922,14764,74797,379782
round_shots,200,100,100,100,100,100,100,100,100,100
round_queries,200,300,1100,4500,19900,95100,477300,2401500,12243300,62081700
round_k,0,1,5,22,99,475,2386,12007,61216,310408
round_shots,200,100,100,100,100,100,100,100,100,100
round_queries,200,300,700,2900,13100,61100,298300,1491900,7532300,38010300
round_k,0,1,3,14,65,305,1491,7459,37661,190051
round_shots,100,100,100,100,100,100,100,100,100,100
round_queries,100,300,1100,3700,16300,79700,397900,1993500,10060300,50811900
round_k,0,1,5,18,81,398,1989,9967,50301,254059
round_shots,100,100,100,100,100,100,100,100,100,100
round_queries,100,300,1100,4100,20100,101300,495700,2487100,12605300,63749500
round_k,0,1,5,20,100,506,2478,12435,63026,318747
round_shots,300,100,100,100,100,100,100,100,100
round_queries,300,500,1500,6700,31100,152900,761700,3745900,18847300
round_k,0,2,7,33,155,764,3808,18729,94236
round_shots,100,100,100,100,100,100,100,100,100,100
round_queries,100,300,1100,3700,17100,84700,427900,2075300,10458300,52786700
round_k,0,1,5,18,85,423,2139,10376,52291,263933
round_shots,200,100,100,100,100,100,100,100,100,100
round_queries,200,300,1100,4500,19500,93700,454500,2292500,11567100,58594700
round_k,0,1,5,22,97,468,2272,11462,57835,292973
round_shots,100,100,100,100,100,100,100,100,100,100
round_queries,100,300,1100,4900,24500,117700,589300,2978300,15054900,76329500
round_k,0,1,5,24,122,588,2946,14891,75274,381647
round_shots,100,100,100,100,100,100,100,100,100,100
round_queries,100,300,1100,4700,22300,106300,526300,2641300,13350700,67763700
round_k,0,1,5,23,111,531,2631,13206,66753,338818
round_shots,100,100,100,100,100,100,100,100,100
round_queries,100,500,1900,8100,37900,187300,925500,4670700,23611100
round_k,0,2,9,40,189,936,4627,23353,118055
round_shots,300,100,100,100,100,100,100,100,100,100
round_queries,300,300,1100,3700,15700,75500,367700,1839500,9287500,47147100
round_k,0,1,5,18,78,377,1838,9197,46437,235735
round_shots,100,100,100,100,100,100,100,100,100
round_queries,100,300,1500,5900,28500,138500,690500,3491900,17605700
round_k,0,1,7,29,142,692,3452,17459,88028
round_shots,100,100,100,100,100,100,100,100,100,100
round_queries,100,300,700,3500,16500,80300,399500,2010700,10174900,51419700
round_k,0,1,3,17,82,401,1997,10053,50874,257098
round_shots,100,100,100,100,100,100,100,100,100,100
round_queries,100,300,700,2500,10900,53900,270100,1354100,6823300,34584900
round_k,0,1,3,12,54,269,1350,6770,34116,172924
round_shots,200,100,100,100,100,100,100,100,100,100
round_queries,200,300,1100,3700,18300,88300,442500,2218500,11183100,68286300
round_k,0,1,5,18,91,441,2212,11092,55915,341431
round_shots,100,100,100,100,100,100,100,100,100
round_queries,100,300,1500,6900,31900,153100,775500,3899700,19685900
round_k,0,1,7,34,159,765,3877,19498,98429
round_shots,200,100,100,100,100,100,100,100,100,100
round_queries,200,300,700,3300,15300,71300,352500,1748100,8804100,44244500
round_k,0,1,3,16,76,356,1762,8740,44020,221222
round_shots,100,100,100,100,100,100,100,100,100,100
round_queries,100,300,1100,3700,17500,88100,441100,2220700,11191500,56540500
round_k,0,1,5,18,87,440,2205,11103,55957,282702
round_shots,200,100,100,100,100,100,100,100,100,100
round_queries,200,300,1100,5100,25500,121100,600100,3029300,15307900,77658500
round_k,0,1,5,25,127,605,3000,15146,76539,388292
round_shots,200,100,100,100,100,100,100,100,100,100
round_queries,200,300,1100,5100,22100,108700,545100,2721100,13745500,69791500
round_k,0,1,5,25,110,543,2725,13605,68727,348957
round_shots,100,100,100,100,100,100,100,100,100,100
round_queries,100,300,1100,4500,20500,98700,498100,2505900,12659500,63660500
round_k,0,1,5,22,102,493,2490,12529,63297,318302
round_shots,100,100,100,100,100,100,100,100,100,100
round_queries,100,300,1100,4300,18700,87100,432900,2187100,11050500,55870500
round_k,0,1,5,21,93,435,2164,10935,55252,279352
round_shots,100,100,100,100,100,100,100,100,100,100
round_queries,100,300,700,2900,12700,61900,307900,1532900,7751500,39276300
round_k,0,1,3,14,63,309,1539,7664,38757,196381
round_shots,100,100,100,100,100,100,100,100,100,100
round_queries,100,300,1100,4900,22500,107700,544700,2724100,13743700,69638900
round_k,0,1,5,24,112,538,2723,13620,68718,348194
round_shots,200,100,100,100,100,100,100,100,100,100
round_queries,200,300,1100,3700,17700,85700,430500,2161300,10943500,55481500
round_k,0,1,5,18,88,428,2152,10806,54717,277407
round_shots,100,100,100,100,100,100,100,100,100,100
round_queries,100,300,700,2700,10900,52900,255500,1261900,6289900,31612100
round_k,0,1,3,13,54,264,1277,6309,31449,158060
round_shots,200,100,100,100,100,100,100,100,100,100
round_queries,200,300,1100,4500,19300,97300,476700,2379500,11915500,60466700
round_k,0,1,5,22,96,486,2383,11897,59577,302333
round_shots,100,100,100,100,100,100,100,100,100,100
round_queries,100,300,1100,3700,17900,89900,441300,2227300,11261500,56758300
round_k,0,1,5,18,89,449,2206,11136,56307,283791
round_shots,100,100,100,100,100,100,100,100,100,100
round_queries,100,300,1100,4500,22100,108100,535300,2698900,13667900,69216500
round_k,0,1,5,22,110,540,2676,13494,68339,346082
round_shots,100,100,100,100,100,100,100,100,100
round_queries,100,300,1500,6500,28900,144300,722900,4411500,22141900
round_k,0,1,7,32,144,721,3614,22057,110709
round_shots,100,100,100,100,100,100,100,100,100,100
round_queries,100,300,1100,4100,17500,80700,405100,2041500,10306700,52256700
round_k,0,1,5,20,87,403,2025,10207,51533,261283
round_shots,300,100,100,100,100,100,100,100,100,100
round_queries,300,300,700,2700,10300,49900,240900,1202100,6099100,30711500
round_k,0,1,3,13,51,249,1204,6010,30495,153557
round_shots,100,100,100,100,100,100,100,100,100,100
round_queries,100,300,1100,4100,17900,85700,420900,2107100,10654700,53769900
round_k,0,1,5,20,89,428,2104,10535,53273,268849
round_shots,100,100,100,100,100,100,100,100,100,100
round_queries,100,300,1100,4500,21300,103500,515900,2606300,13083900,65974700
round_k,0,1,5,22,106,517,2579,13031,65419,329873
round_shots,200,100,100,100,100,100,100,100,100
round_queries,200,500,1900,7100,33900,166700,843100,4217100,21238300
round_k,0,2,9,35,169,833,4215,21085,106191
round_shots,200,100,100,100,100,100,100,100,100
round_queries,200,500,1900,8500,38700,190100,952700,4765100,24021500
round_k,0,2,9,42,193,950,4763,23825,120107
round_shots,200,100,100,100,100,100,100,100,100,100
round_queries,200,300,1100,4500,20900,101100,509300,2562700,12897700,65342500
round_k,0,1,5,22,104,505,2546,12813,64488,326712
round_shots,100,100,100,100,100,100,100,100,100
round_queries,100,300,1500,6500,29300,142500,706700,3556500,18050300
round_k,0,1,7,32,146,712,3533,17782,90251
round_shots,200,100,100,100,100,100,100,100,100,100
round_queries,200,300,1100,4500,20100,97300,486700,2459700,12413300,62607300
round_k,0,1,5,22,100,486,2433,12298,62066,313036
round_shots,100,100,100,100,100,100,100,100,100,100
round_queries,100,300,700,1900,8500,39700,193300,966900,4855300,24628500
round_k,0,1,3,9,42,198,966,4834,24276,123142
round_shots,100,100,100,100,100,100,100,100,100,100
round_queries,100,300,1100,4500,20100,100500,492900,2494500,12616500,63800900
round_k,0,1,5,22,100,502,2464,12472,63082,319004
round_shots,200,100,100,100,100,100,100,100,100,100
round_queries,200,300,700,2300,10100,50100,244100,1232500,6207900,31500900
round_k,0,1,3,11,50,250,1220,6162,31039,157504
round_shots,200,100,100,100,100,100,100,100,100,100
round_queries,200,300,1100,3700,17300,86100,433100,2177300,11045900,55693900
round_k,0,1,5,18,86,430,2165,10886,55229,278469
round_shots,100,100,100,100,100,100,100,100,100,100
round_queries,100,300,1100,4500,20100,93900,463700,2318500,11699700,59210700
round_k,0,1,5,22,100,469,2318,11592,58498,296053
round_shots,100,100,100,100,100,100,100,100,100,100
round_queries,100,300,1100,4100,18300,90500,444500,2226700,11264700,56836500
round_k,0,1,5,20,91,452,2222,11133,56323,284182
round_shots,100,100,100,100,100,100,100,100,100,100
round_queries,100,300,1100,4700,22100,104500,511700,2550700,12890500,65318500
round_k,0,1,5,23,110,522,2558,12753,64452,326592
round_shots,200,100,100,100,100,100,100,100,100,100
round_queries,200,300,1100,4700,20300,100100,498500,2497900,12608700,63402100
round_k,0,1,5,23,101,500,2492,12489,63043,317010
round_shots,100,100,100,100,100,100,100,100,100,100
round_queries,100,300,1100,4100,19100,87500,437500,2208900,11189100,56461700
round_k,0,1,5,20,95,437,2187,11044,55945,282308
round_shots,100,100,100,100,100,100,100,100,100,100
round_queries,100,300,900,4500,20900,103700,516500,2607500,13228500,67031700
round_k,0,1,4,22,104,518,2582,13037,66142,335158
round_shots,100,100,100,100,100,100,100,100,100,100
round_queries,100,300,1100,4500,21100,104100,518100,2600300,13069100,66302300
round_k,0,1,5,22,105,520,2590,13001,65345,331511
round_shots,200,100,100,100,100,100,100,100,100,100
round_queries,200,300,1100,4500,20500,101700,505300,2537100,12782700,64828100
round_k,0,1,5,22,102,508,2526,12685,63913,324140
round_shots,100,100,100,100,100,100,100,100,100,100
round_queries,100,300,1100,3500,17100,79300,377500,1884900,9505500,48222500
round_k,0,1,5,17,85,396,1887,9424,47527,241112
round_shots,200,100,100,100,100,100,100,100,100,100
round_queries,200,300,1100,3500,15700,74100,361900,1821900,9142300,45786900
round_k,0,1,5,17,78,370,1809,9109,45711,228934
round_shots,100,100,100,100,100,100,100,100,100
round_queries,100,300,1500,6300,29900,147500,734700,3686500,18536100
round_k,0,1,7,31,149,737,3673,18432,92680
round_shots,100,100,100,100,100,100,100,100,100,100
round_queries,100,300,1100,4500,20900,98700,491100,2476900,12517300,62913100
round_k,0,1,5,22,104,493,2455,12384,62586,314565
round_shots,200,100,100,100,100,100,100,100,100
round_queries,200,300,1100,5500,25900,126900,623500,3149900,15986900
round_k,0,1,5,27,129,634,3117,15749,79934
round_shots,200,100,100,100,100,100,100,100,100
round_queries,200,300,1500,5900,27900,135300,676700,3403300,17213100
round_k,0,1,7,29,139,676,3383,17016,86065
round_shots,200,100,100,100,100,100,100,100,100,100
round_queries,200,300,700,2300,9700,44100,213900,1059700,6437100,32485900
round_k,0,1,3,11,48,220,1069,5298,32185,162429
round_shots,100,100,100,100,100,100,100,100,100,100
round_queries,100,300,1100,3700,15900,73700,361500,1806300,9119700,46300100
round_k,0,1,5,18,79,368,1807,9031,45598,231500
round_shots,200,100,100,100,100,100,100,100,100,100
round_queries,200,300,1100,5100,25100,122300,602300,2978300,15052500,75753300
round_k,0,1,5,25,125,611,3011,14891,75262,378766
round_shots,200,100,100,100,100,100,100,100,100,100
round_queries,200,300,1100,4900,22300,110100,555900,2820500,14234100,72235300
round_k,0,1,5,24,111,550,2779,14102,71170,361176
round_shots,200,100,100,100,100,100,100,100,100,100
round_queries,200,300,700,2700,13500,63100,317100,1587500,7992900,40250500
round_k,0,1,3,13,67,315,1585,7937,39964,201252
round_shots,100,100,100,100,100,100,100,100,100,100
round_queries,100,300,1100,4100,18100,84500,423100,2127900,10750300,54120300
round_k,0,1,5,20,90,422,2115,10639,53751,270601
round_shots,100,100,100,100,100,100,100,100,100,100
round_queries,100,300,1100,3700,16900,77700,377900,1869300,9398900,47391100
round_k,0,1,5,18,84,388,1889,9346,46994,236955
round_shots,200,100,100,100,100,100,100,100,100,100
round_queries,200,300,700,2900,12300,58700,293300,1471500,7391500,37411500
round_k,0,1,3,14,61,293,1466,7357,36957,187057
round_shots,100,100,100,100,100,100,100,100,100,100
round_queries,100,300,900,2700,12900,60300,294500,1461700,7379300,37361700
round_k,0,1,4,13,64,301,1472,7308,36896,186808
round_shots,200,100,100,100,100,100,100,100,100
round_queries,200,300,1100,5100,25700,123900,621100,3111900,15773300
round_k,0,1,5,25,128,619,3105,15559,78866
round_shots,200,100,100,100,100,100,100,100,100
round_queries,200,700,2900,12700,58700,285100,1438300,7265500,36905500
round_k,0,3,14,63,293,1425,7191,36327,184527
round_shots,100,100,100,100,100,100,100,100,100,100
round_queries,100,300,700,2300,9500,44700,219900,1096700,5518900,27973300
round_k,0,1,3,11,47,223,1099,5483,27594,139866
round_shots,200,100,100,100,100,100,100,100,100,100
round_queries,200,300,1100,4500,21100,99500,497900,2506300,12572500,63746700
round_k,0,1,5,22,105,497,2489,12531,62862,318733
round_shots,200,100,100,100,100,100,100,100,100
round_queries,200,500,1900,7100,33900,170300,847300,4222900,21405100
round_k,0,2,9,35,169,851,4236,21114,107025
round_shots,100,100,100,100,100,100,100,100,100,100
round_queries,100,300,1100,4700,21900,104900,522700,2640900,14001100,71097900
round_k,0,1,5,23,109,524,2613,13204,70005,355489
round_shots,100,100,100,100,100,100,100,100,100,100
round_queries,100,300,1100,3700,16500,81700,392900,1963900,9937300,50323100
round_k,0,1,5,18,82,408,1964,9819,49686,251615
round_shots,100,100,100,100,100,100,100,100,100,100
round_queries,100,300,1100,4100,19100,92500,464300,2338700,11812300,59841100
round_k,0,1,5,20,95,462,2321,11693,59061,299205
round_shots,200,100,100,100,100,100,100,100,100,100
round_queries,200,300,1100,4500,19900,96300,481300,2413100,12084500,61203500
round_k,0,1,5,22,99,481,2406,12065,60422,306017
round_shots,200,100,100,100,100,100,100,100,100,100
round_queries,200,300,1100,4100,18900,94700,455500,2297500,11634300,59037900
round_k,0,1,5,20,94,473,2277,11487,58171,295189
round_shots,200,100,100,100,100,100,100,100,100
round_queries,200,500,1900,9100,42500,208100,1041700,5236700,26508300
round_k,0,2,9,45,212,1040,5208,26183,132541
round_shots,200,100,100,100,100,100,100,100,100,100
round_queries,200,300,1100,4500,20100,96900,484300,2420900,12231100,62040100
round_k,0,1,5,22,100,484,2421,12104,61155,310200
round_shots,200,100,100,100,100,100,100,100,100,100
round_queries,200,300,1100,4900,22300,110300,557900,2827500,14261700,72420300
round_k,0,1,5,24,111,551,2789,14137,71308,362101
round_shots,100,100,100,100,100,100,100,100,100,100
round_queries,100,300,1100,4100,18900,93100,450900,2261100,11455700,58022700
round_k,0,1,5,20,94,465,2254,11305,57278,290113
round_shots,200,100,100,100,100,100,100,100,100,100
round_queries,200,300,1100,4100,18500,88500,443900,2243300,11358100,57508100
round_k,0,1,5,20,92,442,2219,11216,56790,287540
round_shots,100,100,100,100,100,100,100,100,100
round_queries,100,300,1500,7100,32700,159500,804100,4016900,20270700
round_k,0,1,7,35,163,797,4020,20084,101353
round_shots,200,100,100,100,100,100,100,100,100,100
round_queries,200,300,1100,5100,23500,110900,559300,2806900,14057500,70527100
round_k,0,1,5,25,117,554,2796,14034,70287,352635
round_shots,200,100,100,100,100,100,100,100,100,100
round_queries,200,300,1100,4500,22500,109900,539500,2716500,13633900,69111300
round_k,0,1,5,22,112,549,2697,13582,68169,345556
round_shots,100,100,100,100,100,100,100,100,100,100
round_queries,100,300,1100,4300,18700,91500,446900,2229700,11252500,56939900
round_k,0,1,5,21,93,457,2234,11148,56262,284699
round_shots,100,100,100,100,100,100,100,100,100,100
round_queries,100,300,1100,4700,21900,106500,526900,2632500,13244100,67129300
round_k,0,1,5,23,109,532,2634,13162,66220,335646
round_shots,100,100,100,100,100,100,100,100,100,100
round_queries,100,300,700,2300,9700,48100,236100,1188900,6008500,30457900
round_k,0,1,3,11,48,240,1180,5944,30042,152289
round_shots,100,100,100,100,100,100,100,100,100,100
round_queries,100,300,1100,4500,20100,94100,463900,2350700,11887700,59687300
round_k,0,1,5,22,100,470,2319,11753,59438,298436
round_shots,200,200,100,100,100,100,100,100,100
round_queries,200,600,1900,7500,35900,174700,873900,4412100,22323900
round_k,0,1,9,37,179,873,4369,22060,111619
round_shots,100,100,100,100,100,100,100,100,100,100
round_queries,100,300,700,2500,10500,48500,238700,1190300,6008300,30432100
round_k,0,1,3,12,52,242,1193,5951,30041,152160
round_shots,200,100,100,100,100,100,100,100,100,100
round_queries,200,300,1100,5100,24700,120700,600100,3021700,15292300,77669700
round_k,0,1,5,25,123,603,3000,15108,76461,388348
round_shots,100,100,100,100,100,100,100,100,100,100
round_queries,100,300,1100,4500,20100,100700,506100,2530900,12813500,64944100
round_k,0,1,5,22,100,503,2530,12654,64067,324720
round_shots,100,100,100,100,100,100,100,100,100,100
round_queries,100,300,1100,4100,18500,87900,440900,2198100,11076900,55845500
round_k,0,1,5,20,92,439,2204,10990,55384,279227
round_shots,200,100,100,100,100,100,100,100,100,100
round_queries,200,300,1100,4900,22700,111300,559300,2824900,14151500,71832100
round_k,0,1,5,24,113,556,2796,14124,70757,359160
round_shots,100,100,100,100,100,100,100,100,100,100
round_queries,100,300,1100,4900,22900,109500,539300,2681900,13562700,68906100
round_k,0,1,5,24,114,547,2696,13409,67813,344530
round_shots,100,100,100,100,100,100,100,100,100,100
round_queries,100,300,1100,3700,17300,84100,415100,2080900,10549300,53139300
round_k,0,1,5,18,86,420,2075,10404,52746,265696
round_shots,200,100,100,100,100,100,100,100,100,100
round_queries,200,300,1100,4500,20500,103100,513700,2609300,13151900,66299100
round_k,0,1,5,22,102,515,2568,13046,65759,331495
round_shots,300,100,100,100,100,100,100,100,100,100
round_queries,300,300,700,2900,12500,60100,301500,1496500,7521700,37987900
round_k,0,1,3,14,62,300,1507,7482,37608,189939
round_shots,100,100,100,100,100,100,100,100,100,100
round_queries,100,300,700,2300,9300,43900,217100,1085500,5486900,27778100
round_k,0,1,3,11,46,219,1085,5427,27434,138890
round_shots,100,100,100,100,100,100,100,100,100,100
round_queries,100,300,1100,4900,21900,107900,532300,2700300,13494300,68157100
round_k,0,1,5,24,109,539,2661,13501,67471,340785
round_shots,100,100,100,100,100,100,100,100,100,100
round_queries,100,300,1100,4900,22700,109900,550100,2781500,14062300,70974500
round_k,0,1,5,24,113,549,2750,13907,70311,354872
round_shots,100,100,100,100,100,100,100,100,100,100
round_queries,100,300,700,1900,7500,34300,166700,833700,4191100,21223500
round_k,0,1,3,9,37,171,833,4168,20955,106117
round_shots,200,100,100,100,100,100,100,100,100,100
round_queries,200,300,1100,4500,20300,98100,490500,2462700,12462700,63261300
round_k,0,1,5,22,101,490,2452,12313,62313,316306
round_shots,200,100,100,100,100,100,100,100,100,100
round_queries,200,300,700,3100,14300,68700,344500,1726100,8718900,44066300
round_k,0,1,3,15,71,343,1722,8630,43594,220331
round_shots,100,100,100,100,100,100,100,100,100,100
round_queries,100,300,1100,4100,17700,85100,418100,2116300,10680500,53848900
round_k,0,1,5,20,88,425,2090,10581,53402,269244
round_shots,200,100,100,100,100,100,100,100,100,100
round_queries,200,300,1100,4500,20500,98900,491300,2462700,12392900,62481900
round_k,0,1,5,22,102,494,2456,12313,61964,312409
round_shots,200,100,100,100,100,100,100,100,100,100
round_queries,200,300,1100,5100,24900,116900,591300,2983100,15085300,76472700
round_k,0,1,5,25,124,584,2956,14915,75426,382363
round_shots,100,100,100,100,100,100,100,100,100,100
round_queries,100,300,1100,3700,16700,84300,406100,2030500,10246700,51694500
round_k,0,1,5,18,83,421,2030,10152,51233,258472
round_shots,100,100,100,100,100,100,100,100,100,100
round_queries,100,300,700,2300,9900,47500,233500,1169300,5916700,29981900
round_k,0,1,3,11,49,237,1167,5846,29583,149909
round_shots,200,100,100,100,100,100,100,100,100,100
round_queries,200,300,700,1900,7500,36100,179300,895500,4500100,22727500
round_k,0,1,3,9,37,180,896,4477,22500,113637
round_shots,100,100,100,100,100,100,100,100,100,100
round_queries,100,300,700,2300,9100,44700,217700,1094300,5477100,27729700
round_k,0,1,3,11,45,223,1088,5471,27385,138648
round_shots,100,100,100,100,100,100,100,100,100
round_queries,100,300,1100,4500,21900,103100,512300,2580300,15731100
round_k,0,1,5,22,109,515,2561,12901,78655
round_shots,100,100,100,100,100,100,100,100,100,100
round_queries,100,300,1100,5500,24500,121700,605900,3039100,15335900,77007700
round_k,0,1,5,27,122,608,3029,15195,76679,385038
round_shots,200,100,100,100,100,100,100,100,100
round_queries,200,300,1500,7300,34500,165700,828100,4194500,21205100
round_k,0,1,7,36,172,828,4140,20972,106025
round_shots,100,100,100,100,100,100,100,100,100,100
round_queries,100,300,700,1900,7900,36700,180700,890300,4469900,22664300
round_k,0,1,3,9,39,183,903,4451,22349,113321
round_shots,200,100,100,100,100,100,100,100,100,100
round_queries,200,300,1100,4100,19700,97700,488500,2442100,12269500,61988900
round_k,0,1,5,20,98,488,2442,12210,61347,309944
round_shots,100,100,100,100,100,100,100,100,100
round_queries,100,300,1500,6300,29500,146900,732500,3682500,18597700
round_k,0,1,7,31,147,734,3662,18412,92988
round_shots,100,100,100,100,100,100,100,100,100,100
round_queries,100,300,1100,3500,16700,83500,421500,2081700,10336300,52203100
round_k,0,1,5,17,83,417,2107,10408,51681,261015
round_shots,300,100,100,100,100,100,100,100,100
round_queries,300,500,1500,6900,30700,144300,721500,3602300,18218300
round_k,0,2,7,34,153,721,3607,18011,91091
round_shots,200,100,100,100,100,100,100,100,100,100
round_queries,200,300,1100,3700,17100,82500,411900,2044700,10291500,51724900
round_k,0,1,5,18,85,412,2059,10223,51457,258624
round_shots,200,100,100,100,100,100,100,100,100
round_queries,200,300,1500,5900,27500,137500,650100,3199300,16173300
round_k,0,1,7,29,137,687,3250,15996,80866
round_shots,100,100,100,100,100,100,100,100,100,100
round_queries,100,300,700,2300,10300,48100,235100,1180700,5931500,30042300
round_k,0,1,3,11,51,240,1175,5903,29657,150211
round_shots,200,100,100,100,100,100,100,100,100,100
round_queries,200,300,1100,3700,17900,85500,421700,2122300,10704700,54276500
round_k,0,1,5,18,89,427,2108,10611,53523,271382
round_shots,100,100,100,100,100,100,100,100,100,100
round_queries,100,300,1100,4100,18900,91100,453700,2196300,10713300,53697500
round_k,0,1,5,20,94,455,2268,10981,53566,268487
round_shots,200,100,100,100,100,100,100,100,100,100
round_queries,200,300,1100,4700,20900,98900,492900,2472900,12509300,63413700
round_k,0,1,5,23,104,494,2464,12364,62546,317068
round_shots,100,100,100,100,100,100,100,100,100,100
round_queries,100,300,1100,3700,17500,82900,414900,2075900,10487500,53219500
round_k,0,1,5,18,87,414,2074,10379,52437,266097
round_shots,200,100,100,100,100,100,100,100,100
round_queries,200,300,1500,5900,27700,132500,655500,3274100,16509700
round_k,0,1,7,29,138,662,3277,16370,82548
round_shots,100,100,100,100,100,100,100,100,100,100
round_queries,100,300,1100,4900,23100,112500,561500,2829300,14283700,72409100
round_k,0,1,5,24,115,562,2807,14146,71418,362045
round_shots,200,100,100,100,100,100,100,100,100
round_queries,200,300,1500,5900,25700,123900,618300,3119100,15767100
round_k,0,1,7,29,128,619,3091,15595,78835
round_shots,100,100,100,100,100,100,100,100,100,100
round_queries,100,300,1100,3700,16900,84300,420900,2117700,10675900,53907100
round_k,0,1,5,18,84,421,2104,10588,53379,269535
round_shots,100,100,100,100,100,100,100,100,100
round_queries,100,300,1100,5500,26100,124500,614700,3069700,15479300
round_k,0,1,5,27,130,622,3073,15348,77396
round_shots,100,100,100,100,100,100,100,100,100,100
round_queries,100,300,1100,4300,21300,103900,517300,2577300,13019700,65314300
round_k,0,1,5,21,106,519,2586,12886,65098,326571
round_shots,100,100,100,100,100,100,100,100,100,100
round_queries,100,300,1100,3500,15100,72700,363500,1812100,9126900,45905100
round_k,0,1,5,17,75,363,1817,9060,45634,229525
round_shots,100,100,100,100,100,100,100,100,100,100
round_queries,100,300,1500,5700,25300,124900,609500,3073700,15416300,78236900
round_k,0,1,7,28,126,624,3047,15368,77081,391184
round_shots,100,100,100,100,100,100,100,100,100,100
round_queries,100,300,1100,4100,19300,94300,474300,2345900,11581900,58027300
round_k,0,1,5,20,96,471,2371,11729,57909,290136
round_shots,100,100,100,100,100,100,100,100,100,100
round_queries,100,300,700,2300,9700,46900,235700,1180700,5982700,30026300
round_k,0,1,3,11,48,234,1178,5903,29913,150131
round_shots,100,100,100,100,100,100,100,100,100,100
round_queries,100,300,700,2700,12300,60300,295700,1475300,7481100,37815700
round_k,0,1,3,13,61,301,1478,7376,37405,189078
round_shots,100,100,100,100,100,100,100,100,100
round_queries,100,300,1500,6700,31100,154900,770300,3828900,19333100
round_k,0,1,7,33,155,774,3851,19144,96665
round_shots,200,100,100,100,100,100,100,100,100,100
round_queries,200,300,1100,4900,20700,98300,479100,2413700,12193300,61793300
round_k,0,1,5,24,103,491,2395,12068,60966,308966
round_shots,100,100,100,100,100,100,100,100,100,100
round_queries,100,300,1100,4700,23500,114500,570700,2889500,14598900,73368700
round_k,0,1,5,23,117,572,2853,14447,72994,366843
round_shots,200,100,100,100,100,100,100,100,100
round_queries,200,300,1500,5700,27500,138900,696100,3524900,17844500
round_k,0,1,7,28,137,694,3480,17624,89222
round_shots,300,100,100,100,100,100,100,100,100
round_queries,300,500,1900,8500,40500,196100,984900,4647900,23461300
round_k,0,2,9,42,202,980,4924,23239,117306
round_shots,100,100,100,100,100,100,100,100,100,100
round_queries,100,300,1100,4100,18900,90100,448100,2249100,11361300,57580100
round_k,0,1,5,20,94,450,2240,11245,56806,287900
round_shots,200,100,100,100,100,100,100,100,100
round_queries,200,500,1500,5900,27500,129300,647500,3254700,16463500
round_k,0,2,7,29,137,646,3237,16273,82317
round_shots,100,100,100,100,100,100,100,100,100,100
round_queries,100,300,1100,4700,22100,103900,512300,2579700,13082100,66374700
round_k,0,1,5,23,110,519,2561,12898,65410,331873
round_shots,100,100,100,100,100,100,100,100,100,100
round_queries,100,300,1100,4100,18300,85900,421700,2103300,10604300,53578500
round_k,0,1,5,20,91,429,2108,10516,53021,267892
round_shots,200,100,100,100,100,100,100,100,100
round_queries,200,500,2300,10100,48100,233300,1176500,5907700,29972900
round_k,0,2,11,50,240,1166,5882,29538,149864
round_shots,200,100,100,100,100,100,100,100,100
round_queries,200,500,1900,7300,34100,162100,793500,3968300,20106500
round_k,0,2,9,36,170,810,3967,19841,100532
round_shots,200,100,100,100,100,100,100,100,100,100
round_queries,200,300,1100,4100,17500,87500,430700,2149900,10812300,54654700
round_k,0,1,5,20,87,437,2153,10749,54061,273273
round_shots,100,100,100,100,100,100,100,100,100,100
round_queries,100,300,1100,4500,20100,94100,471500,2375900,11920500,60441300
round_k,0,1,5,22,100,470,2357,11879,59602,302206
round_shots,200,100,100,100,100,100,100,100,100
round_queries,200,500,1900,8300,40500,198500,983300,4989100,25205100
round_k,0,2,9,41,202,992,4916,24945,126025
round_shots,100,100,100,100,100,100,100,100,100,100
round_queries,100,300,1100,3700,18500,90500,437900,2194100,11094900,56236900
round_k,0,1,5,18,92,452,2189,10970,55474,281184
round_shots,100,100,100,100,100,100,100,100,100,100
round_queries,100,300,700,2900,12900,59500,287900,1453500,7329300,37061500
round_k,0,1,3,14,64,297,1439,7267,36646,185307
round_shots,100,100,100,100,100,100,100,100,100,100
round_queries,100,300,700,2700,11700,52300,252700,1327100,6642500,33597300
round_k,0,1,3,13,58,261,1263,6635,33212,167986
round_shots,200,100,100,100,100,100,100,100,100,100
round_queries,200,300,700,2300,10100,49100,239100,1191100,6042500,30619300
round_k,0,1,3,11,50,245,1195,5955,30212,153096
round_shots,100,100,100,100,100,100,100,100,100,100
round_queries,100,300,1100,4300,20100,97700,492500,2484100,12511300,63402100
round_k,0,1,5,21,100,488,2462,12420,62556,317010
round_shots,200,100,100,100,100,100,100,100,100,100
round_queries,200,300,700,2300,9100,41300,201300,1011700,5090500,25718300
round_k,0,1,3,11,45,206,1006,5058,25452,128591
round_shots,200,100,100,100,100,100,100,100,100,100
round_queries,200,300,1100,4900,22500,111900,560500,2812500,14192500,71874100
round_k,0,1,5,24,112,559,2802,14062,70962,359370
round_shots,100,100,100,100,100,100,100,100,100,100
round_queries,100,300,1100,4500,20500,95100,463900,2265500,11417700,57765900
round_k,0,1,5,22,102,475,2319,11327,57088,288829
round_shots,100,100,100,100,100,100,100,100,100,100
round_queries,100,300,900,3500,15900,77700,382100,1900500,9601500,48727900
round_k,0,1,4,17,79,388,1910,9502,48007,243639
round_shots,100,100,100,100,100,100,100,100,100,100
round_queries,100,300,1100,4100,18900,90100,446300,2232300,11292300,57227900
round_k,0,1,5,20,94,450,2231,11161,56461,286139
round_shots,200,100,100,100,100,100,100,100,100,100
round_queries,200,300,1100,3700,16300,76300,374300,1871700,9436100,47800100
round_k,0,1,5,18,81,381,1871,9358,47180,239000
round_shots,100,100,100,100,100,100,100,100,100,100
round_queries,100,300,1100,4700,20900,101500,501500,2528700,12724100,64484500
round_k,0,1,5,23,104,507,2507,12643,63620,322422
round_shots,100,100,100,100,100,100,100,100,100,100
round_queries,100,300,1100,4500,19900,96900,453900,2262100,11426900,57866900
round_k,0,1,5,22,99,484,2269,11310,57134,289334
round_shots,200,100,100,100,100,100,100,100,100
round_queries,200,300,1100,5100,25300,124500,613500,3062900,15473500
round_k,0,1,5,25,126,622,3067,15314,77367
round_shots,200,100,100,100,100,100,100,100,100,100
round_queries,200,300,1100,4100,19300,92500,461300,2309300,11659900,59114700
round_k,0,1,5,20,96,462,2306,11546,58299,295573
round_shots,100,100,100,100,100,100,100,100,100,100
round_queries,100,300,1100,3500,16700,82500,404300,2025300,10211700,51797900
round_k,0,1,5,17,83,412,2021,10126,51058,258989
round_shots,100,100,100,100,100,100,100,100,100,100
round_queries,100,300,1100,3700,16500,79100,391300,1948900,9826500,49878700
round_k,0,1,5,18,82,395,1956,9744,49132,249393
round_shots,200,100,100,100,100,100,100,100,100
round_queries,200,500,1500,6700,32500,157100,786700,3963500,19960300
round_k,0,2,7,33,162,785,3933,19817,99801
round_shots,200,100,100,100,100,100,100,100,100
round_queries,200,300,1500,5900,28700,140300,703900,3560100,18019900
round_k,0,1,7,29,143,701,3519,17800,90099
round_shots,200,100,100,100,100,100,100,100,100
round_queries,200,500,1900,7500,35500,172900,860500,4335500,21939700
round_k,0,2,9,37,177,864,4302,21677,109698
round_shots,100,100,100,100,100,100,100,100,100,100
round_queries,100,300,1100,4300,21500,106900,528500,2636300,13302900,67277300
round_k,0,1,5,21,107,534,2642,13181,66514,336386
round_shots,100,100,100,100,100,100,100,100,100
round_queries,100,300,1500,5900,28300,137700,693500,3450700,17471300
round_k,0,1,7,29,141,688,3467,17253,87356
round_shots,100,100,100,100,100,100,100,100,100,100
round_queries,100,300,1100,4700,20900,101700,513100,2580700,12987300,65866300
round_k,0,1,5,23,104,508,2565,12903,64936,329331
round_shots,200,100,100,100,100,100,100,100,100,100
round_queries,200,300,700,2900,13500,67100,328300,1639300,8260100,41420500
round_k,0,1,3,14,67,335,1641,8196,41300,207102
round_shots,100,100,100,100,100,100,100,100,100,100
round_queries,100,300,1100,3900,16300,76100,362900,1827900,9249100,46598700
round_k,0,1,5,19,81,380,1814,9139,46245,232993
round_shots,100,100,100,100,100,100,100,100,100,100
round_queries,100,300,1100,4900,22100,104500,521100,2632900,13303300,67260300
round_k,0,1,5,24,110,522,2605,13164,66516,336301
round_shots,200,100,100,100,100,100,100,100,100,100
round_queries,200,300,1100,4900,22700,107300,539300,2681100,13590700,68867500
round_k,0,1,5,24,113,536,2696,13405,67953,344337
round_shots,300,100,100,100,100,100,100,100,100
round_queries,300,500,1500,6300,27700,135100,678900,3421500,17249300
round_k,0,2,7,31,138,675,3394,17107,86246
round_shots,200,100,100,100,100,100,100,100,100,100
round_queries,200,300,1100,4900,22100,106500,531900,2676900,13489100,68301700
round_k,0,1,5,24,110,532,2659,13384,67445,341508
round_shots,200,100,100,100,100,100,100,100,100,100
round_queries,200,300,1100,4900,21700,102900,511900,2552500,12897900,65103900
round_k,0,1,5,24,108,514,2559,12762,64489,325519
round_shots,100,100,100,100,100,100,100,100,100,100
round_queries,100,300,1100,4300,20100,95900,477900,2423100,12249900,61809300
round_k,0,1,5,21,100,479,2389,12115,61249,309046
round_shots,200,100,100,100,100,100,100,100,100,100
round_queries,200,300,1100,5100,24300,118900,589700,2988700,15134300,76674300
round_k,0,1,5,25,121,594,2948,14943,75671,383371
round_shots,100,100,100,100,100,100,100,100,100,100
round_queries,100,300,1100,4100,18500,88900,439500,2211700,11137500,56450100
round_k,0,1,5,20,92,444,2197,11058,55687,282250
round_shots,200,100,100,100,100,100,100,100,100,100
round_queries,200,300,1100,4500,20900,99100,494900,2483500,12560900,63437900
round_k,0,1,5,22,104,495,2474,12417,62804,317189
round_shots,200,100,100,100,100,100,100,100,100,100
round_queries,200,300,1100,4100,17700,85900,424100,2104700,10631300,53868700
round_k,0,1,5,20,88,429,2120,10523,53156,269343
round_shots,200,100,100,100,100,100,100,100,100,100
round_queries,200,300,1100,3700,16500,78300,388500,1960900,9850300,49853700
round_k,0,1,5,18,82,391,1942,9804,49251,249268
round_shots,200,100,100,100,100,100,100,100,100
round_queries,200,500,1900,8700,41100,199500,992900,4981100,25238900
round_k,0,2,9,43,205,997,4964,24905,126194
round_shots,100,100,100,100,100,100,100,100,100,100
round_queries,100,300,700,2300,9700,44700,218100,1099100,5545700,28105900
round_k,0,1,3,11,48,223,1090,5495,27728,140529
round_shots,100,100,100,100,100,100,100,100,100,100
round_queries,100,300,700,1900,8100,37300,180700,904700,4547500,22922700
round_k,0,1,3,9,40,186,903,4523,22737,114613
round_shots,200,100,100,100,100,100,100,100,100,100
round_queries,200,300,1100,4900,22300,110700,531900,2561900,12795100,64557100
round_k,0,1,5,24,111,553,2659,12809,63975,322785
round_shots,300,100,100,100,100,100,100,100,100,100
round_queries,300,300,700,2900,13500,66700,326300,1640300,8238900,41638900
round_k,0,1,3,14,67,333,1631,8201,41194,208194
round_shots,200,100,100,100,100,100,100,100,100,100
round_queries,200,300,1100,4100,18100,88300,429900,2129900,10726300,54339300
round_k,0,1,5,20,90,441,2149,10649,53631,271696
round_shots,200,100,100,100,100,100,100,100,100,100
round_queries,200,300,700,2900,12700,59900,300100,1508500,7627500,38547700
round_k,0,1,3,14,63,299,1500,7542,38137,192738
round_shots,200,100,100,100,100,100,100,100,100
round_queries,200,300,1100,5300,25300,126100,628900,3170900,16021500
round_k,0,1,5,26,126,630,3144,15854,80107
round_shots,100,100,100,100,100,100,100,100,100,100
round_queries,100,300,1100,3700,15300,74100,372100,1868900,9474500,47906100
round_k,0,1,5,18,76,370,1860,9344,47372,239530
round_shots,100,100,100,100,100,100,100,100,100
round_queries,100,300,1500,5900,27500,131300,636100,3196500,16204900
round_k,0,1,7,29,137,656,3180,15982,81024
round_shots,100,100,100,100,100,100,100,100,100,100
round_queries,100,300,700,1900,8300,39300,190900,947300,4737500,24024100
round_k,0,1,3,9,41,196,954,4736,23687,120120
round_shots,100,100,100,100,100,100,100,100,100,100
round_queries,100,300,1100,5100,21700,104900,519100,2625900,13303900,67201900
round_k,0,1,5,25,108,524,2595,13129,66519,336009
round_shots,100,100,100,100,100,100,100,100,100,100
round_queries,100,300,1100,3100,15100,73300,352900,1780500,8946100,45278900
round_k,0,1,5,15,75,366,1764,8902,44730,226394
round_shots,200,100,100,100,100,100,100,100,100
round_queries,200,700,2300,11100,53700,265300,1335300,6795900,34286900
round_k,0,3,11,55,268,1326,6676,33979,171434
round_shots,100,100,100,100,100,100,100,100,100,100
round_queries,100,300,1100,4500,21100,97700,475500,2383300,12074900,61139300
round_k,0,1,5,22,105,488,2377,11916,60374,305696
round_shots,200,100,100,100,100,100,100,100,100,100
round_queries,200,300,700,1900,9100,40900,192300,953300,4821900,24436100
round_k,0,1,3,9,45,204,961,4766,24109,122180
round_shots,100,100,100,100,100,100,100,100,100,100
round_queries,100,300,700,2900,11300,54500,271300,1359900,6859700,34765500
round_k,0,1,3,14,56,272,1356,6799,34298,173827
round_shots,200,100,100,100,100,100,100,100,100,100
round_queries,200,300,1100,3700,15500,76300,375100,1877700,9437100,47907300
round_k,0,1,5,18,77,381,1875,9388,47185,239536
round_shots,100,100,100,100,100,100,100,100,100,100
round_queries,100,300,1100,3700,17700,82900,413100,2058700,10386700,52302900
round_k,0,1,5,18,88,414,2065,10293,51933,261514
round_shots,100,100,100,100,100,100,100,100,100,100
round_queries,100,300,1100,4700,21100,105500,513500,2540100,12788100,64810100
round_k,0,1,5,23,105,527,2567,12700,63940,324050
round_shots,200,100,100,100,100,100,100,100,100
round_queries,200,300,1500,5900,28700,137900,688500,3487300,17618300
round_k,0,1,7,29,143,689,3442,17436,88091
round_shots,100,100,100,100,100,100,100,100,100,100
round_queries,100,300,700,2300,11300,55300,276500,1385300,6996700,35467500
round_k,0,1,3,11,56,276,1382,6926,34983,177337
round_shots,200,100,100,100,100,100,100,100,100
round_queries,200,300,1500,5900,28500,140700,705700,3518500,17855100
round_k,0,1,7,29,142,703,3528,17592,89275
round_shots,100,100,100,100,100,100,100,100,100,100
round_queries,100,300,700,2700,10900,50300,246700,1238300,6246100,31616300
round_k,0,1,3,13,54,251,1233,6191,31230,158081
round_shots,200,100,100,100,100,100,100,100,100
round_queries,200,300,1500,7100,31900,160100,800500,4040300,20464100
round_k,0,1,7,35,159,800,4002,20201,102320
round_shots,200,100,100,100,100,100,100,100,100,100
round_queries,200,300,1100,4100,18700,89700,450900,2277700,11541100,58561900
round_k,0,1,5,20,93,448,2254,11388,57705,292809
round_shots,200,100,100,100,100,100,100,100,100,100
round_queries,200,300,1100,4500,21300,101500,494700,2482900,12548300,63548700
round_k,0,1,5,22,106,507,2473,12414,62741,317743
round_shots,100,100,100,100,100,100,100,100,100,100
round_queries,100,300,1500,5500,25100,119100,601100,3004500,15245100,77278900
round_k,0,1,7,27,125,595,3005,15022,76225,386394
round_shots,200,100,100,100,100,100,100,100,100
round_queries,200,500,1900,8500,41500,200300,1001700,5032700,25458100
round_k,0,2,9,42,207,1001,5008,25163,127290
round_shots,200,100,100,100,100,100,100,100,100
round_queries,200,500,1900,8100,38700,191700,959500,4845500,24395100
round_k,0,2,9,40,193,958,4797,24227,121975
round_shots,200,100,100,100,100,100,100,100,100,100
round_queries,200,300,1100,4100,17500,84700,423500,2120900,10731500,54246900
round_k,0,1,5,20,87,423,2117,10604,53657,271234
round_shots,200,100,100,100,100,100,100,100,100,100
round_queries,200,300,1100,4500,20500,98900,491900,2489500,12576100,63725500
round_k,0,1,5,22,102,494,2459,12447,62880,318627
round_shots,200,100,100,100,100,100,100,100,100,100
round_queries,200,300,1100,5100,24300,121500,605500,3055100,15442500,78088100
round_k,0,1,5,25,121,607,3027,15275,77212,390440
round_shots,200,100,100,100,100,100,100,100,100,100
round_queries,200,300,1100,4500,20700,102700,511100,2547100,12839500,65051100
round_k,0,1,5,22,103,513,2555,12735,64197,325255
round_shots,200,100,100,100,100,100,100,100,100,100
round_queries,200,300,1100,5100,23700,114100,574900,2904900,14656500,74294100
round_k,0,1,5,25,118,570,2874,14524,73282,371470
round_shots,100,100,100,100,100,100,100,100,100,100
round_queries,100,300,700,2700,12300,58700,289700,1444900,7299900,37003300
round_k,0,1,3,13,61,293,1448,7224,36499,185016
round_shots,200,100,100,100,100,100,100,100,100
round_queries,200,500,1900,8100,39700,196300,971900,4902900,24772300
round_k,0,2,9,40,198,981,4859,24514,123861
round_shots,200,100,100,100,100,100,100,100,100,100
round_queries,200,300,1100,4700,22300,108700,539700,2697100,13587500,68180900
round_k,0,1,5,23,111,543,2698,13485,67937,340904
round_shots,100,100,100,100,100,100,100,100,100,100
round_queries,100,300,700,1900,8900,39900,199700,996100,5032700,25499300
round_k,0,1,3,9,44,199,998,4980,25163,127496
round_shots,100,100,100,100,100,100,100,100,100,100
round_queries,100,300,1100,5300,24500,117300,588700,2939500,14904700,75629500
round_k,0,1,5,26,122,586,2943,14697,74523,378147
round_shots,200,100,100,100,100,100,100,100,100
round_queries,200,300,1500,5500,26300,125900,627700,3159100,16003500
round_k,0,1,7,27,131,629,3138,15795,80017
round_shots,100,100,100,100,100,100,100,100,100,100
round_queries,100,300,1100,4100,18700,89700,442500,2177100,10994100,55735900
round_k,0,1,5,20,93,448,2212,10885,54970,278679
round_shots,200,200,100,100,100,100,100,100,100
round_queries,200,600,1500,7500,35500,172700,843500,4201500,21255500
round_k,0,1,7,37,177,863,4217,21007,106277
round_shots,200,100,100,100,100,100,100,100,100,100
round_queries,200,300,700,2500,11100,51300,248700,1236500,6244300,31578100
round_k,0,1,3,12,55,256,1243,6182,31221,157890
round_shots,100,100,100,100,100,100,100,100,100,100
round_queries,100,300,1100,4900,22300,109500,538100,2714700,13711100,69015500
round_k,0,1,5,24,111,547,2690,13573,68555,345077
round_shots,100,100,100,100,100,100,100,100,100,100
round_queries,100,300,700,3300,15700,75500,379500,1897900,9621100,48814300
round_k,0,1,3,16,78,377,1897,9489,48105,244071
round_shots,100,100,100,100,100,100,100,100,100,100
round_queries,100,300,1100,3700,15300,73900,368500,1827500,9229500,46496900
round_k,0,1,5,18,76,369,1842,9137,46147,232484
round_shots,100,100,100,100,100,100,100,100,100,100
round_queries,100,300,1100,4900,22900,114100,566700,2853500,14420900,72552900
round_k,0,1,5,24,114,570,2833,14267,72104,362764
round_shots,300,100,100,100,100,100,100,100,100
round_queries,300,500,2300,10900,49900,242700,1213500,6102900,30932700
round_k,0,2,11,54,249,1213,6067,30514,154663
round_shots,200,100,100,100,100,100,100,100,100,100
round_queries,200,300,1100,4500,20900,103700,516900,2601100,13146500,66712300
round_k,0,1,5,22,104,518,2584,13005,65732,333561
round_shots,100,100,100,100,100,100,100,100,100,100
round_queries,100,300,1100,3700,17900,83500,423500,2127500,10685300,54175900
round_k,0,1,5,18,89,417,2117,10637,53426,270879
round_shots,100,100,100,100,100,100,100,100,100,100
round_queries,100,300,1100,4500,19900,99700,496900,2497100,12641700,63983500
round_k,0,1,5,22,99,498,2484,12485,63208,319917
round_shots,200,100,100,100,100,100,100,100,100,100
round_queries,200,300,1100,3500,16500,80500,403700,2011100,10124100,51236500
round_k,0,1,5,17,82,402,2018,10055,50620,256182
round_shots,100,100,100,100,100,100,100,100,100
round_queries,100,300,1500,5700,25300,125700,632300,3178500,16081900
round_k,0,1,7,28,126,628,3161,15892,80409
round_shots,100,100,100,100,100,100,100,100,100,100
round_queries,100,300,700,1900,8900,41500,203300,1026100,5172100,26146500
round_k,0,1,3,9,44,207,1016,5130,25860,130732
round_shots,100,100,100,100,100,100,100,100,100,100
round_queries,100,300,1100,3500,15300,75500,376100,1872700,9438300,47474700
round_k,0,1,5,17,76,377,1880,9363,47191,237373
round_shots,200,100,100,100,100,100,100,100,100,100
round_queries,200,300,700,2300,8900,43700,219700,1071900,5400100,27357900
round_k,0,1,3,11,44,218,1098,5359,27000,136789
round_shots,100,100,100,100,100,100,100,100,100,100
round_queries,100,300,700,1900,8900,43100,207700,1025700,5196100,26149500
round_k,0,1,3,9,44,215,1038,5128,25980,130747
round_shots,200,100,100,100,100,100,100,100,100,100
round_queries,200,300,1500,5300,23900,114100,570500,2864500,14464700,73283500
round_k,0,1,7,26,119,570,2852,14322,72323,366417
round_shots,100,100,100,100,100,100,100,100,100,100
round_queries,100,300,1100,3500,16100,75700,376700,1898100,9594900,48273300
round_k,0,1,5,17,80,378,1883,9490,47974,241366
round_shots,200,100,100,100,100,100,100,100,100,100
round_queries,200,300,1100,4100,17900,85900,420300,2126700,10696900,54124700
round_k,0,1,5,20,89,429,2101,10633,53484,270623
round_shots,200,100,100,100,100,100,100,100,100,100
round_queries,200,300,700,1900,8100,38500,192500,957700,4794700,24247100
round_k,0,1,3,9,40,192,962,4788,23973,121235
round_shots,100,100,100,100,100,100,100,100,100,100
round_queries,100,300,1100,5300,24500,121100,592900,3008300,15063700,76185900
round_k,0,1,5,26,122,605,2964,15041,75318,380929
round_shots,200,100,100,100,100,100,100,100,100,100
round_queries,200,300,1100,5100,23900,110100,536500,2698300,13549900,68765700
round_k,0,1,5,25,119,550,2682,13491,67749,343828
round_shots,100,100,100,100,100,100,100,100,100,100
round_queries,100,300,700,2700,10900,51900,254100,1258100,6334100,32071900
round_k,0,1,3,13,54,259,1270,6290,31670,160359
round_shots,100,100,100,100,100,100,100,100,100,100
round_queries,100,300,700,2300,11500,55500,277700,1384900,6931300,35033500
round_k,0,1,3,11,57,277,1388,6924,34656,175167
round_shots,200,100,100,100,100,100,100,100,100,100
round_queries,200,300,700,2900,12100,57900,289300,1452500,7304100,36969700
round_k,0,1,3,14,60,289,1446,7262,36520,184848
round_shots,100,100,100,100,100,100,100,100,100
round_queries,100,300,1100,5500,25700,126700,631100,3190900,16083500
round_k,0,1,5,27,128,633,3155,15954,80417
round_shots,100,100,100,100,100,100,100,100,100,100
round_queries,100,300,1100,3500,19700,93700,466300,2347500,11905300,60324500
round_k,0,1,5,17,98,468,2331,11737,59526,301622
round_shots,200,100,100,100,100,100,100,100,100,100
round_queries,200,300,1100,4500,21500,100900,499100,2489300,12554900,62938100
round_k,0,1,5,22,107,504,2495,12446,62774,314690
round_shots,100,100,100,100,100,100,100,100,100
round_queries,100,300,1500,6900,32700,163500,817500,4111100,20851700
round_k,0,1,7,34,163,817,4087,20555,104258
round_shots,100,100,100,100,100,100,100,100,100,100
round_queries,100,300,1100,4500,21300,101500,503500,2538300,12765100,64389300
round_k,0,1,5,22,106,507,2517,12691,63825,321946
round_shots,200,100,100,100,100,100,100,100,100,100
round_queries,200,300,1100,4900,22300,105500,525900,2572300,12956300,65370900
round_k,0,1,5,24,111,527,2629,12861,64781,326854
round_shots,100,100,100,100,100,100,100,100,100,100
round_queries,100,300,900,4500,21700,104500,522500,2617300,13144300,66409300
round_k,0,1,4,22,108,522,2612,13086,65721,332046
round_shots,100,100,100,100,100,100,100,100,100
round_queries,100,300,1500,6100,26900,132300,660500,3329700,16700300
round_k,0,1,7,30,134,661,3302,16648,83501
round_shots,200,100,100,100,100,100,100,100,100,100
round_queries,200,300,1100,3700,17900,85700,421700,2113900,10674500,53995500
round_k,0,1,5,18,89,428,2108,10569,53372,269977
round_shots,100,100,100,100,100,100,100,100,100,100
round_queries,100,300,1100,4500,21100,99700,492100,2469700,12458700,63238300
round_k,0,1,5,22,105,498,2460,12348,62293,316191
round_shots,100,100,100,100,100,100,100,100,100,100
round_queries,100,300,1100,4100,19500,92900,464500,2335300,11816100,59867100
round_k,0,1,5,20,97,464,2322,11676,59080,299335
round_shots,200,100,100,100,100,100,100,100,100,100
round_queries,200,300,1100,4900,21700,105100,524100,2646300,13397700,67918500
round_k,0,1,5,24,108,525,2620,13231,66988,339592
round_shots,200,100,100,100,100,100,100,100,100,100
round_queries,200,300,1100,3100,14100,69100,334300,1686100,8546700,43361100
round_k,0,1,5,15,70,345,1671,8430,42733,216805
round_shots,100,100,100,100,100,100,100,100,100,100
round_queries,100,300,1100,4100,19300,97100,485500,2433900,12323900,62521900
round_k,0,1,5,20,96,485,2427,12169,61619,312609
round_shots,100,100,100,100,100,100,100,100,100,100
round_queries,100,300,700,2900,12700,62900,312900,1567900,7943100,40160500
round_k,0,1,3,14,63,314,1564,7839,39715,200802
round_shots,100,100,100,100,100,100,100,100,100,100
round_queries,100,300,1100,4900,23700,116900,575300,2911900,14426500,72808900
round_k,0,1,5,24,118,584,2876,14559,72132,364044
round_shots,100,100,100,100,100,100,100,100,100,100
round_queries,100,300,700,1900,8500,40500,193100,943900,4684900,23718500
round_k,0,1,3,9,42,202,965,4719,23424,118592
round_shots,200,100,100,100,100,100,100,100,100,100
round_queries,200,300,700,2300,8900,42300,209500,1045900,5270900,26764300
round_k,0,1,3,11,44,211,1047,5229,26354,133821
round_shots,100,100,100,100,100,100,100,100,100,100
round_queries,100,300,1100,4900,22700,107900,527500,2648900,13318100,67599100
round_k,0,1,5,24,113,539,2637,13244,66590,337995
round_shots,100,100,100,100,100,100,100,100,100,100
round_queries,100,300,1100,4500,21500,106700,529500,2659900,13480500,67916500
round_k,0,1,5,22,107,533,2647,13299,67402,339582
round_shots,100,100,100,100,100,100,100,100,100,100
round_queries,100,300,1100,4700,20900,100500,500700,2504700,12669900,64279900
round_k,0,1,5,23,104,502,2503,12523,63349,321399
round_shots,100,100,100,100,100,100,100,100,100,100
round_queries,100,300,1100,3500,15300,70700,347300,1736300,8792700,44498900
round_k,0,1,5,17,76,353,1736,8681,43963,222494
round_shots,200,100,100,100,100,100,100,100,100,100
round_queries,200,300,1100,3700,16900,83500,411900,2068700,10481100,53181500
round_k,0,1,5,18,84,417,2059,10343,52405,265907
round_shots,100,100,100,100,100,100,100,100,100,100
round_queries,100,300,1100,4100,17700,88900,435500,2181900,10992100,55304300
round_k,0,1,5,20,88,444,2177,10909,54960,276521
round_shots,200,100,100,100,100,100,100,100,100,100
round_queries,200,300,1100,4100,19900,96700,489500,2462500,12404500,62773700
round_k,0,1,5,20,99,483,2447,12312,62022,313868
round_shots,200,100,100,100,100,100,100,100,100,100
round_queries,200,300,1100,4100,18100,88100,436900,2207500,11072100,56065500
round_k,0,1,5,20,90,440,2184,11037,55360,280327
round_shots,200,100,100,100,100,100,100,100,100,100
round_queries,200,300,1100,5100,23900,108700,532100,2685700,13569500,68585700
round_k,0,1,5,25,119,543,2660,13428,67847,342928
round_shots,200,100,100,100,100,100,100,100,100,100
round_queries,200,300,1100,4700,21700,103700,505500,2505500,12673700,64168500
round_k,0,1,5,23,108,518,2527,12527,63368,320842
round_shots,100,100,100,100,100,100,100,100,100,100
round_queries,100,300,1100,4700,23500,110100,547300,2746500,13910700,70238900
round_k,0,1,5,23,117,550,2736,13732,69553,351194
round_shots,100,100,100,100,100,100,100,100,100,100
round_queries,100,300,1100,4900,22900,111100,556900,2765700,13792100,69758500
round_k,0,1,5,24,114,555,2784,13828,68960,348792
round_shots,100,100,100,100,100,100,100,100,100,100
round_queries,100,300,1100,5100,23500,117500,595700,3003700,15138500,76771700
round_k,0,1,5,25,117,587,2978,15018,75692,383858
round_shots,100,100,100,100,100,100,100,100,100,100
round_queries,100,300,1100,3700,17500,83100,413700,2176700,10811900,54677700
round_k,0,1,5,18,87,415,2068,10883,54059,273388
round_shots,100,100,100,100,100,100,100,100,100,100
round_queries,100,300,1100,4900,24100,116700,565900,2846700,14417500,72689500
round_k,0,1,5,24,120,583,2829,14233,72087,363447
round_shots,100,100,100,100,100,100,100,100,100,100
round_queries,100,300,1100,4900,20900,103700,513500,2587300,13058300,66212900
round_k,0,1,5,24,104,518,2567,12936,65291,331064
round_shots,200,100,100,100,100,100,100,100,100,100
round_queries,200,300,700,2300,9300,43500,215500,1077500,5435900,27436900
round_k,0,1,3,11,46,217,1077,5387,27179,137184
round_shots,100,100,100,100,100,100,100,100,100,100
round_queries,100,300,1100,4100,18500,91700,455500,2253700,11410500,57658100
round_k,0,1,5,20,92,458,2277,11268,57052,288290
round_shots,100,100,100,100,100,100,100,100,100,100
round_queries,100,300,1100,4100,18100,85300,430100,2154900,10919100,54895700
round_k,0,1,5,20,90,426,2150,10774,54595,274478
round_shots,100,100,100,100,100,100,100,100,100,100
round_queries,100,300,700,2500,11300,55700,273700,1360900,6808900,34296500
round_k,0,1,3,12,56,278,1368,6804,34044,171482
round_shots,200,100,100,100,100,100,100,100,100,100
round_queries,200,300,1100,4100,18500,90100,436300,2191500,11066900,56108700
round_k,0,1,5,20,92,450,2181,10957,55334,280543
round_shots,100,100,100,100,100,100,100,100,100,100
round_queries,100,300,1500,5300,23900,117500,585300,2927300,14817500,75085100
round_k,0,1,7,26,119,587,2926,14636,74087,375425
round_shots,200,100,100,100,100,100,100,100,100,100
round_queries,200,300,1100,5100,24500,113100,563900,2835900,14317100,72495300
round_k,0,1,5,25,122,565,2819,14179,71585,362476
round_shots,200,100,100,100,100,100,100,100,100,100
round_queries,200,300,700,1900,8300,37700,181500,904300,4549100,22890100
round_k,0,1,3,9,41,188,907,4521,22745,114450
round_shots,100,100,100,100,100,100,100,100,100,100
round_queries,100,300,1100,5100,23900,114100,547700,2742100,13870700,70333100
round_k,0,1,5,25,119,570,2738,13710,69353,351665
round_shots,100,100,100,100,100,100,100,100,100,100
round_queries,100,300,700,2900,13900,67100,331300,1645300,8321100,42122300
round_k,0,1,3,14,69,335,1656,8226,41605,210611
round_shots,200,100,100,100,100,100,100,100,100
round_queries,200,300,1100,5500,26100,131900,667700,3354300,16988700
round_k,0,1,5,27,130,659,3338,16771,84943
round_shots,200,100,100,100,100,100,100,100,100,100
round_queries,200,300,1100,4100,20500,99300,503300,2530700,12645900,63880700
round_k,0,1,5,20,102,496,2516,12653,63229,319403
round_shots,200,100,100,100,100,100,100,100,100,100
round_queries,200,300,1100,4100,19700,93700,469900,2355900,11882100,60119300
round_k,0,1,5,20,98,468,2349,11779,59410,300596
round_shots,200,100,100,100,100,100,100,100,100,100
round_queries,200,300,700,1900,8500,38100,186300,931500,4693700,23774300
round_k,0,1,3,9,42,190,931,4657,23468,118871
round_shots,200,100,100,100,100,100,100,100,100,100
round_queries,200,300,1100,5100,24100,116900,589900,2974100,15041700,76141300
round_k,0,1,5,25,120,584,2949,14870,75208,380706
round_shots,200,100,100,100,100,100,100,100,100,100
round_queries,200,300,700,2500,11900,56900,279500,1393900,7002700,35348700
round_k,0,1,3,12,59,284,1397,6969,35013,176743
round_shots,200,100,100,100,100,100,100,100,100,100
round_queries,200,300,700,2300,9300,42500,212500,1067900,5322700,26978700
round_k,0,1,3,11,46,212,1062,5339,26613,134893
round_shots,100,100,100,100,100,100,100,100,100
round_queries,100,300,1500,6100,28700,140500,699100,3539900,17841100
round_k,0,1,7,30,143,702,3495,17699,89205
round_shots,200,100,100,100,100,100,100,100,100
round_queries,200,500,1900,7500,35500,169300,849700,4263900,21516500
round_k,0,2,9,37,177,846,4248,21319,107582
round_shots,200,100,100,100,100,100,100,100,100,100
round_queries,200,300,700,2900,13700,65900,329900,1660500,8324300,42165500
round_k,0,1,3,14,68,329,1649,8302,41621,210827
round_shots,200,200,100,100,100,100,100,100,100,100
round_queries,200,600,1100,4100,17700,86300,431900,2146500,10782700,54542700
round_k,0,1,5,20,88,431,2159,10732,53913,272713
round_shots,100,100,100,100,100,100,100,100,100,100
round_queries,100,300,700,3300,13700,68500,336300,1679500,8502700,43056300
round_k,0,1,3,16,68,342,1681,8397,42513,215281
round_shots,300,100,100,100,100,100,100,100,100
round_queries,300,500,1900,7100,35500,172300,859900,4301500,21568900
round_k,0,2,9,35,177,861,4299,21507,107844
round_shots,200,100,100,100,100,100,100,100,100,100
round_queries,200,300,1100,3700,16700,81900,402700,2006300,10166300,51616900
round_k,0,1,5,18,83,409,2013,10031,50831,258084
round_shots,100,100,100,100,100,100,100,100,100,100
round_queries,100,300,700,2900,11900,56100,267500,1339300,6726700,33840900
round_k,0,1,3,14,59,280,1337,6696,33633,169204
round_shots,200,100,100,100,100,100,100,100,100,100
round_queries,200,300,1100,4900,22500,108500,543700,2720100,13791700,70025700
round_k,0,1,5,24,112,542,2718,13600,68958,350128
round_shots,100,100,100,100,100,100,100,100,100,100
round_queries,100,300,1100,4900,20700,101300,509500,2553900,12901700,65444900
round_k,0,1,5,24,103,506,2547,12769,64508,327224
round_shots,200,100,100,100,100,100,100,100,100,100
round_queries,200,300,1100,4700,22300,107900,556300,2784100,14108500,71399100
round_k,0,1,5,23,111,539,2781,13920,70542,356995
round_shots,100,100,100,100,100,100,100,100,100,100
round_queries,100,300,700,3300,15500,72100,358500,1793500,9031100,45746500
round_k,0,1,3,16,77,360,1792,8967,45155,228732
round_shots,200,100,100,100,100,100,100,100,100,100
round_queries,200,300,700,2300,10100,48500,238700,1195500,6051500,30663700
round_k,0,1,3,11,50,242,1193,5977,30257,153318
round_shots,100,100,100,100,100,100,100,100,100,100
round_queries,100,300,1100,4100,18900,91900,463300,2342300,11878900,59967500
round_k,0,1,5,20,94,459,2316,11711,59394,299837
round_shots,100,100,100,100,100,100,100,100,100,100
round_queries,100,300,1100,4100,19500,91700,451900,2281100,11552300,58562500
round_k,0,1,5,20,97,458,2259,11405,57761,292812
round_shots,200,100,100,100,100,100,100,100,100,100
round_queries,200,300,1100,4500,18900,94100,468100,2305500,11637500,58607500
round_k,0,1,5,22,94,470,2340,11527,58187,293037
round_shots,100,100,100,100,100,100,100,100,100,100
round_queries,100,300,1100,5100,24500,118300,591500,2984300,14946100,75538300
round_k,0,1,5,25,122,591,2957,14921,74730,377691
round_shots,100,100,100,100,100,100,100,100,100,100
round_queries,100,300,1100,4100,18900,92700,468700,2342900,11854700,59623300
round_k,0,1,5,20,94,463,2343,11714,59273,298116
round_shots,200,100,100,100,100,100,100,100,100
round_queries,200,300,1500,7500,34300,164900,836900,4230700,21428500
round_k,0,1,7,37,171,824,4184,21153,107142
round_shots,200,100,100,100,100,100,100,100,100
round_queries,200,300,1100,4700,23500,114500,568700,2853900,17384100
round_k,0,1,5,23,117,572,2843,14269,86920
round_shots,200,100,100,100,100,100,100,100,100
round_queries,200,300,1500,7100,32100,153900,774700,3863900,19528700
round_k,0,1,7,35,160,769,3873,19319,97643
round_shots,200,100,100,100,100,100,100,100,100,100
round_queries,200,300,1100,4900,24100,111500,559500,2823100,14309700,72093100
round_k,0,1,5,24,120,557,2797,14115,71548,360465
round_shots,100,100,100,100,100,100,100,100,100,100
round_queries,100,300,700,3300,14700,69300,340500,1721500,8677500,44011300
round_k,0,1,3,16,73,346,1702,8607,43387,220056
round_shots,100,100,100,100,100,100,100,100,100,100
round_queries,100,300,1100,4100,18300,91700,442300,2226100,11249100,57018300
round_k,0,1,5,20,91,458,2211,11130,56245,285091
round_shots,200,100,100,100,100,100,100,100,100
round_queries,200,300,1500,7100,33700,166300,821300,4121500,20805300
round_k,0,1,7,35,168,831,4106,20607,104026
round_shots,200,100,100,100,100,100,100,100,100
round_queries,200,500,1900,6900,33900,165700,827700,4190500,21379100
round_k,0,2,9,34,169,828,4138,20952,106895
round_shots,100,100,100,100,100,100,100,100,100,100
round_queries,100,300,1100,4100,20100,95900,455100,2293300,11574300,58559100
round_k,0,1,5,20,100,479,2275,11466,57871,292795
round_shots,100,100,100,100,100,100,100,100,100
round_queries,100,300,1500,7300,35100,174700,869100,4400700,22335900
round_k,0,1,7,36,175,873,4345,22003,111679
round_shots,100,100,100,100,100,100,100,100,100,100
round_queries,100,300,1100,3700,16900,78500,388700,1944500,9830700,49637500
round_k,0,1,5,18,84,392,1943,9722,49153,248187
round_shots,200,100,100,100,100,100,100,100,100,100
round_queries,200,300,1100,5100,23700,111900,551300,2782700,14111100,71456500
round_k,0,1,5,25,118,559,2756,13913,70555,357282
round_shots,200,100,100,100,100,100,100,100,100,100
round_queries,200,300,1100,4900,23700,110100,553500,2769300,14006100,71005300
round_k,0,1,5,24,118,550,2767,13846,70030,355026
round_shots,200,100,100,100,100,100,100,100,100,100
round_queries,200,300,700,2500,11100,51300,248300,1250300,6340900,32170900
round_k,0,1,3,12,55,256,1241,6251,31704,160854
round_shots,200,100,100,100,100,100,100,100,100,100
round_queries,200,300,1100,5500,23900,117500,586900,2952500,14973500,75733700
round_k,0,1,5,27,119,587,2934,14762,74867,378668
round_shots,200,100,100,100,100,100,100,100,100,100
round_queries,200,300,1100,4700,22100,107100,529300,2660700,13460500,68083900
round_k,0,1,5,23,110,535,2646,13303,67302,340419
round_shots,100,100,100,100,100,100,100,100,100,100
round_queries,100,300,1100,4100,18900,88100,433900,2163100,10916100,55212100
round_k,0,1,5,20,94,440,2169,10815,54580,276060
round_shots,200,100,100,100,100,100,100,100,100,100
round_queries,200,300,700,2300,10100,48100,240500,1221300,6120300,31031100
round_k,0,1,3,11,50,240,1202,6106,30601,155155
round_shots,100,100,100,100,100,100,100,100,100,100
round_queries,100,300,1100,4100,19700,97900,488300,2432300,12294300,62094700
round_k,0,1,5,20,98,489,2441,12161,61471,310473
round_shots,100,100,100,100,100,100,100,100,100,100
round_queries,100,300,1100,4100,18900,90500,447500,2243900,11336900,57449100
round_k,0,1,5,20,94,452,2237,11219,56684,287245
round_shots,200,100,100,100,100,100,100,100,100,100
round_queries,200,300,1100,5100,23900,113900,569100,2862100,14474300,73180700
round_k,0,1,5,25,119,569,2845,14310,72371,365903
round_shots,100,100,100,100,100,100,100,100,100,100
round_queries,100,300,1100,3700,15500,75500,381300,1879900,9519900,48200100
round_k,0,1,5,18,77,377,1906,9399,47599,241000
round_shots,100,100,100,100,100,100,100,100,100,100
round_queries,100,300,1100,3500,15500,76300,378700,1903700,9475300,47631300
round_k,0,1,5,17,77,381,1893,9518,47376,238156
round_shots,200,100,100,100,100,100,100,100,100,100
round_queries,200,300,700,3300,16100,80900,403300,2017300,10219500,51804100
round_k,0,1,3,16,80,404,2016,10086,51097,259020
round_shots,200,100,100,100,100,100,100,100,100,100
round_queries,200,300,1100,4900,23300,114500,572700,2876700,14604500,73979300
round_k,0,1,5,24,116,572,2863,14383,73022,369896
round_shots,100,100,100,100,100,100,100,100,100,100
round_queries,100,300,1100,3100,13900,67900,330900,1657300,8377500,42281500
round_k,0,1,5,15,69,339,1654,8286,41887,211407
round_shots,200,100,100,100,100,100,100,100,100,100
round_queries,200,300,1100,4900,22500,107100,535300,2672900,13507500,68330700
round_k,0,1,5,24,112,535,2676,13364,67537,341653
round_shots,100,100,100,100,100,100,100,100,100,100
round_queries,100,300,1100,4900,21100,97700,471900,2358500,11933500,60208900
round_k,0,1,5,24,105,488,2359,11792,59667,301044
round_shots,200,100,100,100,100,100,100,100,100,100
round_queries,200,300,1100,4700,22300,108300,540900,2705500,13579900,68714300
round_k,0,1,5,23,111,541,2704,13527,67899,343571
round_shots,200,100,100,100,100,100,100,100,100,100
round_queries,200,300,700,2700,13300,66700,332900,1670300,8412100,42391100
round_k,0,1,3,13,66,333,1664,8351,42060,211955
round_shots,100,100,100,100,100,100,100,100,100,100
round_queries,100,300,700,2700,11500,52500,244700,1219300,6148300,31010700
round_k,0,1,3,13,57,262,1223,6096,30741,155053
round_shots,200,100,100,100,100,100,100,100,100,100
round_queries,200,300,700,2500,12100,57900,287700,1443700,7270300,36534100
round_k,0,1,3,12,60,289,1438,7218,36351,182670
round_shots,200,100,100,100,100,100,100,100,100,100
round_queries,200,300,1100,4500,22500,106500,533100,2669700,13412900,67997700
round_k,0,1,5,22,112,532,2665,13348,67064,339988
round_shots,100,100,100,100,100,100,100,100,100,100
round_queries,100,300,700,2900,14500,68100,332900,1672500,8379700,42756500
round_k,0,1,3,14,72,340,1664,8362,41898,213782
round_shots,200,100,100,100,100,100,100,100,100,100
round_queries,200,300,1100,4100,19100,93700,466100,2360700,11918300,60467900
round_k,0,1,5,20,95,468,2330,11803,59591,302339
round_shots,100,100,100,100,100,100,100,100,100,100
round_queries,100,300,1100,4500,21900,107300,534100,2670500,13501700,68321900
round_k,0,1,5,22,109,536,2670,13352,67508,341609
round_shots,200,100,100,100,100,100,100,100,100,100
round_queries,200,300,1100,4100,18300,86900,424900,2154100,10780300,54105900
round_k,0,1,5,20,91,434,2124,10770,53901,270529
round_shots,100,100,100,100,100,100,100,100,100
round_queries,100,500,1500,6300,31500,157500,780300,3920700,19708900
round_k,0,2,7,31,157,787,3901,19603,98544
round_shots,100,100,100,100,100,100,100,100,100
round_queries,100,300,1500,6700,29900,150700,755100,3816300,19269900
round_k,0,1,7,33,149,753,3775,19081,96349
round_shots,100,100,100,100,100,100,100,100,100,100
round_queries,100,300,700,2300,8900,42500,207900,1042500,5209300,26316700
round_k,0,1,3,11,44,212,1039,5212,26046,131583
round_shots,200,100,100,100,100,100,100,100,100
round_queries,200,500,1500,7100,32700,162300,819700,4120300,20882900
round_k,0,2,7,35,163,811,4098,20601,104414
round_shots,100,100,100,100,100,100,100,100,100,100
round_queries,100,300,1100,4500,21300,104500,526900,2665300,13463300,68264500
round_k,0,1,5,22,106,522,2634,13326,67316,341322
round_shots,200,100,100,100,100,100,100,100,100,100
round_queries,200,300,700,2300,10900,53500,256100,1292700,6542300,33211500
round_k,0,1,3,11,54,267,1280,6463,32711,166057
round_shots,200,100,100,100,100,100,100,100,100,100
round_queries,200,300,900,4500,20100,96300,475500,2381700,11979700,60774500
round_k,0,1,4,22,100,481,2377,11908,59898,303872
round_shots,300,100,100,100,100,100,100,100,100,100
round_queries,300,300,1100,4700,21700,108500,540700,2696500,13679700,69229300
round_k,0,1,5,23,108,542,2703,13482,68398,346146
round_shots,100,100,100,100,100,100,100,100,100,100
round_queries,100,300,1100,5100,24100,119100,584700,2940700,14861300,75274700
round_k,0,1,5,25,120,595,2923,14703,74306,376373
round_shots,100,100,100,100,100,100,100,100,100,100
round_queries,100,300,700,3300,14900,73900,372900,1857500,9303100,47115100
round_k,0,1,3,16,74,369,1864,9287,46515,235575
round_shots,100,100,100,100,100,100,100,100,100,100
round_queries,100,300,1100,4500,20700,96900,476700,2406300,12146100,61383900
round_k,0,1,5,22,103,484,2383,12031,60730,306919
round_shots,100,100,100,100,100,100,100,100,100,100
round_queries,100,300,1100,4100,18700,91900,443300,2222700,11236500,57016100
round_k,0,1,5,20,93,459,2216,11113,56182,285080
round_shots,200,100,100,100,100,100,100,100,100,100
round_queries,200,300,1100,3700,17500,85900,425300,2139300,10832300,54904100
round_k,0,1,5,18,87,429,2126,10696,54161,274520
round_shots,100,100,100,100,100,100,100,100,100,100
round_queries,100,300,1100,3700,16700,78100,395300,1989300,10032300,50909500
round_k,0,1,5,18,83,390,1976,9946,50161,254547
round_shots,200,100,100,100,100,100,100,100,100,100
round_queries,200,300,1100,5100,24100,118100,590300,2976700,15052900,76347900
round_k,0,1,5,25,120,590,2951,14883,75264,381739
round_shots,100,100,100,100,100,100,100,100,100,100
round_queries,100,300,1100,4700,20700,96900,485100,2456700,12411300,62882300
round_k,0,1,5,23,103,484,2425,12283,62056,314411
round_shots,100,100,100,100,100,100,100,100,100,100
round_queries,100,300,700,2900,13300,63700,316500,1590300,8026500,40717300
round_k,0,1,3,14,66,318,1582,7951,40132,203586
round_shots,100,100,100,100,100,100,100,100,100,100
round_queries,100,300,700,1900,7700,38500,188500,953500,4826100,24401500
round_k,0,1,3,9,38,192,942,4767,24130,122007
round_shots,200,100,100,100,100,100,100,100,100,100
round_queries,200,300,1100,3700,17500,80900,401300,2013300,10181300,51563900
round_k,0,1,5,18,87,404,2006,10066,50906,257819
round_shots,200,100,100,100,100,100,100,100,100
round_queries,200,300,1500,5900,29100,134900,673500,3408900,17225700
round_k,0,1,7,29,145,674,3367,17044,86128
round_shots,200,100,100,100,100,100,100,100,100,100
round_queries,200,300,1100,4100,17900,85700,427700,2149300,10784500,54473300
round_k,0,1,5,20,89,428,2138,10746,53922,272366
round_shots,200,100,100,100,100,100,100,100,100,100
round_queries,200,300,1100,4700,21900,107100,528100,2674500,13519900,68615500
round_k,0,1,5,23,109,535,2640,13372,67599,343077
round_shots,200,100,100,100,100,100,100,100,100,100
round_queries,200,300,700,1900,8900,40900,202900,1001700,5074100,25649100
round_k,0,1,3,9,44,204,1014,5008,25370,128245
round_shots,200,100,100,100,100,100,100,100,100,100
round_queries,200,300,1100,4500,20100,99500,496100,2478100,12584100,63695700
round_k,0,1,5,22,100,497,2480,12390,62920,318478
round_shots,100,100,100,100,100,100,100,100,100,100
round_queries,100,300,1100,4100,18900,90300,450300,2251500,11359700,57123500
round_k,0,1,5,20,94,451,2251,11257,56798,285617
round_shots,200,100,100,100,100,100,100,100,100,100
round_queries,200,300,1100,4900,23900,119100,590700,2987100,15036900,76185300
round_k,0,1,5,24,119,595,2953,14935,75184,380926
round_shots,100,100,100,100,100,100,100,100,100
round_queries,100,500,1900,9100,43900,214300,1060300,5314300,26941300
round_k,0,2,9,45,219,1071,5301,26571,134706
round_shots,200,100,100,100,100,100,100,100,100,100
round_queries,200,300,700,1900,8100,37300,188500,939900,4735300,23708900
round_k,0,1,3,9,40,186,942,4699,23676,118544
round_shots,200,100,100,100,100,100,100,100,100,100
round_queries,200,300,1100,4700,21100,103100,514500,2589900,13026100,66127900
round_k,0,1,5,23,105,515,2572,12949,65130,330639
round_shots,100,100,100,100,100,100,100,100,100,100
round_queries,100,300,1100,4500,20300,97100,485700,2442500,12327300,62285700
round_k,0,1,5,22,101,485,2428,12212,61636,311428
round_shots,200,100,100,100,100,100,100,100,100,100
round_queries,200,300,700,1900,8300,37900,185900,930300,4715900,23830100
round_k,0,1,3,9,41,189,929,4651,23579,119150
round_shots,200,100,100,100,100,100,100,100,100,100
round_queries,200,300,1100,4100,18100,86900,431500,2155500,10809300,54486900
round_k,0,1,5,20,90,434,2157,10777,54046,272434
round_shots,200,100,100,100,100,100,100,100,100,100
round_queries,200,300,1100,4500,21700,107300,530300,2635700,13304100,67261300
round_k,0,1,5,22,108,536,2651,13178,66520,336306
round_shots,200,100,100,100,100,100,100,100,100,100
round_queries,200,300,700,2900,11500,54700,268900,1329900,6723300,34063100
round_k,0,1,3,14,57,273,1344,6649,33616,170315
round_shots,100,100,100,100,100,100,100,100,100,100
round_queries,100,300,700,3300,13700,65700,317700,1597700,8082900,40716300
round_k,0,1,3,16,68,328,1588,7988,40414,203581
round_shots,200,100,100,100,100,100,100,100,100,100
round_queries,200,300,700,2900,12500,62500,311300,1573900,7952700,40256100
round_k,0,1,3,14,62,312,1556,7869,39763,201280
round_shots,100,100,100,100,100,100,100,100,100,100
round_queries,100,300,700,3300,15700,74700,369700,1863500,9412500,47752100
round_k,0,1,3,16,78,373,1848,9317,47062,238760
round_shots,200,100,100,100,100,100,100,100,100,100
round_queries,200,300,1100,3700,17100,81300,404900,2031100,10251700,51923900
round_k,0,1,5,18,85,406,2024,10155,51258,259619
round_shots,100,100,100,100,100,100,100,100,100,100
round_queries,100,300,700,3300,15700,74500,368700,1839900,9258100,46924700
round_k,0,1,3,16,78,372,1843,9199,46290,234623
round_shots,100,100,100,100,100,100,100,100,100,100
round_queries,100,300,1100,4300,19500,98300,489100,2359700,11912500,59951900
round_k,0,1,5,21,97,491,2445,11798,59562,299759
round_shots,100,100,100,100,100,100,100,100,100,100
round_queries,100,300,1100,4100,17900,84900,424300,2120700,10702900,54148300
round_k,0,1,5,20,89,424,2121,10603,53514,270741
round_shots,200,100,100,100,100,100,100,100,100,100
round_queries,200,300,700,1900,9300,44700,219100,1091700,5496500,27860900
round_k,0,1,3,9,46,223,1095,5458,27482,139304
round_shots,200,100,100,100,100,100,100,100,100,100
round_queries,200,300,1100,5100,23500,114900,568700,2832100,14356300,72820700
round_k,0,1,5,25,117,574,2843,14160,71781,364103
round_shots,100,100,100,100,100,100,100,100,100
round_queries,100,300,1500,5500,24500,122900,614500,3080900,15633100
round_k,0,1,7,27,122,614,3072,15404,78165
round_shots,100,100,100,100,100,100,100,100,100,100
round_queries,100,300,1100,4100,19100,90100,439900,2200500,11054300,56038500
round_k,0,1,5,20,95,450,2199,11002,55271,280192
round_shots,200,100,100,100,100,100,100,100,100,100
round_queries,200,300,1100,4500,21300,99700,486500,2453100,12393900,62519100
round_k,0,1,5,22,106,498,2432,12265,61969,312595
round_shots,100,100,100,100,100,100,100,100,100
round_queries,100,300,1100,5300,24500,121300,607700,3067900,15546900
round_k,0,1,5,26,122,606,3038,15339,77734
round_shots,100,100,100,100,100,100,100,100,100,100
round_queries,100,300,1100,4100,18900,91100,453300,2302100,11684100,58836900
round_k,0,1,5,20,94,455,2266,11510,58420,294184
