0.0001,0.006199999999999983,884600,884100,894300,264200,195300,841000,241100,808000,247900,197400,912500,248000,870700,803500,814000,236900,907600,245000,241700,213500,901700,244600,201300,190000,296800,774700,816200,237500,194600,222900,190700,270800,191600,867300,272500,871800,259000,220500,248000,209400,819400,197200,281200,251700,268200,251100,216300,944400,263300,285300,193200,908200,244400,887300,283500,312800,200200,205700,926500,895400,272200,212600,210600,814900,252600,274400,933700,225500,265400,243400,270800,199100,937800,187800,770900,838300,880200,881400,184000,263800,195900,923800,258700,192700,307700,212300,264500,188000,196300,244600,262500,947100,843400,239900,264400,197600,229900,215200,202900,951000,217700,190000,797500,847600,931000,187800,191200,934900,203200,204600,760900,852700,215900,227400,264700,183100,301500,223000,194300,302300,201600,195300,872000,195200,927100,832200,869300,188400,944100,188100,231600,280600,284100,834200,248000,185200,798500,954900,209400,929300,938500,189400,194200,254600,278100,203700,950500,255100,832300,782600,916100,249300,841100,203500,188600,199300,251100,209500,874200,905300,812800,827400,233600,196500,188400,194100,251300,862100,962100,186200,192900,255900,952300,191500,252400,227300,874600,955100,196900,890000,815700,264200,271500,196700,189000,280800,215800,254500,251700,215800,938400,271200,925900,192100,258100,799700,260000,200600,239900,244400,251300,184700,943400,190200,311800,256900,197300,806600,222300,242700,250000,241300,284700,195800,899200,898000,901200,893400,253300,195100,873500,908700,235500,826700,266800,259200,219900,235200,198500,231300,248300,257900,282000,285100,882900,194500,911300,884300,248700,250200,328600,190900,851400,264900,245700,184100,258000,931300,266400,231400,841200,227100,273600,204300,847300,940000,225000,856600,275800,210000,239200,893500,320000,281500,191200,187200,861200,202200,825900,245100,254800,862100,187600,213000,865800,188400,223100,265000,271300,284800,938200,252600,955100,791900,215600,196600,307100,194400,247500,259400,185600,241900,268900,188500,290400,267800,858000,229000,189500,917900,191900,202100,244800,278300,274400,255500,243700,211000,252800,189600,270900,202900,187500,861200,862000,279400,254700,254200,219100,327700,249400,916800,880100,949800,197500,248100,252300,254200,222400,263400,262300,928600,890800,189900,246400,242100,236600,185600,924300,919300,189000,277000,914900,241600,192800,319300,247300,243600,933600,250700,336300,788200,890400,264700,231800,198600,200600,794000,862900,191700,241300,795200,210500,916800,246200,185600,202500,248000,224800,249200,837600,240100,891900,930100,262100,185000,199500,884800,253400,221500,239200,929300,264900,912700,230100,278200,913000,234000,891700,186500,261900,356400,867600,279600,293300,781500,878000,255000,256200,832600,190600,219200,920700,214500,730900,228300,767400,193300,873800,899200,235000,193500,880200,276500,945100,934800,184900,193900,274800,913100,931600,262400,187200,183800,768500,913400,948800,253500,201700,854200,900300,815400,249900,247900,206600,847000,243500,798600,824000,206400,862700,871500,188600,199900,250800,242000,192000,919500,187700,243100,842600,874800,865100,261200,263800,243100,735700,242300,219300,212300,189800,312900,896100,199100,822700,249800,219500,887000,193600,301600,260400,861900,923600,200800,247900,221900,194900,208200,195000,212800,815900,942500,192100,188100,811900,274600,912500,217500,269100,940400,227800,253500,829000,245400,184200,197000,248900,940500,254700,242600,946300,841900,255300,943900,825700,903300,267200,236800,195900,887900,234200,827900,852000,233700,216500,945400,764800,936500,249600,838600,236600,946300,848700,246100,352900,901400,885500,885400,250900,192800,219200,210700,228100,186700,865000,331100,920000,183200,187000,898900,185800,185600,893600,258300,243600,287500,196600,365800,249100,958300,887300,257300,268000,253800,896800,244900,240500,415300,236700,260000,319000,209700,930200,911800,346600,822100,272500,250300,234600,902900,919600,275200,274500,273300,243000,271100,189000,233000,187800,269800,200100,779600,244900,955600,286000,249800,268500,929000,811400,402800,895400,233000,945400,230500,264900,831000,241900,191600,872300,289700,194600,229900,289600,234100,249600,247700,889800,194500,264700,887600,857100,190000,853800,825200,921900,196300,332000,273400,887000,843900,266600,857800,842000,962100,244800,903200,227400,273300,275400,239600,238800,209600,185700,925800,287400,938200,892000,241700,185700,202700,276300,254300,269000,191700,942300,255100,263900,274900,266700,220300,263300,888000,191300,192700,250600,852000,197200,311300,933900,204500,795900,212100,209700,221700,196100,895600,935000,785400,913500,315800,186500,811500,750700,267500,250500,258700,248400,249100,268000,225200,893900,901500,244800,848200,910900,226900,876900,259900,322600,198600,211600,253000,799700,951300,249200,937600,215600,896000,823100,198800,273400,261400,225400,252200,195200,270700,870500,194300,188200,305200,268000,194300,189700,192400,243000,190400,848000,198700,899400,248600,934300,943700,852000,925200,270200,889900,226300,260400,252900,867000,225200,855300,261900,255700,249200,246000,196100,918700,282700,194200,236900,918500,858200,184600,254500,205600,197500,232500,886400,798900,257400,185400,193500,247900,197300,825500,225300,953200,860400,937700,843500,184800,846800,940700,226800,224400,185800,255000,191600,206300,851400,776600,209500,893800,186400,201400,246900,222400,925900,284400,275600,765000,891500,898700,287300,228000,196500,944600,261500,227100,189400,296500,855600,282900,928900,228800,256400,186900,241800,893000,237300,850800,836300,962400,213100,188200,938600,200400,913800,944200,794800,196200,281100,185800,360400,868700,920200,213800,201300,208000,216900,271100,895500,854000,260000,192300,917000,330500,195700,193100,864200,241900,194400,189400,840700,247100,228800,187800,951400,229900,928400,781300,933600,184900,909500,235900,192700,241900,840400,912800,258400,278800,926900,244100,223400,874200,714100,309300,273100,243400,243700,927100,223800,252300,268200,242800,238700,926200,948700,916700,281100,286000,194200,937300,193900,905000,242800,183000,865300,248000,249900,825900,224700,278500,929400,229200,210100,859000,709100,260000,914200,862500,185300,205900,254500,286900,947500,810900,251800,198000,257400,252000,860900,215700,925200,818200,212100,832100,196700,296700,266300,192200,849900,323900,258900,276700,847300,922800,241000,248000,238500,196600,883800,250200,898000,262300,277800,836400,254900,257600,190900,837500,264100,206600,956100,250100,320000,826900,273800,225500,211300,211300,248000,200900,269600,901500,900100,244900,816300,823500,199000,245300,186400,254200,907200,259800,199000,278300,866100,939800,214800,251300,747700,842900,292000,249600,928600,900800,286200,856600,234100,254000,241500,292100,191200,186300,244500,320200,249000,941600,592400,210000,933300,844200,832500,261200,185300,192400,225700,866900,942100,276800,931000,264400,948900,189800,251100,758300,794600,248200,194300,237300,285300,933100,852800,216800,912900,211300,190000,227300,251800,239600,305700,844700,194500,900700,237200,203300,880400,282700,284400,192000,833300,860100,877300,265900,788200,265100,188600,191000,195400,192000,802300,207000,186200,192200,192400,236400,266000,833500,221600,190400,246200,858300,239100,946900,933000,242400,920000,840300,242100,265100,799600,185800,184200,206500,899300,819300,855700,269100,201200,237500,264900,230800,204700,254900,243900,260700,234800,198400,255100,931200,840100,204800,271800,812800,194900,919300,225900,903700,237500,909600,224100,198700,885800,193400,213400,870700,288300,946300,842400,336400,928200,880500,952900,246900,223300,328200,823600,196600,213700,199400,828400,200300,186800,948800,921800,946700,235200,186800,274700,246900,873000,185200,201300,270600,187400,276200,821400,904800,196000,280200,191600,202200,227700,230800,269700,246100,834300,953600,877500,832400,929600,281000,911900,285900,239700,266300,855600,266000,225000,267000,249000,265700,857600,261900,850400,892200,185000,212600,950800,900700,239400,851000,251300,256400,190700,233600,911300,897200,259500,946400,258500,570000,223800,899900,243500,185600,248900,899500,215500,239500,220700,945500,255000,251700,324800,212700,284600,191200,259500,187100,269800,904600,934700,234900,260200,192700,909500,939300,825000,226800,289200,956200,245400,273800,276700,196600,849300,186100,191600,200800,928000,268500,202800,252000,249000,264900,201100,230400,184400,232100,248500,819700,198900,892200,911700,359300,869700,944600,212500,194400,261600,835200,858300,185900,194900,274200,303800,895700,904300,939300,280800,198100,837600,195000,255100,943500,201300,878000,866600,231800,186300,192500,879000,253600,188000,866300,303400,952900,901300,817300,894800,938900,236900,239200,186800,871300,812600,930500,234600,939900,922800,239800,940400,885900,926400,932100,260900,203500,384000,195700,276500,246300,195500,925900,911000,870100,810900,889600,196700,848300,200000,891200,242200,920300,260000,813100,928600,263300,211500,242500,187100,224300,851000,265500,920000,860300,223000,189500,248700,198600,765700,186300,924200,946200,195700,855800,238000,278700,922000,242700,888800,910900,870600,859100,190600,194800,794900,235100,883600,260700,922000,863000,242300,188000,184800,944600,235700,244700,214200,910900,234100,922500,850100,210000,855400,243000,347600,901800,277100,834800,910700,889200,903000,223700,850400,949500,231500,189500,244800,950300,249900,826100,228400,200200,258000,191800,281600,198900,183300,250000,776800,199800,226100,847500,240700,221000,265600,901900,210100,269300,819700,242600,210100,844100,262700,230400,314400,196200,245700,197400,920300,924000,766100,196400,266900,265400,908300,897700,863500,297700,275800,236300,196300,238900,938900,913500,271100,188200,186800,829500,264000,858100,830600,254700,860100,198800,913000,200600,242100,257800,933900,869200,323800,229800,957600,199900,830400,195400,933100,190300,250100,193900,189500,267000,939600,926200,255900,903600,189900,236100,260500,357200,883900,258500,930600,185600,244100,191800,255700,218600,284000,195400,836900,936600,195700,266300,952100,282400,755900,809600,252800,930200,199600,194000,862200,902200,949900,907700,247400,828200,941600,241900,183600,225900,799500,922000,938200,241400,261300,271900,949400,197700,937900,879600,860400,950500,855900,203500,192100,825000,920800,251200,539800,869000,192500,802700,326800,254600,190100,282300,831300,245400,274000,852100,197200,189200,204700,321700,865200,951400,304300,238500,198000,184300,257100,218700,937200,186300,186900,828300,913800,852400,189400,925700,188400,195100,850200,250300,775000,914200,936500,286100,196300,841300,913800,252600,192000,770600,181600,227400,244200,236200,871000,265200,205800,247900,239100,277000,213900,185200,247600,873400,205600,852300,306300,250000,191900,864400,553600,920400,285100,902300,267300,936900,913000,197900,927300,860300,196700,852700,188000,201100,902000,803600,842800,834200,855300,251300,186900,944200,912500,862600,221300,192500,268900,942400,285600,824000,269700,948700,202400,193600,915800,862500,251300,289800,235000,278600,941000,915800,925800,950400,860000,937800,187800,251300,196300,757400,247000,223700,310000,910000,939900,903000,199200,891400,950600,798600,214000,233600,246400,921900,263500,184600,919100,897600,239900,265700,947500,192200,245700,856300,205200,840600,934800,263300,194000,921600,210700,263900,766100,316200,916600,363500,947800,265300,249100,946700,947500,844900,862300,188200,225700,198700,211600,210000,264300,190700,235500,214100,282800,271000,327000,253700,860200,267500,294400,278300,194600,247200,939600,199900,184300,248700,284100,231200,205600,195600,888300,284100,227900,192900,261600,206100,264000,231600,244600,194400,206700,190400,284000,918500,224700,205700,194400,202500,265900,191700,225400,276500,250800,189400,258900,289800,245200,186900,878600,268900,950200,248900,785900,284000,955700,224700,247600,961800,870000,251100,892400,227600,227500,232400,206200,192500,849500,858900,253900,220200,781700,187700,258800,229300,914200,869100,675700,215600,247300,195100,214800,780100,912500,221800,193400,824800,930900,189700,185500,197000,286000,262200,254200,187800,212600,922500,941200,883400,192600,221500,232300,318800,272700,239000,190700,192500,888600,193300,205400,203700,268900,184100,224700,939600,257600,192800,192500,908500,928000,267100,237700,239400,259600,184900,204500,257100,846400,226500,944200,255600,921600,223300,226700,257300,942000,927600,790300,188500,921500,194800,910000,249000,242200,840600,280500,186600,824800,890300,570700,246200,272900,238000,230800,184900,209400,236600,838800,845800,936300,949000,886500,219300,272200,924700,231000,249400,242400,853100,768600,315700,234800,836800,203300,810700,945400,242400,272000,260100,238000,820000,830600,298400,322200,229500,214900,904500,223300,934500,213500,885300,780700,252900,934900,238900,191300,185700,259300,888500,280200,841500,205000,930700,276400,194600,199900,265100,830000,188600,874100,258000,247100,912400,933300,928800,219200,239800,859600,251800,263600,255500,898400,780200,846300,937000,234900,891800,903600,194700,838900,936800,767300,267700,846900,263400,934200,255900,227800,243100,862300,226000,218500,869300,848800,188200,956300,320100,265800,754700,184400,940600,198900,189400,320100,841600,188400,273600,856000,905900,944900,845400,231400,816400,941900,203500,894000,821800,848300,250900,185700,239200,255900,193500,882100,231300,960900,787700,848800,295800,308100,894100,192500,327900,829200,192500,322200,262800,252500,189100,271700,260300,945800,906000,250700,240200,258800,231400,868300,196000,237400,249900,203000,267000,254000,265100,925000,296000,193100,881400,187700,920400,845100,193000,815000,213800,258600,270000,244700,262900,935500,266500,824800,920400,289600,279300,188100,322100,222300,259000,191600,189400,292500,876700,285700,248100,849600,861600,233000,208100,927100,248000,800800,242400,900300,278700,271900,263700,812100,193100,256700,920700,246300,187300,782000,913000,257500,279100,962900,880400,798100,938200,184900,230800,951400,237900,931100,947800,227700,204100,237200,184100,184300,193300,890200,865200,241300,255500,204200,207200,196500,249500,938600,191300,184600,197500,903800,920400,196400,927300,938800,924200,956700,213900,211300,248500,187300,250800,748600,187000,869900,185600,241500,949700,916800,222800,193700,184600,258300,910800,250800,184400,186100,205600,896000,919900,260300,185700,226000,948200,267100,834300,188900,789400,751500,224800,247200,868000,854600,533500,218800,196000,276200,930600,246900,880100,187600,937800,236500,272300,248100,892700,236900,778600,244100,247800,953400,258400,251700,851200,298200,923100,858700,903600,958500,204900,273600,860000,249500,257800,271300,188300,244200,904300,246700,185200,198000,830000,239000,867100,943000,214400,826500,232900,871700,195900,264400,923600,225000,915000,186900,357500,214500,225700,215200,846200,916900,241600,759100,911600,242100,216100,216900,233400,235100,187300,913400,836200,246700,219300,855900,840400,928200,775500,930600,199900,185300,265600,282400,932700,215400,217400,941200,217600,194600,870700,253600,240800,233100,186000,201400,204400,940600,247600,195900,921100,295600,202800,903000,840000,246400,301600,196500,897800,188700,246400,946100,846600,258100,244700,282600,189900,919000,871100,918900,847900,173500,287300,278900,183800,185500,902100,239600,909000,776800,194400,830200,254600,252400,219900,936100,190200,264700,222500,790700,214300,249100,252100,759300,254400,226900,194900,227600,205400,194900,239500,939300,277300,946500,256800,206600,776900,199900,186500,249100,257500,912800,215000,859100,234400,223200,904000,199700,274800,910400,267500,240500,261600,359100,265000,184300,865700,888900,248200,899500,192300,239600,922400,199500,877400,245200,765200,925800,195300,264100,254200,914300,197300,246700,927500,210700,879700,187700,189000,239100,904500,206800,248900,188400,199200,929500,912900,236500,219900,786200,193500,193300,187600,240300,296300,866300,264400,911100,947100,231000,279800,248500,279700,266600,274900,197800,254900,818800,297300,845100,913600,889800,185300,260700,309700,254500,870800,898600,259100,944600,824900,894000,763000,252700,888800,186300,273600,238800,191400,853500,195000,798700,842600,957900,956900,948200,194300,939600,189800,249100,421800,244100,257200,240000,904000,232900,191300,934900,237700,259000,945800,860500,235200,187100,852700,273500,301200,886400,211000,926800,834400,843800,256700,207500,892400,863300,282400,190300,265700,253300,891700,186800,198700,832500,285400,266400,208200,253000,857300,896000,195400,244300,189200,940000,872700,249400,923800,806600,261500,248900,282400,877000,193400,262700,887600,816500,185800,248100,211400,254600,844400,829400,913600,929800,247300,201300,218100,259100,848000,248000,308100,199300,271800,229600,864100,895200,207100,197000,923900,197200,895800,254200,186600,192100,200000,226700,326700,906000,249500,928100,252600,186200,266800,250300,324200,829400,230500,246300,267000,275600,221900,279700,231600,196500,207100,266400,186900,914600,279600,872100,256800,277400,197900,185800,852100,187400,201200,236400,852800,911200,195400,260600,247100,842600,256200,867500,249600,249700,311100,194500,202200,186700,198400,195600,782900,752800,863300,946500,846700,756900,211900,247700,908200,873900,252400,193000,921300,197200,782500,209600,928700,854800,197700,185900,921500,254700,258500,742000,274000,259900,807200,269300,830200,186300,186300,186200,199400,212800,186400,260100,199800,270000,192000,926600,913600,873900,306000,873500,238300,268000,931700,236800,883600,872900,912700,814200,257800,918100,950000,252200,304200,266500,248000,242400,212400,836400,262800,284000,873000,238000,190400,922500,200800,827000,827400,188900,257200,250900,227900,293700,901700,920000,282700,249500,214400,815600,240500,280400,845400,201600,190400,250100,266400,184900,268300,261700,189500,946000,823900,788200,197100,247000,247100,239000,383500,245100,191200,199000,861400,264600,935400,236100,204300,942900,833800,213100,940700,882700,326500,919600,868500,187300,269600,262700,276700,279400,902700,249900,334000,939700,189400,279000,259700,868300,236800,271000,943900,231400,846100,924100,282000,241000,248600,220500,245500,192400,224800,929800,186700,238500,189800,849200,263100,251000,755900,840500,275300,239300,219400,855100,275600,250000,921100,838000,241000,939000,219400,199500,915000,191700,828400,214000,252800,278700,257900,959500,256700,926200,256100,897100,197400,206800,944400,243100,891400,925900,824200,185700,255400,231500,249800,825300,210900,239600,263600,224100,231800,840500,247200,907200,268500,577600,243100,190600,848700,270400,934900,892800,827000,236400,747900,187100,914200,258200,295500,392100,187600,856400,275600,215300,184900,255300,827900,932300,227300,275000,197300,251400,187400,195700,831100,893600,325300,210600,225900,260700,244000,803100,875900,227200,267500,260500,928900,228500,198900,267600,936700,246000,221500,269700,296100,245300,885000,243500,215300,240100,936900,256300,251300,880000,247300,342400,839800,942500,868600,195300,244200,885600,248300,197800,870100,192700,860700,333800,861800,945600,281900,256300,921600,199800,246600,247300,206200,891200,193600,201900,835200,885100,255400,887100,186600,301800,890100,287700,952300,917000,257800,247000,242100,272900,780700,248000,271600,270800,847200,187400,862700,184800,185800,257700,885600,225500,261200,254500,202100,947300,186500,263700,296100,212600,931100,190100,234100,190300,248800,913600,193400,846100,948400,861600,738000,260100,879600,263700,842200,281400,244800,902300,921600,944600,270500,959000,245100,187900,908500,255100,920900,250600,242000,296800,195000,821400,309600,259700,198800,245900,176900,273200,257300,869700,194000,241100,223000,187000,860300,227100,909200,954800,243100,327100,201700,280000,237400,264200,186200,264400,196600,223600,878500,906300,780900,201300,227500,219500,236900,241100,190000,212000,190100,189600,189400,188800,895800,211200,193000,917200,221700,206700,756800,882000,275200,239500,195000,945600,934700,842800,845400,287300,206600,237500,200200,185900,942300,886800,189400,289300,182000,201200,246000,183900,954400,906600,189400,201000,207200,269700,196600,263900,227000,884100,206000,333000,841900,937600,911200,202600,184700,858000,701300,242800,910900,255900,936900,936800,811800,258400,863600,956100,238500,741700,305100,888900,909600,194200,559800,226800,935800,874400,794000,320900,185100,210100,818100,244100,916000,193800,957300,244400,238800,839800,200100,347400,242300,256600,881200,198700,920800,231100,229100,188500,267700,258300,259200,938700,245100,232200,872800,222700,842100,242400,246400,249300,276800,263000,186200,279700,271800,266100,324900,225400,255500,341600,257800,225100,245700,194100,858500,192700,185300,185700,266200,737200,193900,379800,263200,907200,949800,942700,202100,200700,733200,237200,294100,274500,856800,275300,925200,945400,811000,254700,188200,248300,192000,259100,947000,196000,230000,250300,254400,858900,945100,185600,953100,256100,843500,937600,924500,294400,253600,189500,778100,956200,274600,898100,201100,246000,207700,269500,198200,252200,284000,190000,956000,187800,199000,274300,211400,236300,184300,237400,194700,259200,184100,233400,771000,195300,216600,231700,884900,221500,200900,883300,194300,211300,205500,902200,800300,245900,215000,271900,197400,189200,248500,186800,195100,813700,945500,214700,188400,877600,273400,203200,185300,198100,188500,948700,240300,889500,842600,186500,223700,238300,951400,195700,262100,185500,249300,271600,252500,198200,841400,264700,277100,258500,312600,345400,768200,248500,195300,904200,197600,933500,271900,270300,233700,891600,187300,223300,243700,184500,249700,249300,258400,834200,244600,193900,956500,193900,266600,939100,923800,827900,202700,930900,190400,838400,272500,218300,282600,264600,196600,187800,187800,189600,224200,902400,836900,741700,211500,841400,935500,212400,844500,233000,252700,831300,916000,246500,205800,247600,960400,251200,277700,924400,247900,210100,194800,214900,264200,213900,213700,188100,226000,253500,954000,187500,264200,255000,189900,923000,963800,863800,190300,895700,830400,196500,317500,250400,191500,911200,203300,241400,929700,204300,225200,252100,893200,918100,202600,769800,917700,193300,881600,220100,868600,912300,295000,253100,254900,236300,920300,254900,251300,246800,279600,863500,902900,185900,261100,783700,250000,264100,212700,184500,856200,258400,872700,258700,939400,202600,265000,249100,939400,282300,279400,260700,837400,294800,270600,900100,903400,933200,280400,195500,857900,896900,238900,947000,241800,195300,268500,300400,225700,221900,201100,932200,944200,259300,841900,257100,263000,263200,188500,406700,211300,260400,184300,247100,251100,189200,836700,220300,246100,191800,258800,245000,853200,952900,868300,253500,286500,196700,260300,266800,185600,910600,263900,863500,192300,869400,238100,195800,929900,949700,250600,252200,836000,930400,234500,873900,194500,818600,938100,885600,192400,241200,945800,196200,192400,835000,869500,210000,216100,197400,928700,922200,939800,250600,252600,816000,261700,862400,288800,249100,252600,922800,281700,192000,197200,189100,250100,214100,264200,259800,279900,831100,807300,265800,949300,239900,184400,250700,784300,188000,296000,195400,927900,240700,188500,275200,257900,189400,259200,803500,239600,868000,923400,749400,261600,835300,258400,194900,850300,270800,213600,878500,211200,252500,957000,262900,241600,939600,230500,935700,245700,187400,900100,226200,254700,920200,945500,775300,188200,241500,870500,188500,940600,260100,258500,258800,202700,253200,923500,954500,197600,185800,932600,290700,917300,915200,946100,216600,185500,233700,239600,811000,881900,272700,867000,225100,237200,245800,271100,201500,278600,834200,843500,855900,269700,959900,228900,290900,846200,269700,914200,197100,931500,208500,258400,185200,192900,776500,785600,933200,204700,270500,270300,290900,259300,205200,789700,815800,237000,199700,835100,953600,202800,741800,199900,868800,272100,271200,253500,850100,189500,272600,948300,197600,221000,913500,230400,257000,238500,187700,198900,239500,191000,918300,248100,837300,229800,872600,262100,210900,265400,870000,287500,227500,224700,237100,760200,225800,190400,252600,939200,187100,200800,287700,184100,199100,865500,192800,183800,202900,190400,302500,276000,942100,185400,251300,876000,262800,251500,196600,949700,903300,850200,241600,195700,182800,875300,939600,268700,949000,195200,938100,239700,257300,192400,228400,906100,252300,759600,211900,955600,246200,262500,918400,851100,188300,903400,912100,907900,190300,223600,940900,290800,203200,294700,936800,188900,257300,267400,926500,822500,186400,925300,880500,255200,235600,194300,916600,185400,189600,952200,229600,243200,193100,856500,244500,257800,241800,688600,293300,922700,196800,191600,185300,936200,935500,244300,233900,269200,238100,195200,243900,188000,186200,920000,230700,189400,207600,940700,252700,187200,944400,279700,206600,215200,265300,261700,838900,242000,943300,193000,263200,206300,244400,242500,881300,243400,205100,184300,738100,921300,265700,240000,842100,861900,211300,195200,300000,915400,263700,239800,265500,285300,198600,880000,873700,229700,228700,923100,936200,192400,283700,892400,326100,222100,243500,238600,881200,255000,937800,860200,228300,188300,259900,901100,228900,721600,260500,279200,876100,241700,836300,186400,820000,837700,252900,290500,924400,931900,953300,919900,314100,188100,275800,185500,221900,196300,789400,914100,229000,186200,245900,200200,185000,185400,888200,199100,820500,240500,841500,190900,828400,849000,936600,849700,186300,957400,190400,933900,241300,185600,936800,255200,949000,189200,182500,266000,222800,190100,184700,638400,200800,224300,195300,253800,911300,944800,838800,185300,538600,947900,927100,252600,275600,920900,825600,236300,232800,895500,864900,923000,264300,211100,915100,307700,259500,193100,203400,213000,819900,200400,957400,229300,197700,238000,237200,187500,825000,409100,275400,192500,933800,231400,246500,263900,256400,198300,272900,503900,910400,947800,250400,223100,854600,229300,217900,891000,208600,199600,862600,948800,221800,898800,854800,248000,202800,913100,877800,775100,925100,193500,867200,208400,813200,879400,188700,905000,933700,894000,830200,800200,250900,247700,296700,196000,889700,317000,237800,884100,911100,903800,186700,950200,191000,611600,901600,854900,194900,281100,271400,295300,832200,238100,227000,191700,881400,265800,244200,196200,928100,884400,231100,230700,199600,895500,187300,913300,251900,863100,249500,188800,238000,185500,228100,912800,824400,908200,272600,193100,190000,854700,282700,281900,199900,186100,946400,211300,850600,937100,892700,941000,185200,859200,197200,251800,926300,200500,281100,259800,896000,941000,879300,846600,821800,929200,191200,955000,272300,229700,188500,956800,194800,189400,925300,939900,261200,872300,938300,187300,915400,239300,248100,189400,238300,272300,202200,945500,939100,219100,272700,267800,325100,263000,255600,880600,798600,939700,196000,284100,853500,958800,194700,187700,200000,877000,838800,271400,295600,240100,225000,263500,905100,186500,268600,212900,848900,301000,944800,214300,811000,263400,289900,191500,947700,249400,247600,258500,203900,274200,919000,224200,841600,223200,865000,274800,262300,958400,236800,235600,932200,194200,889500,245500,190500,922500,247400,263500,246300,363000,192400,198700,283300,836600,198600,244900,889300,256700,245200,946600,300700,245000,221300,197100,927900,246300,271500,197500,281900,248600,248100,246600,217100,929700,928100,938400,923100,284900,904300,215200,199400,780400,850900,235400,289200,927200,196600,874800,904900,934400,243400,730700,559000,785800,947000,188800,233600,908400,912000,922200,909100,189100,767800,244900,917800,824900,887000,198400,829900,193900,852000,238100,295500,266500,917800,785300,283400,208500,196100,188400,951100,247500,184900,915400,266100,948800,889500,245700,286700,252500,195000,274900,310000,254600,288500,267800,249200,187100,199000,780200,910400,195300,193600,246200,907700,189600,941400,186100,827000,237000,293600,268900,213700,269200,184800,199600,755600,859200,190500,233800,860800,249700,933800,187500,249600,827200,194300,849100,937800,199700,254200,286100,819700,827400,946100,254700,185500,192900,258100,747700,193300,662500,191500,192600,871400,236900,184300,196300,183900,268800,225400,275600,894800,262400,934300,895800,233800,210700,926700,242900,219700,334400,904400,827600,947800,248900,238200,295000,756400,265200,958400,851900,857000,909500,193600,234400,191100,355200,268100,203800,253200,918000,945200,321600,897900,262900,949700,934600,928200,194600,249700,899200,196900,284900,724600,914700,192600,909000,817700,201000,280500,916400,895800,847500,189800,189700,218900,187300,286100,942200,224100,198100,244900,752900,249300,195700,193100,945400,841600,192900,243700,906000,921100,189100,874900,238500,847000,194500,268100,862600,208100,830100,227100,238600,213200,770500,208300,248300,257100,531900,267300,952200,273800,767800,235700,269300,274700,184600,219900,186900,183400,853900,226800,290700,192500,262100,230900,241100,909100,196400,188600,886600,231100,946800,722500,950100,328100,206500,948200,248300,824500,840400,184700,903100,824700,924100,269800,262900,758000,226700,933100,189100,193900,906200,233200,265000,941400,189000,330400,250300,199500,220500,828400,253000,247400,883300,924000,253600,261500,803200,185000,232500,867800,908800,242100,187300,792800,936000,188700,945600,278600,206000,593700,262900,263800,198500,193200,252700,782400,264800,951800,868800,258200,195800,239300,948100,869400,893200,248500,186600,820300,265000,285900,191400,194500,193300,831500,256800,317000,243700,939500,802700,929100,272100,931200,238300,281100,262900,772200,197100,856900,194500,198400,847900,872200,861400,270700,242600,265800,898400,283700,260100,952900,231300,774700,887500,249300,911500,187700,219500,231500,242600,906400,190500,884400,279400,253600,901400,350400,929400,957700,829700,300700,257900,874300,279700,187900,192700,189400,268600,336700,872200,924000,249100,306000,826600,899200,258500,798600,836800,910300,259700,939900,187300,256500,873900,185000,895600,945900,811800,186100,782000,185300,933600,202300,247000,938900,219800,266800,840400,282100,826200,941700,244400,201700,210600,844100,269200,275900,265000,835700,260100,200700,944400,263700,881300,868900,920300,276400,848900,872000,197900,258900,922500,209700,936000,192900,218800,233000,236000,878300,932400,255300,198800,230600,930600,945300,868500,252400,255500,238100,262800,191500,188900,852200,244000,924000,891300,822900,242000,246600,244900,199800,922600,195800,892600,946500,260700,188000,252500,921900,932100,909700,864300,256000,190700,217000,939400,197000,261500,283800,246100,277000,272000,847400,871400,925600,940800,925600,766400,202700,882100,957800,229000,744000,919400,247400,878900,794800,236200,901400,887000,264800,192600,191000,224800,841500,279500,902500,188600,196900,812800,196100,884200,851200,227200,230600,235700,189100,240400,264800,843800,254700,936300,875300,238300,241900,187400,225900,257600,257800,241700,196700,222600,260700,242600,533100,262600,267800,227500,893000,924200,763800,953300,871400,205100,824600,203800,913000,188100,913900,247000,938700,246500,809600,262100,904300,190500,196100,260000,957300,930900,193200,883900,193800,237300,190700,946800,213100,245800,953600,267400,899600,857700,919800,242700,189100,895500,258100,187600,764900,245700,766200,922000,942100,882200,947400,245200,192200,196300,184900,947200,185700,228200,794300,238900,191500,893400,193400,927000,929400,242500,195300,266200,265100,934300,230400,280400,264400,189900,729200,242500,807500,209100,854000,272000,249500,189500,243700,874400,953200,238100,263600,268300,193700,198300,602200,227800,262100,893100,930000,192100,240500,942400,189000,279200,918500,818900,196000,268900,239500,195900,274200,859900,260100,200300,245300,188800,854700,249700,272800,275700,266800,239100,241700,834600,232900,235100,786200,185200,923100,965800,269000,198200,952100,225800,805900,195800,921100,199300,271400,947500,216000,190200,254000,946300,901100,878600,202100,190900,228900,224500,248400,891500,756700,190500,942300,921400,259500,221000,237400,924900,189900,228700,239900,265100,294700,277100,856400,936200,260000,192100,239100,801600,882700,233500,877500,242100,183700,251800,207000,257900,270000,876500,925100,240800,247100,846000,263900,844300,301800,190600,907800,233900,237800,186100,194000,926200,241600,190200,261600,187500,915900,249000,824500,939700,914100,913700,218100,281600,935200,218300,872900,232500,198000,253500,280900,860000,262900,247900,236200,227500,267800,189400,826400,191200,830300,266900,227400,902300,199800,211800,934600,816100,187600,876800,852600,873200,863000,199700,214300,306000,575000,204200,207600,917400,854900,853400,950800,223900,954100,187200,214900,820700,191500,952300,872300,247700,194800,191900,834800,260200,222900,185800,908000,940800,245600,194900,939100,905200,866100,948500,900500,188600,189200,240100,202800,817400,915900,903800,824700,284300,251600,943600,944400,197300,241600,198800,306800,864700,922400,276000,190900,255700,938300,879900,953300,223600,922500,271200,216200,201500,226400,243900,915700,930400,260800,191200,249300,187300,949000,931300,190900,187300,879600,190400,228100,901600,896800,880100,231400,851100,937500,250400,225900,197000,267100,199900,273700,918800,256400,946600,937800,190400,911200,199400,209600,948900,225500,838600,272200,242700,189900,226800,237400,196200,732600,883200,874700,820500,959200,925400,248000,241300,949300,185200,777700,216000,235000,831200,257700,188600,228500,878900,338600,188600,876100,245800,267500,272300,215600,933600,210000,337500,858900,920100,247200,260000,284000,201700,203800,305600,295200,193500,863500,929000,188100,242800,274300,261300,219600,261600,214300,201500,252100,226400,241100,269700,223400,264100,192600,209400,934400,212300,197700,185300,184500,814200,187400,307800,199600,197100,268800,912600,231100,190700,903000,244100,241800,286400,906100,913100,253600,836400,284100,262300,234200,186100,935200,186400,927400,233500,246700,330600,183300,846200,773300,202500,941100,932600,920000,259900,941100,845100,852700,343000,783900,189800,247400,931200,287500,256700,194800,929700,869300,266100,270700,959600,196900,258100,206700,924400,230800,254800,222900,299600,212800,201400,263500,932600,232400,942800,827300,233900,940900,219500,845800,256400,833800,191800,873300,200400,194400,249700,246400,252700,813300,903100,280000,848900,184300,193300,193700,271500,854900,185800,875800,904300,887900,265800,197000,259700,216300,929100,194700,249900,825700,805600,184600,878600,188200,815600,193300,895800,290600,235000,193000,303600,182500,859800,262400,269100,190400,252500,930700,907200,187400,183100,239100,191300,576600,291500,233500,700400,251000,929400,278300,872500,278600,230800,283900,832000,335000,228000,238100,227200,520100,317500,255200,306600,231300,927200,259300,188900,194000,883800,244500,200100,261400,200400,849000,853900,921800,188000,893200,199600,256100,892800,231200,917000,197900,237400,256600,894000,238300,258600,922400,920100,246100,830300,951500,223200,289500,902800,193800,938900,189900,304200,232300,909100,821500,265500,921100,300200,274200,246900,880000,244300,903800,186700,867800,922300,201900,832400,784800,946700,191700,204900,214400,830400,820100,191700,940400,894300,234700,924300,196500,237100,872000,267000,240900,195900,186600,185900,265000,228400,905900,202400,865300,808700,233700,905500,191100,857500,196500,916800,265600,409000,839800,938900,189000,188700,252600,196100,857700,899900,215600,185500,242000,238000,907800,201900,204500,259500,865300,362500,940500,261800,242500,205800,225700,882200,249300,812600,191900,265300,915100,224700,306400,940700,846200,939700,185400,247300,185400,193600,917500,917600,188500,859800,848400,205300,246800,187100,947800,265800,290200,274300,950600,886500,781100,345300,192400,864400,243500,789200,239300,908200,230000,195100,779000,786900,206200,203300,242400,245700,187400,282200,867900,207500,930800,946900,263300,242400,187800,286400,188800,184300,824100,883400,876400,876400,250300,832900,251900,907100,265800,254500,287600,279900,916600,956900,909800,244500,257300,207500,733000,918000,870600,287300,190800,892700,220100,195600,219100,249400,264500,929700,230800,259500,856800,245300,886000,867700,213100,192600,937600,250500,240600,931100,184800,280200,913000,882400,878800,258600,185500,328900,194700,795700,946700,908200,188600,293400,184600,192700,906900,855800,229100,195000,227500,915600,859300,195500,927600,793500,247000,231900,205000,196500,274100,227600,242000,253900,870200,244100,243700,192700,261100,872500,261800,934100,197200,258200,273900,239800,891000,911500,186800,210600,196000,798800,188200,223600,244900,315200,863500,270300,308500,235100,212900,905600,246900,248200,912100,215400,200300,220100,828400,244600,946300,890500,223600,243500,190300,185600,864100,940100,237900,894000,187300,186400,193900,250500,228800,236000,885600,855200,864400,257100,291000,272100,309600,186100,252200,914900,249400,770000,752400,255300,253300,829500,273900,185900,839200,926400,196000,303900,867900,938900,256800,263800,891600,228800,184400,269300,910900,908000,716900,256500,934400,231400,950200,284000,917600,240700,905400,233000,194500,220400,279200,289000,215200,184300,187800,847300,242000,918800,900600,197100,876200,280900,202600,776900,188600,250800,289900,186900,219800,246300,251600,197900,205000,231700,914100,193500,898500,213400,265000,834200,843900,937700,260000,252200,900300,184800,767900,196800,195600,906000,841700,327600,225400,920000,201400,274200,187400,244500,304300,904200,191200,229600,295100,192400,306100,938900,199800,214400,346800,277900,284700,907500,198400,192400,851100,227300,188800,199200,251300,306300,179700,236900,192100,210600,282600,269100,943600,249500,905800,950200,942900,225100,947900,210100,246000,932300,930000,273800,208600,184600,256600,830400,217800,819600,189100,222100,845800,253500,225400,261300,251000,187700,263200,187100,831200,187900,188500,923800,291400,185200,270400,261500,214200,903900,917200,252400,934700,247900,885900,193400,215300,855100,212100,294200,897000,922400,273100,268700,222700,887800,254100,250500,924000,931100,189700,199800,249800,247800,190900,872300,276500,188200,191000,239800,925700,200300,921200,189600,196400,256900,193700,861400,236100,260900,918200,876600,236600,261700,270900,215100,208900,895200,239500,329700,940600,939500,239400,252800,201100,871500,952900,190300,856400,189000,185100,922300,211300,869000,322100,895500,268700,184900,237600,814500,963600,855500,255400,905900,254500,241200,245300,263400,944300,200100,184700,196800,288800,202500,573800,945700,201000,946300,850600,247100,187800,259300,945600,837200,928000,246700,935300,886900,247500,926400,206800,902400,220400,269100,259700,185800,819400,278400,902800,186200,954200,270800,262000,256700,268900,273600,246800,695800,867200,235300,193100,189200,346700,918600,203900,185700,919500,186400,188800,219500,935900,270900,907200,292700,228900,845200,258500,836100,937300,230600,279800,229700,185600,771400,896300,253100,190900,263700,209900,784400,233500,958400,287900,870900,820500,931600,214300,291100,949200,942800,666300,255800,271200,850800,244600,912800,923700,250900,841900,223600,228300,840200,785800,185300,200100,192600,328300,235400,236100,919200,186500,204900,190900,939800,209300,183400,930600,199700,278000,916600,249300,931800,877900,862400,246800,913300,809700,193900,258400,249600,928700,913600,191400,253300,194300,208300,217100,184200,397300,233400,913500,196500,869800,944300,774000,201400,246800,900100,254900,268300,204800,935900,243800,263300,195100,202200,185100,949700,268300,188300,873500,903300,261800,910600,247300,313000,204500,299600,267500,203500,188700,242400,849800,868500,922600,216200,252900,922400,185600,895300,263600,933500,188800,944000,282600,212200,196400,950600,236200,262200,197500,211000,187000,263600,878500,234700,838900,295600,266100,800500,842800,189600,233100,207600,336600,897900,255600,258200,769100,871200,186300,257900,196800,951400,904600,250000,264700,320000,236800,202500,928400,873000,186900,205600,306300,926400,246900,186700,881300,901500,191900,191100,232600,231300,945800,239800,187900,927600,951700,951700,953200,196200,814700,908200,258300,814200,817000,807900,218200,912800,246100,268300,189700,877800,307700,939200,228300,900900,784000,953700,199400,917500,194900,835000,264400,941200,939300,198000,241700,196000,218400,239500,828300,226900,198600,265200,835300,266600,876700,184900,231300,190000,194900,230500,240900,280200,224500,240500,832600,247700,277000,320900,188600,945200,833400,240400,265200,266500,943500,238300,248200,240000,810500,191500,930100,278200,284300,192100,286100,275900,285100,892500,909500,186100,881700,295200,866500,912900,871500,197900,218700,237200,241800,284500,271900,347200,247000,905700,251500,810500,231700,955500,255700,254300,191400,900800,958300,900200,268500,200400,844200,240900,189200,247600,949900,234500,841200,918600,212600,903300,904100,844800,929500,196300,950900,237900,190000,185200,228500,267700,318800,271600,192700,910500,921300,324200,199800,186900,948000,882800,920100,282500,952700,792500,225600,867800,253500,199100,235100,928600,875800,285800,274300,183900,829600,190300,270500,276400,267900,832900,773300,264100,226400,830300,241400,261500,898100,247900,225500,277300,205600,688400,258600,751900,910000,202600,239100,205300,928900,248800,949500,242200,262400,229400,197600,192900,246700,872100,828000,922400,200300,246600,896100,212200,244300,867700,864700,250800,235600,757700,248700,241200,210400,932900,248700,944600,823600,199600,202200,291400,837400,953800,188700,835000,245000,228400,873700,184300,892800,199900,896200,263500,866300,193400,907000,250800,240500,233900,954400,227400,245400,716000,193200,924000,206100,848000,280900,243100,183400,197900,251600,197000,864500,190100,242100,285000,833800,230400,199600,264100,879500,889300,323000,225700,322600,212900,873800,228400,193000,192800,884800,905600,189600,246200,188700,933900,189400,849300,273800,246100,197000,190300,696700,195800,189200,868100,869300,209000,954400,260700,949600,252600,196400,828700,935500,196800,823700,260600,258500,224500,946800,235400,778100,275900,277900,248900,218600,280400,207100,840200,250000,255300,190900,758100,261300,231900,237500,790700,924000,197200,848700,209500,224200,186600,234200,242400,905500,200900,848100,254500,943800,891400,186000,272700,249400,733200,870000,817700,919400,883400,872400,244900,862500,195200,209200,910700,195000,234000,932900,262500,189300,197000,193400,240700,210900,922700,254100,905900,930700,210500,845000,280400,325700,248600,197900,836000,235500,285900,270100,950700,270800,241500,843200,228900,190800,299100,249000,914200,220100,198200,221200,183900,920700,249900,280700,192900,189000,194700,281000,843200,957500,846400,317600,835300,226500,189100,208900,193400,307000,891600,245800,303200,910800,945800,883700,945300,879100,926100,232000,196200,859400,256800,261400,244500,964500,187100,191900,941700,261400,340100,917000,195300,223700,242700,281200,203000,187900,226700,268900,259700,258400,943200,269000,821400,229700,262700,242900,197600,872800,261200,197800,324000,187300,881600,251900,845800,652500,253100,227800,197900,843300,278500,812800,187000,853100,190600,922100,242200,199000,329300,194000,908000,191700,747300,196100,262800,310000,198800,224200,191100,280500,893500,257600,812300,926600,866500,265600,757300,201800,876100,193000,198300,261400,290400,784000,190500,862300,198700,254100,902700,247000,194100,232000,199800,919100,251600,280100,948100,239400,192900,247300,198700,955500,184100,255900,193900,709600,259600,185000,194800,278000,270700,195800,229900,190800,948600,189700,854000,200500,187500,191400,276900,829600,289600,196300,929700,267400,215000,285700,191400,186900,864200,228100,933600,191400,243600,195900,913600,191300,192500,190000,901800,204400,291800,197200,185100,294000,952500,829500,239700,199500,886900,250200,847700,205600,243200,923300,927000,915800,187900,248700,249200,914300,247300,885200,921700,290900,196900,252000,291400,783000,248400,188600,193700,265700,193200,262100,900500,261600,805400,906300,913000,260800,859100,928100,855700,795700,860100,277100,249200,184200,272900,884600,266500,227200,201200,821400,270800,853800,218700,365800,195200,858600,239900,241600,186200,292000,921300,843100,187600,244100,285400,219600,210000,839500,832300,185100,203600,303400,769400,865600,955400,841600,913600,919100,841300,197400,263500,250500,827200,194700,251500,906900,252000,195600,257300,341300,193500,897100,186800,898000,885700,838100,187500,776100,952600,247500,274300,184300,194700,954400,241100,259900,241900,229700,190600,227900,891500,792300,248800,842500,930500,908100,237500,262300,241200,203900,211500,186600,347500,946800,238200,206900,185200,236800,828200,190400,870600,201100,193300,221100,806100,237200,881100,268500,283900,244100,213400,197400,216500,279200,205500,200000,954800,851200,240000,902600,908100,833400,945100,846100,201900,245700,249200,237800,253500,207600,218900,777500,758500,294500,192000,193700,186800,261800,189000,914200,255900,204700,889100,225400,187700,249400,926600,864200,184100,186100,187900,863500,839600,209200,856800,189000,230600,244000,187100,252300,950500,200000,188500,836400,271100,925400,862800,187500,779200,254600,271100,192900,240100,576800,231700,200900,198400,251900,188800,877500,866600,563000,834400,262100,238000,327100,850400,272000,210500,242300,254500,198600,265000,246600,186900,918200,219500,288400,894300,853900,237400,280000,227300,773800,885900,206000,195500,203400,215700,901100,302400,275700,906000,238100,197300,195900,937300,860300,248400,266400,912200,909000,756900,311700,195700,245400,855200,259800,184600,205000,855400,243400,260800,190000,241400,197300,192300,266900,248500,279200,848600,262800,266700,195800,245000,277200,237100,878800,265300,957100,203900,252700,905700,187100,270500,941500,202400,915800,275100,206000,212900,942600,185800,811100,307100,876900,934600,184500,293900,255200,873400,230500,244400,911200,282700,922000,831300,836000,276700,853100,249900,222700,243800,194500,271700,322400,266000,267700,949200,799000,882400,196000,190500,250300,250800,931700,287400,877900,194400,255900,901500,199500,252900,252900,313600,294400,184600,843800,280400,934300,225000,189500,192500,938300,260000,252200,248900,813000,190600,245600,264200,941000,189100,275800,229700,361600,285400,849700,920600,224300,739300,190200,258000,859500,229800,264900,936500,901400,251700,183900,190200,301300,224500,251800,328300,926700,269600,894600,254300,918400,932200,834900,842200,186900,252100,258200,253900,257500,934000,202300,190700,782200,248900,195100,340200,212700,774800,195600,192900,821300,237400,237100,907600,223800,245600,952300,829400,931200,906000,234000,202000,919700,295400,907800,893000,950300,271700,195400,191400,263800,941700,824300,300800,858300,237200,915400,196000,880900,909000,937200,204500,252700,189800,253100,186900,908000,893300,919900,751300,896100,195100,191100,233500,187100,944100,192400,267300,193000,201700,331400,905600,246500,846100,284800,234900,215900,915200,939000,274000,894300,285000,902700,231500,774900,841500,861700,941100,206400,826900,222900,191300,888000,200400,191400,929200,261700,197100,764300,872800,946200,853300,792500,245300,907400,191500,931900,254800,245500,824300,282600,198400,194500,193100,193400,199700,856300,260500,898300,323300,941900,270900,278900,203600,252000,198600,197600,912300,254500,838000,230600,269800,242000,249900,869800,920100,930000,189900,298700,836000,186100,186400,247800,197700,246100,251500,233000,250100,901500,235700,903000,904300,261100,194000,249500,256200,246500,917700,942100,282800,926800,190300,952500,261300,937800,231500,958300,294100,901400,188300,253000,187700,821100,950800,281100,237300,257000,874800,331100,243100,268400,226400,238200,931000,264100,300900,928600,252200,247700,308900,269800,185100,244000,189700,301200,186100,255300,197200,198100,250200,954600,211900,252400,206300,940800,330600,819900,928400,208700,938700,910300,874500,229200,899800,194200,905100,250800,235100,284700,250600,202300,254300,203400,228100,189300,868700,949900,239100,241900,290300,912500,897400,362300,829000,234700,841700,254600,837500,268900,776400,210600,895400,197100,246800,258800,205500,899800,199000,862800,801800,245100,220300,933100,252600,225700,212400,937200,829500,861700,198200,240100,238300,905200,891100,186800,215100,886500,197100,743400,870900,252700,915000,285200,255400,242100,821400,940300,333900,224800,233500,915800,262400,210900,878500,259300,860100,198300,278600,888900,889200,728200,910000,204600,191300,186400,895200,274300,249400,247900,184500,762600,259900,291600,250700,241900,196900,247600,757200,735400,265000,185000,201300,194600,938200,223400,199900,803800,266800,936100,240300,187100,201500,957900,915600,845100,238500,918700,898700,939700,218000,251200,246900,302000,925400,184800,268500,190600,252700,242500,929800,237400,859000,294600,260300,246900,227800,258000,940700,197200,256300,189500,250800,245100,226900,190700,234400,824800,894100,881600,262100,253200,257700,944100,271000,192400,804300,229000,204000,815000,743200,506300,259100,212600,191600,282700,239100,890500,265000,951300,233200,946200,191300,225700,856400,797100,198600,934700,185400,936300,255900,952800,253700,207300,888000,878500,820600,833800,197400,188900,256600,242300,239200,215200,210500,280300,191000,914900,257500,220500,190200,836200,905300,926900,293500,236900,238300,898800,243500,229200,915000,208900,921100,194400,254000,897000,891900,907900,253900,195300,186500,869400,287500,828100,191900,251300,239100,194400,191900,262400,242500,197600,265000,921900,189000,835900,860800,859200,809600,957700,234600,261100,249200,212500,229000,204800,236900,887000,885000,871300,890900,192100,914500,941200,238200,896900,199100,221500,186500,898800,344100,196400,192900,930600,194000,228600,201700,297500,890800,388100,197000,305200,245500,263200,243800,251400,818900,894400,227000,909700,235500,228500,880200,219600,256600,195500,263500,519800,233600,187000,224900,885300,184900,190200,798500,191000,941700,199900,259900,190000,215100,775100,260600,263300,912900,898200,897900,277400,923600,838500,265800,938000,837200,251500,954800,247200,869100,251400,265200,905500,868500,212100,209800,916500,270600,263000,225300,198300,242700,181800,267400,348800,917500,286600,242200,277700,260800,803500,191700,209700,188100,835500,267900,874400,208300,888300,194400,256200,833600,197800,200100,955400,196800,883600,779100,199700,187700,755200,915500,258500,897800,775800,187800,237500,245900,193900,923500,293300,929200,202900,758700,260100,223900,187600,912000,260200,276700,188300,194700,280400,281800,188300,262700,862500,869600,838300,195900,276700,239300,246800,302800,236700,239700,915900,233100,222600,237000,955800,871500,865700,195400,218500,282900,851000,822200,196500,249300,231600,956700,758000,257900,249000,213400,892100,263600,221200,228300,874100,259500,286700,854900,200200,908500,887200,890100,207500,260100,866100,878000,258100,186600,867700,188400,200700,225800,294800,237400,231300,238300,250600,184800,828200,244000,185800,196800,203200,881200,297300,193400,187800,868700,865400,897800,909700,277800,222000,918700,957100,755700,789600,910400,932300,950400,244400,195300,875400,206600,243800,937100,243900,886100,238400,318100,908400,200100,924800,199300,766400,198100,186900,810600,184700,928400,923300,247800,249900,829600,943700,266100,259700,879100,926100,253600,854500,229900,189200,835600,265800,252600,269800,205400,267400,189300,241200,272100,257300,910800,198600,260300,203300,196200,901000,223400,223500,186000,784700,208700,906200,929100,953400,259400,240000,914700,901600,222600,265200,210000,203700,245200,226400,246500,945100,938800,243500,226900,191900,184200,277900,910400,202500,921500,921900,249500,191000,195100,241500,276700,941100,247800,908400,229100,270500,251700,848800,242800,290300,878700,881900,823400,201200,857900,246200,855700,843400,851600,203100,186300,858500,261800,289300,198400,839100,207000,242600,242800,200100,256200,189100,250100,262300,886300,235600,220200,960500,250400,947500,817800,187700,888500,227100,898600,863600,223300,186800,806700,197300,869900,243500,228200,232400,188000,187600,258200,829300,899800,236000,791700,277000,267200,194200,951800,875700,859500,942300,770100,197100,196900,271300,828000,242500,919800,282100,230800,187400,231300,188400,200400,192100,203900,279600,885300,904900,847500,197400,220500,320900,268300,197400,193000,245500,769400,251600,886800,189600,184700,256800,225500,194900,274500,194400,262900,855400,196400,271200,244300,932000,185200,284400,335300,186100,264500,946900,817100,241100,193300,908300,949500,214700,191700,912100,186100,221200,263100,310500,939000,919000,702300,290600,868400,902900,928900,887800,839300,935500,932600,729100,213600,244700,243900,946000,245300,282500,204000,239900,204200,259300,907900,239300,192900,944100,257700,895600,810400,941400,196600,882600,202500,248700,193800,837000,234000,234300,796700,216000,858900,237500,187700,845300,193900,885600,765700,263500,937200,845800,251300,242100,897400,923100,742200,248000,854800,233000,193800,276000,935500,887800,225500,187400,311900,257400,276600,257200,194800,190200,263100,216200,188900,245100,841800,244100,260400,266400,952200,261200,186100,770300,194500,245500,265000,893100,192800,954500,237700,244400,203400,242700,188500,252800,893600,207000,909800,268900,928300,189400,191600,904600,901500,194100,185500,279500,290100,264900,248300,258300,276300,192100,249100,196400,191000,223800,926600,897600,832500,207200,259600,844000,303300,844400,202500,192400,188900,226700,196500,890500,284800,317500,192800,215900,891700,924500,218900,248200,757100,236200,188400,272700,886600,210000,259800,292700,190100,195900,253800,896200,814700,259600,273700,838500,889300,202500,341800,244800,250900,275000,205900,945800,214600,281100,364900,194700,247500,910000,928100,195800,259700,905500,276500,925600,225100,331200,267900,251000,227400,248100,193700,953000,883700,211900,241800,193100,285100,261800,204800,927700,944200,190500,192700,931600,336100,260300,857900,867400,819300,194200,197100,198200,242600,957700,194000,932700,952500,485400,289200,878400,235200,335800,278700,935600,243300,938000,234600,938800,283900,913000,908800,930700,949100,241400,806300,190000,871400,254000,212900,259300,186400,930800,220400,547100,914300,213900,838700,262400,254500,895100,862600,194800,257800,917200,268100,777100,243500,207500,187000,228500,883300,244400,244200,900900,225400,195900,906600,860100,247900,261700,258300,241000,196700,261400,923500,249600,195500,849600,787700,857100,953000,276800,273700,912200,912400,236000,903700,190900,859400,192200,196100,857200,813200,961800,286700,244500,200400,782500,934100,853200,948300,229900,243300,192400,936500,272900,921000,191700,756100,197600,186400,889300,192800,817400,263800,226600,240700,922900,193400,853200,281500,212100,265800,841700,945000,184300,936300,917900,235200,241600,225700,220300,875500,269700,904300,210200,797200,241500,820900,291500,884900,276000,856900,249500,210000,192400,229800,823300,719700,185000,185000,190200,193500,216300,237200,184600,912000,213100,932400,190000,901900,192800,238400,924600,233200,905200,227000,801500,245400,250300,190800,265100,237300,814000,229800,833200,871600,218800,841200,916800,196600,816100,278200,238600,266100,214100,261000,254900,898700,257800,939000,825100,285000,223400,750300,237500,208400,238500,235700,905700,187100,851100,200700,881100,859800,858000,880400,255100,822200,854700,245700,202200,240000,939300,192600,185300,841000,238000,801100,245500,279900,913000,195400,239300,331200,278300,951300,263400,903800,203900,262900,853900,239800,278800,915200,251100,252900,232300,191500,194000,318800,823200,191800,952600,264800,948900,827300,213000,908000,935300,246800,255500,811500,300900,880900,199300,237600,259600,932300,756600,951300,186300,866600,191900,245900,193900,836700,183500,875000,920800,907300,837500,305000,930100,350600,902300,295400,826000,859700,230400,912100,260700,858100,848100,237000,306500,883500,238500,268900,246100,259800,309700,237700,267900,847900,242400,194100,242900,230500,853700,825300,216100,327500,249200,887900,888700,250000,265900,926200,195000,954500,201000,819200,850600,192800,953900,242600,204400,930400,855000,193900,272700,266600,187000,212400,891600,846500,272600,746600,189700,205100,276900,247000,193700,910800,221900,818300,239600,250300,937100,194700,782100,245600,272100,850200,228600,241100,250200,242700,186600,243200,283300,187700,720100,268200,242600,908400,736200,262800,221100,255800,859800,192900,816700,257800,841200,197200,185900,193000,193200,255600,289700,799900,241400,187600,277900,258700,190700,277200,954900,873300,235200,191900,213300,232200,239900,213500,254800,882400,809200,315200,836900,274800,266100,249200,185300,263500,244400,903700,833000,872500,257500,835300,262400,185400,255000,949700,293500,915000,196800,239300,271900,879100,198900,936500,195700,209100,198400,940100,251800,831500,919400,865300,257600,247800,890100,545200,828400,788700,855300,195500,252300,300100,252800,262600,916700,234600,187800,188600,191500,934600,201000,870500,244500,201200,201300,265700,327200,908900,209600,237200,811600,276100,240800,250400,828900,198100,914800,184100,243700,202900,909000,189200,244300,187600,269000,192800,250800,875300,209600,781200,187300,244100,850000,207500,193500,241700,247800,238200,194400,897900,831900,198900,832900,251800,190300,894200,263800,192200,887400,276200,943300,858400,198400,915200,262800,256000,269100,196800,254200,226800,947200,265100,562700,264300,198900,817300,898400,261400,756800,850900,920000,243600,248100,223000,262000,236600,322200,242500,957900,850100,835800,861900,184800,210800,813000,252400,876300,247500,858300,195500,908400,228900,194700,939100,933100,892500,246300,912000,901300,810600,233400,952200,192800,184100,831300,234200,249600,199800,923300,874100,862500,193800,881300,871200,886100,248100,215800,818700,908000,230900,868100,219500,203900,185400,276700,848500,238400,263300,840300,283900,923400,946500,931600,925000,895100,866700,276700,193700,247100,307300,247100,796200,854200,281900,259200,834400,266600,242600,935900,254100,265700,867700,897000,885200,199300,930000,821000,947400,848100,922500,185900,224800,185600,895200,923100,271300,228300,254000,924500,267200,842100,240100,245400,872100,196100,196500,746300,930800,245300,325200,258200,210300,256800,238000,263600,186600,931800,272800,947200,195100,868300,882400,238700,894500,342000,903200,910100,868000,902800,214400,940300,177200,834500,244100,256300,846100,250000,240300,895900,298500,905600,185500,240800,262500,846400,775900,928800,241100,901100,192700,185900,902400,924400,839000,200400,941900,252500,916800,889400,915700,258500,246000,874200,261600,947500,206500,216400,917100,242800,217800,192300,266400,818800,875800,910500,276700,265300,188400,261800,261800,202900,250800,206500,257000,195300,886300,231600,835700,306800,262600,295600,924100,254200,186400,280600,190500,903900,277900,238700,922000,186700,193500,831500,865000,219600,254700,227800,185000,193600,915900,822200,270200,793100,251600,216700,250900,324100,197000,874200,261700,858500,224500,198100,205000,210800,253900,203000,874900,873600,197900,233900,923600,950300,842400,926300,856400,212600,217500,944200,254400,186400,207400,195000,743200,286300,266300,899200,871600,272600,259100,952800,898500,882300,923800,950500,203200,845600,824200,871600,903700,262200,207500,188100,291900,875200,899100,275500,188400,189300,958200,812100,903700,246700,192100,896000,912900,893600,267500,197900,203800,192000,243300,221000,938000,861600,254800,249200,184100,193400,254200,793500,193100,261700,263000,740500,303000,202800,235600,917800,851900,322700,188900,894000,886400,889200,932900,190100,230400,875700,241000,844600,309600,219600,227700,917500,228800,849700,239600,279900,191500,184100,198100,195100,312100,335700,782700,188100,197800,213200,822900,253400,915000,875100,956300,848100,239700,898400,225700,205500,204900,232900,241500,194500,210700,242200,914000,279200,855500,929900,896600,793900,952100,804800,242800,876100,278500,264900,242000,896400,873900,273500,270100,269100,250800,237900,904600,259100,866800,188100,924300,259600,196800,829100,242100,795800,263000,752000,874400,784700,188600,185800,182800,244100,257500,899500,870300,936300,256200,240100,847800,229400,245300,884800,199500,864800,257000,833300,274500,916300,191300,889700,221900,269400,881600,238400,223500,864300,844800,197600,282900,898500,249200,196300,187900,890100,854700,250400,850900,245600,249100,197800,819300,184300,280400,249900,896900,243600,185700,264100,898400,943500,190500,194400,259700,198500,923800,935400,948700,925700,205100,903200,865600,934400,241500,247900,259200,869600,932200,198500,750000,932700,238100,189800,823000,257200,875700,259600,281900,293100,200900,205800,912200,780400,277000,185800,960500,846000,327200,266900,926000,251800,915800,188300,193000,887000,804000,197300,902300,261300,262700,192300,193300,906100,188900,216900,954100,827900,903500,186000,936900,200300,249400,945500,257600,277800,190000,851800,746500,241300,801400,958200,899800,257300,841500,211900,920800,260100,292700,244600,251200,884500,254600,329500,239500,846000,247900,252700,842100,200300,884800,193500,896200,932000,255700,219800,243100,940400,862600,868200,236000,248600,898500,894700,836000,928400,940500,877400,239500,261000,281500,944700,249900,246000,847300,904100,264300,325900,235500,189000,808100,256000,187900,184800,223100,857300,856600,911600,844800,303200,201600,923300,924000,268900,949400,930700,218600,920400,257900,238800,928300,923900,282000,227100,917100,248500,188500,196700,184600,231800,765100,846600,231300,928100,236000,233100,854600,190500,190900,247700,190300,186200,242500,921500,228400,184900,908700,222700,231700,183400,194000,225600,915700,892000,281100,866200,187100,221800,940200,193900,248700,957900,201500,264100,268900,934700,247100,924700,223700,259400,249800,188500,237200,869100,257400,189800,584100,840100,919200,917700,909400,190200,918000,910100,235800,781200,803700,932400,915500,275200,877000,234300,926600,924500,808300,879700,215600,346300,234900,273300,211800,186200,737500,297500,949200,229200,856800,271300,195800,861700,833900,240700,809900,215900,944200,195000,241600,269200,220300,206400,941200,848200,253400,317400,271400,270200,846800,846300,903000,279800,185000,946200,803700,923600,190200,199800,857100,814200,251800,918800,201700,918400,764400,929800,205500,253000,939900,875900,205600,929500,195100,187900,187400,846700,241500,928400,243000,269000,235600,876500,876000,244300,273500,270500,185600,252300,266100,192300,277300,256400,187700,886500,198400,246200,186400,227200,260200,284800,852900,189500,232700,961000,876400,847300,927300,923900,881000,862500,188000,885300,197300,863300,797400,251000,844700,262700,194500,321100,206200,244900,194300,242400,876200,821900,252500,863600,266700,264900,820300,246700,912500,962800,223200,901300,189900,252500,203700,939400,875600,185400,214900,934300,779200,311800,262500,240600,947600,233900,223500,869300,857000,183700,187300,195500,249500,283600,231400,188700,844300,280500,924400,759100,939900,272800,276300,943100,189400,888200,930800,243400,286100,950100,239100,196200,269100,871400,255900,194100,845400,258700,183700,223500,184400,860800,239400,270200,298200,848300,912000,253900,263600,262100,289600,239300,249500,258400,954600,188600,877600,813200,921800,192400,188100,197000,952200,834200,881300,831200,216900,900100,271000,239100,243000,206500,753700,812200,269500,229900,853400,295200,942700,252200,209100,185000,929900,266700,851900,890800,193100,302600,830400,271700,254100,243500,247900,240700,901300,199900,949300,183700,324000,216600,197200,855100,188100,194000,946800,201500,836600,186100,765000,248900,867600,273600,190900,304900,280200,232600,249900,959400,952900,837100,193800,256500,191700,942100,959000,921000,247700,188700,949000,186100,239800,207700,287900,226500,246600,269200,913800,193500,903500,809500,191300,283700,204000,202300,204100,856600,204400,292100,203800,280000,207600,291600,251700,240400,956300,231600,291400,206500,930300,273900,199900,240000,184800,890500,240400,800600,885600,270300,486400,236700,939000,932400,869200,849700,191200,192800,826300,925000,245200,209700,220200,198000,236400,198900,295400,277800,183400,189500,238700,941400,795800,253300,203200,916200,831700,874200,234600,264700,884900,894900,192300,879800,209900,193800,936900,944800,194200,260900,200300,951400,190500,187700,863000,235100,261800,251100,244900,207500,227100,264200,942400,269200,859700,310800,949000,937700,240200,240800,822900,211400,912900,233600,200600,896400,202900,236100,235800,577400,911800,271400,865200,841900,186500,922900,876300,219200,240700,269000,937900,848300,874500,195800,263000,198000,245200,930500,208000,894300,262100,884800,793900,208600,936500,234700,187800,234300,196800,775400,907800,252900,286700,302000,253300,836900,951900,870000,278700,259400,189700,183400,284900,207900,896100,216800,238800,244600,879200,255500,186800,913100,769700,885300,193600,196100,228300,202900,227400,272800,192400,269400,194800,774900,921000,215300,914200,259500,194000,873400,214000,254100,768200,258100,196400,932800,918300,240400,192200,936700,838000,199200,250200,890200,272000,249600,897600,268100,204600,899600,296100,298500,955200,881300,848500,264700,230600,851000,258800,246500,187000,197100,187100,210900,187800,224300,256500,195100,803000,963300,895800,259800,274600,237000,268200,236300,186100,912300,255000,263400,254400,734300,187700,259200,241400,226600,249100,236200,866200,814800,199500,193500,842300,287000,851700,928700,909800,233400,265800,301300,888000,225400,848600,196300,229100,930000,260800,794300,795200,884500,801600,765800,226100,945500,279500,282200,936600,267000,193000,928000,279500,271300,191300,898500,255300,290700,239100,264700,243300,246000,224400,835800,831900,244200,229100,189700,847400,315400,240000,192400,198800,211600,941600,245400,192700,941200,252500,820500,873400,958800,239700,243800,256700,242000,907600,197500,947000,338200,193000,202400,193700,289700,189200,847700,269000,254800,199700,218400,186900,264900,862800,196800,212200,775000,197500,279200,885300,266800,246200,233700,927200,243400,192600,245700,878300,280700,195000,236400,186000,203600,256900,851000,263200,829300,272100,259000,289900,212500,919900,779900,891300,919800,854100,253300,186400,184800,262800,829500,226500,209700,291300,224800,193000,942100,270700,251500,936500,963800,186300,932300,269100,938200,885700,254700,818200,856100,324800,187400,243700,945800,208400,216900,835500,956500,939100,940300,933500,191400,238100,251400,237700,193800,947300,942900,943400,206800,235200,909800,254500,187000,243900,929800,282600,910300,329800,916700,939600,211800,335200,221100,202900,905000,899700,222600,193900,189400,916900,247800,195600,247800,216100,258700,258700,319700,164700,852100,242100,230200,942600,881800,894500,936200,190500,950500,189100,275400,325900,246400,272100,239000,915300,227000,252600,251000,194100,226400,263100,952400,238800,185800,798800,276800,260500,189500,822700,259400,210000,888400,198500,888100,879300,281300,184800,190100,241800,184900,774900,227400,903100,257900,258600,222900,205800,864500,848500,204600,274500,204600,203900,929500,914800,191300,189200,824800,916800,211900,222400,241500,256500,267000,838000,226400,264900,768600,833900,914300,800600,939400,200200,251100,216300,246900,195200,194100,204100,898000,889300,265700,225900,280200,279500,185600,193600,228600,261000,224100,929900,572000,243300,831700,944300,926500,248100,249900,247500,189200,942700,195200,289300,185900,275200,188700,882200,238600,249800,211200,250500,193100,265800,197500,197300,822900,858300,189000,195800,200800,201700,850100,929400,201700,186500,253400,867300,891100,278100,199900,929800,263700,198500,265600,882800,831300,948700,249200,246700,924200,880200,869200,183500,951100,960400,198700,249200,244900,574800,185500,200200,241300,252300,185800,289300,922400,185900,190000,932600,230100,232200,189500,197800,912400,260800,918800,938400,210100,195600,222300,262400,845800,206500,235600,268300,928100,840400,192300,845600,273000,213100,877300,190200,267200,184500,875700,856900,209100,236800,196000,840600,257200,943300,267600,315100,184200,256700,250200,201300,241200,822000,236200,237200,262900,233900,933800,293600,192200,251400,818300,232700,916100,223900,932300,216700,261200,880800,191600,221000,267000,282800,957800,220800,252500,313600,930500,200400,944800,951400,249000,960400,898100,189900,889200,259600,800900,203300,197000,257200,184400,194500,270300,842900,365400,341200,292100,788400,809800,888400,187000,791000,281500,858300,336300,192500,920800,267500,267100,196000,229700,826100,245700,260000,196400,188000,193000,904800,919300,293700,265700,186700,189900,273500,264700,186700,193800,276300,296800,259900,239200,941000,894300,238000,272600,266600,868200,225800,835100,947000,908000,211800,909200,850800,248100,250800,186900,936800,829100,230100,187500,903100,240100,841400,307600,267300,920800,185100,184700,192900,257100,951600,227600,229100,188400,271400,840000,243500,876600,194200,249800,900400,905100,914600,246000,941700,926800,192500,861300,809200,221700,254900,941500,253100,258500,279700,236400,246300,256800,843500,877000,294300,225400,194900,206100,226800,184300,956200,877500,276300,247700,208100,251300,951200,931200,874600,240900,868000,192000,210300,898600,183300,184100,288100,947200,921200,939100,947500,962200,879100,847600,289500,194000,250100,940800,943200,227100,218000,751400,826300,184800,894500,753400,191000,223000,943300,222600,936900,286200,922500,260300,287400,190400,923600,277600,196400,247700,829300,197100,261200,856800,886200,186100,192500,243800,875400,232400,252500,197200,854200,259200,299800,213300,209800,896400,188800,935400,774400,246700,951600,239700,202800,266800,192800,191100,880800
7.5e-05,0.009000000000000008,287800,774700,335900,870400,1106800,1244200,951500,1130500,843500,1005600,1279900,1219300,956800,1164700,224400,250900,905500,982900,1125600,760700,779500,917300,1228900,1284000,1265700,944800,846200,1078900,263900,836400,251600,1133700,245800,954800,963800,247500,775900,244400,882200,870800,266100,1037200,247800,901800,1160800,902000,786600,320800,928100,262100,1127300,1257200,1173400,1123700,954300,329000,788600,901700,849600,839500,861700,375900,804800,1249300,801500,945200,1013000,1261500,252300,818700,1192700,850100,866500,854400,767100,899700,834600,273700,1160300,882400,774400,773300,996200,1246800,887100,936700,787900,1121400,262000,942700,873100,862800,322600,858300,841000,858100,929900,962500,265000,986200,865300,875200,775900,915000,888000,796100,1177900,244100,805900,1002100,274500,870300,823800,264200,319700,883800,878300,804100,793800,819400,768500,797000,836900,1154100,912500,1094400,266500,233900,981400,335500,884800,950300,258900,1264600,922300,1249200,868100,1163400,1186200,814400,1235500,1056900,1260300,748100,1234300,853900,288800,1114800,860000,846600,785400,1103400,1144800,319000,1015000,841300,248300,793100,974500,875600,809600,300700,766700,740300,1208800,1265800,248400,1129500,944000,862200,944400,263700,884700,254300,1244300,782800,1018700,268800,802800,260200,263800,865800,271300,918100,1252000,964400,929600,796000,246300,995900,820700,253400,740400,1103500,785500,715000,987200,695100,238700,252600,903000,250800,1069300,739100,763600,818800,801000,1223100,978500,244700,1223400,281600,258800,274400,873000,933300,801100,1020900,244500,801100,798500,274500,732800,775500,286900,268100,824800,825900,267900,263300,1051100,862600,817300,991600,1215900,1106800,920200,1223100,941500,340300,1019500,781500,256200,1023000,812600,912000,246200,799200,888200,1248100,256800,244500,762600,247900,1186400,728200,833300,807100,1273700,916000,818900,849300,258800,1146500,797500,917200,767700,1249400,970100,935700,709000,995400,892100,934100,1200300,797300,302200,1048500,359900,770000,730400,823000,909500,1144000,908700,268500,851000,856900,1214600,992300,309800,260500,314000,249200,837800,768400,742600,1238800,1232100,943900,932500,264300,1267700,768000,889000,822200,1110600,878900,896000,886200,825600,726300,297700,1262500,1005700,1195900,1040100,779800,851100,1242800,1168600,253400,814300,1068400,250300,818300,841600,260100,978100,1242200,990700,806400,951700,1159800,999100,982600,752700,1199700,274400,924000,948900,963000,720500,833500,924400,887000,787800,860100,1282800,799000,807900,277300,1264700,258000,1263800,806600,891800,782800,854700,1235600,870600,865700,1183200,900000,252400,1256400,867300,1252900,274800,1156200,963600,857300,842800,732300,904400,736000,284600,794100,859200,776600,796000,1236000,813400,871900,1016800,882800,1174700,803200,887300,860400,831000,885000,1285200,816400,1236300,923800,874900,1056600,1083900,262700,1010400,944000,720300,855700,921500,869600,879900,940700,293300,1068000,1137600,252900,892300,820400,1178600,262800,865000,943600,797100,1103800,942200,1223200,273900,878700,867500,744400,1240800,1030600,296600,906800,1142100,778500,856600,265700,252800,918400,1164000,858900,916700,246300,962800,1273000,274100,879400,939700,862300,874200,800600,796100,820900,1103500,919600,300700,786600,799100,943800,866500,804900,950700,776100,1191600,1249700,1271200,1069500,1245600,801300,1250800,801100,840100,869400,262000,877500,356200,848300,802000,247100,799600,811400,890800,1183100,860300,279400,250000,245500,302600,346500,1166800,1231000,1239800,818600,273000,848800,875900,258300,1182800,855400,247800,876800,236700,1174500,940000,873200,1014300,955600,1140000,952600,958400,986600,752500,794700,278400,841300,850600,823600,244600,910600,890800,876900,821100,793100,809700,940400,1051400,258900,779100,909300,275600,1167700,876100,1172800,1035700,1252700,275000,277700,306300,786100,1170100,279900,948600,836500,1145200,239800,1189100,853100,937900,246400,787700,1204000,825400,826400,840800,769100,876200,873700,886500,849700,1019500,1237900,360700,864800,743500,899200,712200,982600,915000,262800,1161200,253300,777600,928800,1219200,1270700,868600,869200,876600,850000,912300,1218200,1206000,1156200,1229500,899500,797100,915200,1038700,256800,807200,827300,279700,274600,932300,1241700,955600,789600,904100,1231400,1253100,729200,251700,256100,246900,949300,259400,998700,278500,1160100,814800,1113200,905500,946800,915100,881500,321700,941100,780400,1023000,863500,803300,870700,1035500,868900,877300,854900,929300,1065900,362100,1105300,852500,271000,929200,742300,274500,729700,866500,795100,1249700,255600,919300,1253900,867500,853300,832000,245200,889000,276400,1216900,687100,891000,1238400,921800,259400,792900,945100,872800,1187900,901400,1201300,244700,1244900,1270600,875100,753000,887500,1105400,897200,886800,255400,990200,1170600,921600,992100,258000,1204700,386000,1188400,1251100,710400,894700,261600,282600,719200,1017100,795400,262300,865200,1196700,943500,1251800,924700,875900,1064000,915800,889600,286400,1193200,800900,1220800,917300,862200,891600,690600,937500,269400,1216100,1232800,907500,909300,851800,254900,1220100,952300,285400,819700,967800,805600,289800,251400,1215000,975600,750100,966700,316400,255000,855800,953600,397400,1246800,1241600,894800,245500,832900,900200,1018000,940100,1222100,877800,779700,1214300,1089800,809600,870000,1219000,1248700,296800,1117300,1268000,265500,1229000,895900,248200,901800,899500,810900,1275700,809600,1032800,814800,259800,946800,827200,1172000,870800,861900,901700,858500,1225300,916200,1219100,854700,772300,1029700,856100,894100,868700,1068000,256000,247700,1087700,955300,261100,1137400,978700,759000,870400,262400,1085700,943200,737600,853100,840100,813000,749700,817000,263800,922400,1220300,1216200,248800,961000,565900,1150300,958600,876800,338500,919600,974700,789100,834100,277300,1245500,246700,311700,264300,904500,911500,1214200,1185800,1229400,1247500,1053700,975500,726300,885400,1263200,785800,660100,869500,909600,913700,1176600,870700,856500,309800,891800,693600,252900,914800,789400,933800,962600,365200,927400,842600,900200,1242600,285900,776900,245300,789000,939300,788900,795900,1184900,800400,814500,814300,876300,918300,868200,970000,862600,1079500,790300,283300,1134800,279100,1199600,729300,856700,271000,929800,893300,880400,248300,931500,1143500,1137100,780200,951200,1225000,903300,862600,860800,1154100,281500,1194900,272400,796400,794700,294700,875900,1208300,781800,1279400,1032000,765100,1064200,1247300,295800,863800,732100,965600,867200,886000,911100,345800,742200,811800,727900,907200,880400,1195900,302300,910900,876000,244200,1258100,1132000,303000,1247800,836400,936700,760800,912000,1269800,1247000,1029600,300200,1243000,895800,1076500,956200,802600,832400,1095800,779200,909900,263500,724900,1043500,315400,1175000,779000,866200,828300,858400,1253500,856000,850300,802800,1259500,825500,812300,1266000,1150500,260400,848300,248800,1177500,910700,278900,1237200,1254600,251700,276400,258300,1187800,330400,257500,897500,247400,864100,772100,1031500,1019500,913800,668700,256400,1252300,805500,919500,1217000,934000,966100,1129200,881000,245200,908900,906800,260300,1003100,867100,870400,965900,1186400,305400,1138700,882700,1224200,1139900,1229900,1135800,854300,802100,849900,1042200,874900,1132600,890900,1225600,889500,779000,893700,321300,863200,723100,1062700,916300,825000,1105100,982000,894700,911100,947700,993400,1218000,888200,259800,1272600,837500,882400,981100,1078000,897900,1007400,1207600,826600,899900,259400,804000,919200,730000,1047800,913600,806300,883400,260000,1252200,279100,804200,736200,1086900,893200,1152900,979600,860600,833700,1010600,298700,920600,1065000,919700,951000,268100,248500,881200,888000,1040300,933200,252700,900900,783100,880900,275700,252400,748000,880700,1169600,806100,1143700,860900,244800,824300,849900,991700,865400,1164000,910900,1262500,777200,258600,883900,1242400,330500,243400,1219300,867800,1180600,866700,737700,832800,967200,714100,347900,899200,910500,827800,824100,957300,899600,898400,873200,900200,1052600,752600,1029100,1084000,872100,723500,710100,269200,829000,815700,1128300,289300,1228100,897100,982100,261100,858300,818400,874200,1014900,820000,821600,943700,756300,806900,243900,850600,1191700,1180200,1197200,1207500,774500,869600,785300,934500,883500,875200,842800,856900,249200,795300,948600,1016900,809600,882600,874300,928200,1101900,984700,255100,246700,876200,260100,950400,897800,780200,268000,830100,1128200,299700,315900,790200,882100,782700,1162200,1230900,943100,817500,985000,875600,914700,1033400,913500,789000,1202200,251200,1023600,691100,787400,1035400,282700,355200,1199300,1110800,861800,764200,823300,746300,933200,1128300,1226200,260300,835200,259100,1262500,912500,773700,1011900,1021700,870200,876600,864500,773100,774100,923100,324400,874600,267300,892600,1238400,1170400,839000,830000,910300,781000,1028700,1176600,1038000,1179300,302800,831400,1124600,917300,244900,957800,773100,833700,925500,1024000,1256900,965400,302800,1246200,367100,860400,253200,1178200,1238800,254900,939500,254100,864000,939000,259300,1130400,898400,1079400,888500,783000,911600,943600,890600,785000,903400,820600,937700,781000,1200100,870000,809500,1134100,943300,810400,1123800,303800,1106600,1163300,773300,1154300,829500,951600,900800,778600,787600,922200,1268800,1163300,1218600,881600,948100,934000,244600,822100,980800,866500,1206200,814300,734300,829100,1235200,856900,920400,943300,882500,287100,292000,924000,979600,800100,856500,795900,266100,261700,811000,247500,1084300,776400,910800,940700,835200,946900,938900,870500,1219800,1201300,931000,1244200,1280700,1263400,246400,1125600,948700,997800,1147800,793100,925900,248300,887000,1069200,946300,1069800,905100,770500,260000,1239900,668600,928700,851100,896600,795700,965200,257500,1082200,725100,970500,251000,1109900,840800,890400,995800,1221700,898700,913800,863500,935500,322900,652400,321900,255400,256300,245100,270100,1241800,1190900,961800,830900,896400,946700,927800,259500,329200,1160800,1237300,298400,909700,753500,905700,811100,897800,801200,1063600,1054900,782200,881400,262500,1066600,962200,867600,849100,738900,776300,855900,769400,899000,705000,318400,1270200,726200,881600,1043600,278400,245800,1279000,1071500,1232200,1232200,259200,760500,724500,248800,1209400,255700,744300,979600,1238400,917800,1215400,970000,1025600,940100,716200,807900,817500,916800,901700,916800,785900,868500,246800,1237500,781600,276600,837800,775200,837800,954900,879800,255300,820800,1132100,305300,1257100,877100,1172500,723500,260600,246100,907200,953000,1054900,276200,270600,988700,727500,787200,873400,870900,1232400,728100,725900,1261700,910600,956700,905500,249400,851400,869800,1243500,1230400,963900,979800,996900,952100,1173500,265200,735600,935400,262100,252300,918000,259400,865500,1033100,858500,899900,1172200,901000,730800,863000,1023800,903200,842300,853900,1083400,248200,864100,907100,936400,789200,808000,911900,1138500,988900,847500,1008900,742900,804400,270800,878200,1260700,864400,1267100,1147000,290800,1272100,269600,802400,1004200,884800,1001500,353000,1273200,790600,1234000,1207800,748000,255200,873900,716200,1000300,958800,258800,255200,829400,256300,1279400,1220200,338700,1168100,893200,825300,260000,796700,966400,795600,867900,853100,990400,754000,311400,881300,885400,1050200,260400,921100,783900,252400,804700,323200,1213400,895700,758100,964700,964900,1188000,799600,867400,360600,1146300,247500,898500,282700,339600,855800,808100,346800,251900,820400,731600,1177200,809200,869300,795800,870100,894600,1055300,1252600,1029600,793900,267200,1062500,800700,285300,914700,902300,255800,816500,827700,916400,838200,1025400,298300,1166100,1278900,1061800,860100,245700,818700,876700,920000,802200,257700,251000,1252900,877100,860100,1187700,792200,1230300,926700,720400,845200,281000,784400,959700,870300,267400,1264800,783600,1249000,905400,1229200,744700,786000,1144000,1188000,265600,248100,1038300,830400,880700,256100,880200,886900,1136200,745200,776600,909200,871300,758800,1129100,1053100,311600,814000,934000,1192200,806600,791800,825000,259900,889400,878500,876500,351100,901700,1244300,992900,336800,886300,707000,269100,1232300,1091400,1183000,256100,863500,769500,922100,794400,810200,913700,773700,812300,868000,1260400,1278500,245300,263900,831500,1247900,1146700,1042600,264600,939200,821900,1165100,1225900,746600,1159200,245900,873300,875600,780600,792700,905500,900000,872700,249500,744100,903100,284800,259200,960700,895800,286500,1096900,862100,815200,1263800,247400,843500,834800,327500,1062400,244500,714900,261200,1242800,1189600,760400,1191000,1209900,1214900,886100,889700,877200,988600,888900,862200,271400,835400,910300,248000,916200,1208600,262300,879100,814800,1184400,765600,261800,833500,895700,839400,841600,772300,823700,265900,784200,1150200,840500,255800,813100,760700,1265500,727300,977200,1232100,248200,878500,996700,826100,1002600,819300,1271500,749200,1142300,1139900,867000,815000,273100,282000,1207300,262600,254100,1189000,256700,273800,250600,998700,870300,332000,249300,1133900,958900,252400,1208400,262100,823100,889800,275800,850700,815700,728200,349100,256900,927800,260700,847400,802000,702200,261500,790400,728300,1236900,781200,934300,1031500,1177000,876200,1129000,898700,860600,924600,833900,1206900,1231900,254800,959100,820200,264200,886800,913700,1170000,223800,977700,872400,250400,895100,814900,885200,309800,887000,1265300,281200,1082000,1156100,884600,847400,806200,1036700,811800,251100,257000,940200,847800,1160600,1099500,321300,768200,880100,990600,845100,876800,847500,796000,886700,761900,289500,804300,902400,282500,824300,1233000,819500,890800,260800,865000,1280100,950800,969500,978300,814200,823700,1243000,790500,320400,339400,729000,1225300,968700,874900,844100,784000,892600,837000,824900,280500,819200,711300,943200,975400,256700,1114600,249400,912900,946300,294600,311900,287000,935400,819300,882800,843700,886900,935800,1118600,902800,1173800,797600,968800,828000,828000,1103600,1216200,931700,935400,873300,267600,948100,880900,1159400,1251800,891000,914600,821300,284000,1229500,915200,818000,1003800,849100,1000700,251700,1048400,865100,754400,870900,1095000,972100,1171200,823400,815400,839500,942200,254700,968200,1006900,856900,886200,266500,835200,1078900,1216900,895700,792200,991200,867100,987900,1152800,763800,805700,885400,963200,853400,846500,247600,1107300,891600,720400,917300,1021200,806100,892700,905000,365500,873600,896200,774900,928200,1095000,244500,821000,261500,784300,837200,962000,854800,768400,1107200,1227700,763800,897900,312300,887400,866200,903100,1174400,1043100,774800,951200,924100,837100,882000,940200,809200,864400,883600,840400,781600,267100,925100,854900,877500,794200,847200,1267000,941400,879100,979500,796100,840500,1175100,260800,769100,706900,913100,911500,1245000,849600,1029200,693000,801600,253900,758300,816900,903900,275900,249400,894000,332500,321300,890800,260100,785500,284300,292300,275500,879900,776300,257100,826000,875700,806000,864000,809300,256700,786200,942000,1170900,862400,293100,262500,347900,1168800,897800,911500,899400,881600,786800,833100,1161400,820100,877800,772900,848300,974000,903600,811200,285700,257800,1132600,810900,950500,253700,898300,888100,902100,818600,983700,739400,931200,818100,892200,909800,340500,1183600,874000,280200,1233200,735600,939500,906400,254800,735600,781400,1246800,717400,908500,899000,897500,929000,882200,728300,1184100,1108200,1210300,1113700,862500,1253000,1113100,808900,853100,822200,979500,913000,871500,735100,904000,950300,938400,817600,247100,871900,920400,251600,796800,1191200,883700,885700,266600,898900,859600,920400,1086600,1255700,768700,1172800,260900,272400,1259200,267900,786100,883700,946400,919800,320300,1026900,914500,964400,246300,261500,1118400,730700,806100,798100,309400,719600,808900,818200,291200,929600,974400,245100,896900,1020100,830000,961500,860600,1268900,719900,247100,256000,832900,321400,1260400,1261800,256800,1187000,897200,246400,922400,1173000,248100,727100,812600,825300,1178800,760100,924400,1040300,721300,1132300,818400,1229600,843700,737900,923800,811900,879400,852900,812500,868400,790500,1124400,906200,809200,916600,265200,858400,268900,714700,1144400,251600,272500,247700,308800,259400,249800,1234800,905200,910200,1130000,709900,315000,780600,808800,899100,931100,1071600,1125400,896800,880200,895400,276300,930100,884400,749700,936400,899700,821600,864000,718100,1020600,1273200,905500,1117000,798500,859700,899300,981800,1247400,920000,981900,896000,850400,841500,864200,1213200,1124900,255400,843200,243800,271300,251000,876900,1043900,819400,869400,250400,869200,1265800,815100,1282400,1133800,785400,991000,1126800,948300,1094200,812600,247400,808500,910400,1091400,897200,896800,780600,805000,276500,905500,246000,794700,1225600,266100,856000,1168700,1152000,783200,1243000,1226500,875000,1209900,894700,905000,845600,880600,752000,1171600,1284200,1063400,1118900,901200,839700,910300,823600,995600,1238100,892200,863300,968300,889700,1140200,1157000,910900,1275200,874500,277500,1089700,994900,1179700,1148200,912500,912900,897900,244700,700400,1124400,922100,1100300,265400,962100,844200,792000,909700,784100,953100,876800,278500,895500,1151200,820600,836000,271300,770100,784700,1237000,918200,886700,929600,1026800,839100,901700,734200,942200,1249700,283100,904600,846800,742300,856900,1246300,883100,1048000,842800,1228000,945500,927500,1183900,284600,949600,814700,871600,247500,267900,732200,1225000,865400,781200,989300,259900,1248500,255700,938200,949400,900700,835200,1233100,1050800,841700,248800,788700,978400,930700,1231800,1232700,1229500,1237800,253100,962300,862300,269600,871500,1236100,1120900,1178600,248600,258300,878200,849800,259700,781600,854300,1218300,954700,953000,717300,1170900,262800,817100,287200,840200,1150600,253600,772900,251700,1108000,1090200,885000,1181300,1023700,886500,1042900,1058400,256800,709700,798300,809900,245000,1059700,941900,950700,950600,761900,792400,256800,940300,1095300,974400,729400,251700,1243500,979000,1134000,841900,249500,883300,1043400,938200,251100,794400,1226800,1196900,264500,812600,853200,1168200,897200,1175200,1219800,1004300,1208500,996600,952100,244100,900600,1241900,1281500,934800,1063800,743200,972100,824400,909500,1153800,909400,802100,814700,931700,1125900,262100,948000,248500,1149200,888700,848700,1258000,267600,914300,1263100,819400,1115600,963400,278600,1261500,1140400,781100,839100,724500,751400,824500,796000,795100,253500,257100,258500,1167000,1244800,267900,283600,877600,949400,854900,873900,713200,1167500,249900,857100,883200,1231100,1015800,896700,810300,250900,264700,894800,892600,905100,933600,892400,1205700,948100,891300,1218000,999300,1028900,906700,854700,1042200,1147600,310200,818400,802800,789500,249100,1251900,871000,921300,784800,1264600,1269300,873100,263600,942800,926300,831400,812400,870900,908100,366400,917400,1247300,801100,1252200,286400,949900,810400,881100,836400,960900,855500,284700,1004800,1221100,282400,849300,940600,1100500,852100,1168700,827000,258800,896500,884500,875000,243600,878200,716900,801400,919600,262000,259800,942800,301200,832400,818000,1250500,987600,270400,762000,1072300,1275200,1006100,838000,278700,928800,1012100,388900,814800,921000,959800,1226200,773700,810400,899600,1130700,988900,274300,1127200,833300,877500,821300,839400,1211400,1246500,307000,922500,1095300,1234400,1219900,719700,907100,890900,895700,898700,892100,904800,843700,871900,1164400,900900,879000,786500,718900,864600,1222100,859700,851200,918500,871500,784900,277800,1236300,250700,854400,792500,1190000,948200,917600,997400,840100,873600,1082700,250700,259100,1011000,821300,828400,879700,1245800,301200,1138600,822800,1196400,267300,254800,257900,856400,565300,919900,1241400,805700,914700,895500,853000,266400,1271400,763500,1203300,860400,1236900,961200,878200,1193500,918100,285400,1146500,813300,846200,258600,868600,993400,285200,762600,992400,803700,1272000,799900,877700,1191700,788100,985000,993500,878300,1088200,772600,714600,327500,906500,891700,707700,763200,974200,893000,926700,798700,888800,256200,886000,846300,788500,1174300,283100,850700,926200,990400,853200,947100,898700,909300,893000,251100,263300,672700,1168400,919000,260100,333000,837600,892500,254700,793400,261400,1252300,910900,873300,802200,1041200,812000,765400,1093600,802400,960800,744800,773400,310900,745600,857300,762900,940100,803500,966400,1176600,942500,855500,859800,851900,931300,904900,863600,1094800,893200,1268900,832700,315000,754800,799900,245600,770900,246000,921800,1114200,755100,924300,783500,1214000,806500,869100,273800,885800,813600,250600,787900,973200,703200,1081800,269600,1277000,255400,877800,836200,973000,310000,901300,969800,247800,869800,258600,868500,247800,1251400,1003500,347600,322000,898000,846400,874500,258200,899100,1134700,968700,850900,252600,247300,857300,774800,899200,919500,759500,898800,1109800,958400,1148600,1177000,857100,904500,879100,258100,1118500,835000,1227000,1093700,1168700,1259700,1156000,792400,1256600,844900,1162000,249200,1062600,797400,991700,921000,1259200,839000,267200,910300,1157900,1217200,806900,886300,699100,803800,961200,890200,877800,863200,801500,258300,969400,246200,847600,263200,933100,1222600,255600,849900,1093600,909000,889800,1038100,826800,906500,262800,962000,1264800,853300,875700,280600,957500,789300,818700,819800,258500,730000,1255200,894900,1065200,256800,978900,766500,803200,903400,880200,281200,1004800,881400,923700,270900,880000,1181500,260800,741500,259700,886400,286900,825300,771000,902000,947800,329800,1250200,968800,999200,950000,844300,878700,1151900,1024900,836200,976100,913200,881300,1260300,1227800,771100,886800,856000,814600,805500,1240700,935300,976300,252600,924300,1263400,257200,1142700,709300,875100,904600,274900,1068200,809500,878100,1159300,1111400,878300,907500,256000,1241700,1217500,884300,915300,253000,873900,304800,995300,287700,276400,965800,880600,247700,1032200,909100,273100,749800,1137400,862300,898500,747600,1246600,846500,722300,740400,257400,823400,832500,1052400,1017900,738100,1216000,937100,855000,915300,856000,789600,1199700,707300,830400,1159500,893200,868100,880000,1052300,922400,846200,863500,1219100,1052000,909100,1099700,987500,1195000,798100,986700,1150600,1160100,918200,759000,889900,821400,263900,744100,916100,847500,724200,981700,797300,809600,841800,1198600,736400,913300,809600,307000,908600,866500,815300,1183500,1197700,1213200,787000,802200,1246600,284500,228500,776700,1226900,1168200,833700,806500,767700,1105300,1253600,787300,259400,907000,812000,1263500,1235800,803600,1258000,1237100,751600,1177100,752400,1156900,1218700,814500,1266300,1216800,896000,904900,1233200,940100,984900,850900,883800,1070400,1269600,1223800,979700,760200,1031100,252500,822900,813300,885700,791800,908600,781600,261100,1205600,884300,788700,903700,872800,1258000,770800,1157200,897700,1225000,304600,253600,1250200,1135500,924400,1006800,1024600,344500,1021900,258300,248200,1220900,796200,835000,1218700,1215600,813300,906100,257300,264500,885000,844200,839600,248100,926900,248800,824100,246700,1124000,1035500,941300,1256700,873600,900100,302400,895000,902000,837400,807100,861300,263000,828800,851400,994600,1254500,879100,882500,971000,872300,881700,949600,1280000,1066500,944700,991200,1156300,271800,257400,265700,908700,926800,737100,1014800,867200,904100,951800,883200,886100,864300,837200,924600,280500,873600,260600,1000900,906200,269400,895600,824300,256700,247900,1229200,1072300,799800,1257200,1210000,934200,969100,279200,1201500,314500,943600,247000,809200,246600,1127800,895200,874800,941000,904400,976500,250300,266500,958700,908100,861100,896100,776000,883300,259200,1064500,909800,981400,1124500,932000,1171400,894000,1173900,1116100,901500,257200,808800,872100,255700,865300,890800,1133500,963600,254600,759300,300300,1155900,1096500,974800,839100,741500,803100,803600,883800,248400,877300,264100,898200,875900,879100,1260000,819800,1240400,895900,251300,997300,1223800,825300,986500,1162300,1018900,248600,819400,725800,943200,891000,248100,868000,903200,345500,936900,264300,956500,1215900,761500,834500,885800,835800,269200,1237500,1134900,829600,844000,1233200,254100,873600,262400,861400,985400,873900,1133700,964500,275100,1026500,1051700,946200,906400,825400,859600,1148300,894500,247100,907600,926900,980500,784100,1011400,1221700,245800,308600,809600,799800,1150800,743400,831000,1211800,1230600,878500,883400,842300,325900,874800,825600,792000,1076700,891000,1214000,737100,269600,902100,928900,763000,246800,850800,1187300,941100,925600,839500,1026400,262100,1220500,827100,263800,856700,895800,1054900,909300,874100,943700,893400,1254100,259900,1211200,936200,1069300,283000,899400,248200,851100,1225000,1212300,851500,1166400,1132800,870600,689800,806400,764900,865400,785300,1104300,792400,799000,735800,289500,967800,1198400,936100,739800,989300,803900,248400,861800,980400,930300,801600,958600,872700,934400,248800,1250900,1198000,1052800,824000,872500,267000,320500,1024100,262500,909200,867000,969600,1015700,978900,227600,712000,864900,245700,275000,941300,887600,1212500,1109700,262300,835700,1237900,244900,1163400,1237300,248200,881400,1195100,885400,380700,685800,1104000,815600,875000,979200,1209400,989200,1098200,924600,1001900,809500,1253800,903100,242200,919400,252000,251600,315700,736300,1031000,354000,251300,262600,286500,972200,903000,906500,907600,815800,852600,1196300,894300,872200,1046400,1081500,885900,1067900,875900,918500,265300,1139600,996800,1142800,821200,754500,301600,811700,938700,1225700,255300,765300,887300,1040200,263500,933300,277000,1282300,886100,976900,886400,814300,891300,793900,266100,1169700,791200,801200,968600,964600,729600,797700,918100,336200,985900,934900,815000,955800,258000,888600,737800,813100,259600,267000,898100,778900,828300,922500,291400,1106500,291000,852700,955900,871000,1220300,943200,1188800,1209500,889900,1099000,924400,749800,1238000,863500,1131000,1097500,814800,1262800,893600,971400,254500,329100,1259500,758700,765200,980800,980500,794900,969800,823000,902200,726600,799100,930600,934200,1203400,258600,852400,837300,310600,823900,745500,844800,1192000,902300,822100,833100,1211600,1156600,850000,860400,1235700,877900,810200,815400,888000,866100,817000,252400,783200,923100,735100,324900,1006800,843700,878700,881600,1022100,254900,269200,927000,924100,303200,901000,319400,890000,1116900,1211300,888700,287100,946200,811800,877800,813800,332400,813600,241600,1186600,1143800,860000,821400,734600,285200,1113400,986500,829900,904600,914000,744400,901100,928700,829700,998300,889900,971300,829600,1044900,1186200,869600,830600,793600,1237400,797700,787400,1247300,821900,1188000,866300,245200,1220600,839300,728700,811900,1233400,818300,1180800,1191600,1264800,876800,790100,787600,727600,263700,268600,965300,921200,262100,1236500,958800,970800,1177400,806800,314700,1244300,765600,890800,265300,834700,252900,789000,926800,1246100,959400,932600,828900,1142900,822500,1174300,732000,1002400,876300,900000,1266200,744000,953400,857900,864200,854900,778900,918800,690700,816700,255700,879600,260400,700000,978800,818400,819400,850100,773800,939800,248800,861200,1061900,281300,877700,308200,893500,925800,949000,244300,807800,988500,1270900,1259700,1117700,1167800,1222300,1077100,256600,890900,251300,1073100,757100,979500,247300,756200,793700,941200,953200,346800,878600,814900,1214500,739700,856300,1157500,1193800,895200,911700,1026100,908100,318800,897700,1096300,897800,1267300,867900,259800,1267300,1082400,907500,1152900,983800,907000,785700,891800,1072300,916000,256600,809100,882600,886800,897700,1044600,940500,884800,1216600,941700,785900,1105400,972200,848000,1004900,873600,894200,831200,835700,257800,800400,919200,255800,896600,880900,923400,275100,936300,823600,279600,977700,939800,254400,739900,865400,1183300,1275400,952400,1212000,1154400,885400,252200,769600,805200,996300,690400,812400,247600,279000,831200,889000,875100,255200,1146400,1107300,874900,287300,258200,1234200,246800,912300,836200,868800,814700,748900,251600,255200,254500,745900,883700,948200,911100,910900,1131700,1242300,883900,825200,1176700,762500,271000,963700,888400,265800,885600,255300,737000,294900,983500,1223400,882600,816000,807800,1244900,861000,879200,913400,265600,246500,246300,809800,1158600,247900,245300,1239400,712200,1263000,834700,1244600,793300,247000,956000,294700,901800,904800,876800,259500,792500,1145100,1019700,967800,1186800,264900,814200,1027400,811800,919400,756400,242900,1151100,830100,851800,891500,857700,1200800,1019700,298000,1173400,1247800,789600,1001100,1006100,721200,979800,269600,896300,259200,1195000,724700,951400,313200,1160200,1253400,1233900,782700,967800,916800,751000,956800,902700,826500,768300,902500,1076400,918200,253500,286300,782200,787400,299100,862900,900500,275600,932200,262700,783900,1249200,668600,880100,277500,1139500,884800,848500,1191500,252300,256700,726400,847500,811400,1252200,830700,754900,1071200,831500,751200,958500,1230300,778700,834600,824500,273800,1274200,823200,1260900,787600,798000,1070600,807300,341900,284300,266600,1186800,848800,813100,1086700,882700,1220800,1054600,890300,269300,980000,1208000,833700,1235600,358800,826500,845200,865800,273900,1000200,966100,713400,1194900,331300,246700,250300,761100,950300,256700,937600,250400,1245200,980500,246100,770200,979500,1050300,287200,271600,285100,1107600,742500,733300,1118400,1266400,748100,855600,893400,971500,840700,1172000,311900,946700,1099900,887100,944400,1040200,891000,1260100,1149100,1004100,262100,269300,842600,859300,253100,300100,796900,824200,838800,867800,787900,269800,1050300,1132100,1155100,1074400,1087600,803300,1029200,1258700,286500,826800,827700,333400,850700,798000,848100,940200,1174700,955900,1159400,794200,1175000,874500,271200,245100,851300,245400,773000,256400,883700,249500,897000,818100,1206600,824500,978100,1191600,881600,964900,248800,812200,255300,803000,819500,830200,939900,956000,851400,1277500,1049000,831300,881000,1162200,883200,763300,863800,943400,872400,1140400,945100,791600,860200,849300,244700,737100,850700,823100,930500,257400,1145900,735900,848400,1182200,1149800,931200,872000,947000,282300,1165300,1248800,254400,1044100,1129000,256900,787900,1090900,1166700,1237300,1065100,869300,734400,258600,1116800,899900,921100,1129500,795000,871600,829200,769000,1238100,872200,825900,243100,891800,1067200,947600,908300,248700,1209500,899100,982600,281900,1260000,295000,1235500,894000,284900,303600,1112000,281300,907100,811400,283000,247500,266500,870300,1005100,259000,1276300,882800,801700,251900,782300,1237300,346800,253500,865200,819900,828100,950200,771100,1227900,259700,878400,877300,935700,928600,896600,846100,1071000,778400,781000,898500,257300,910100,825900,1056200,682000,1262600,908800,1238200,1283300,805800,826500,959400,930600,953700,258600,799600,1004600,1239100,978000,852800,258800,1207700,983900,1217400,831500,864800,825100,878500,881900,903600,506600,254600,940100,801500,825700,723600,262700,257000,797800,858700,260800,907600,1243400,1171800,763700,897900,911700,839700,259100,1010500,1214600,1277000,696000,948200,815800,252700,1177700,867300,249300,258900,276800,851900,258700,815100,292200,812600,770900,672800,873400,920400,754400,802000,827300,912500,808100,1100600,870200,806400,1234100,245400,761600,902700,275200,865000,816800,818400,273900,740500,1156600,793800,783200,1022600,1159800,1193800,847500,1001200,905500,786900,1058300,263400,836800,793400,825300,865400,843000,245800,984400,279500,832800,846400,1082800,1149500,861500,841900,875600,1129000,1116000,860700,254000,870900,257000,928600,859700,1253500,895800,804600,271200,741800,767700,256500,848700,900700,789500,877200,830100,841500,902700,880500,957300,860800,831900,259600,257800,1234700,844100,765300,1076400,764700,871800,799000,861900,1112800,891600,862700,727900,1173500,930100,840300,950200,808300,1271800,858400,261400,1277600,1131700,997200,383200,855500,890100,805000,992200,965800,837100,890100,836800,1088000,745000,850400,1070900,790200,1140800,812400,992000,1154200,888000,833600,832400,792800,965800,844500,821300,999700,785000,1074600,257100,993900,815500,1202900,259000,1140400,268200,882100,1172500,247900,909600,875300,938500,787200,838900,968000,923800,1056600,905600,906400,959600,1267700,813900,931200,902700,1200500,1115600,1179000,1253600,863000,855400,284900,264600,264500,740100,1124100,1156400,735100,914800,248600,1053400,712000,852100,1256000,286300,897700,927000,888700,958800,1147200,246200,997600,262400,253300,826000,250300,869400,837300,976300,1144600,953500,1035800,1185800,1218300,895600,1024400,853100,438800,861000,898200,916600,1222800,850900,857800,1085900,249100,856900,849500,261800,1275500,1188800,869700,1169000,248000,1055500,954000,1174300,256600,886200,815700,985800,1002200,883200,911400,739600,921700,863500,258500,890600,883100,887000,711700,1176600,287800,880700,1055500,967800,883600,263200,965300,911900,255800,803100,247500,1260700,255800,1093300,319200,1251400,310000,294800,887000,884400,264200,885100,266400,933900,886800,247100,899700,797900,927800,868600,803400,875300,1179000,1006700,840700,1058600,1257500,257300,1259000,575600,258800,791500,291700,878900,827900,1268000,995500,866300,863700,961300,812900,824900,914000,261300,827900,834800,826400,892100,1233200,1157100,424400,820600,1177500,885300,932200,1199500,878200,957700,970500,1250400,330000,262300,961000,251800,972700,924100,872500,1160700,901900,774200,785800,1120700,1069600,842600,1276100,1156400,969300,904800,931700,878900,853900,260000,267100,790700,1197200,803500,301300,247700,870900,854900,884400,875100,1248300,874000,1264500,809900,958800,926600,900900,959500,1263700,1033100,906800,822700,709000,1277400,878300,881300,741800,251600,818000,914400,812200,817700,287900,1173200,1167300,1180800,828900,553200,1241900,1042200,875000,973900,1004900,778600,792100,892100,972700,1060400,859500,1038700,889400,245300,1266500,747600,424100,255200,887600,257900,1146500,280500,819700,257100,1201800,335800,1123000,1144200,802600,1124000,270000,248700,933600,909900,896000,263300,917100,930600,888400,1198900,781500,1098600,1230000,327700,1066400,920300,255500,918500,793400,887200,1190400,1054500,252900,360700,900300,1142900,259800,891100,853700,890100,248600,296700,1137700,1186800,846700,811500,934700,905500,763800,531900,920800,759300,828400,325700,771500,1145900,290400,754700,250200,1158900,316000,1258300,850600,895900,289000,246200,1192200,1235200,852200,912300,873200,888000,772300,934800,1196100,258700,822500,679400,1014400,913700,851300,814800,894900,888500,921900,1162100,776500,849000,1160900,895900,287700,703100,1063500,907400,297700,947900,326600,1261000,961600,843100,1175400,780300,1065400,722700,1193100,1251600,277500,766400,840700,883200,823400,1083200,766100,875000,858600,291900,876600,809300,875100,320000,832700,644300,944800,1101600,928600,1018100,806100,967300,882000,325400,300800,902300,249700,563400,265100,833100,1223200,930500,1246800,878400,1158800,294200,789800,827200,897600,1241100,1227100,1264000,288100,852800,789900,1184200,422700,1258000,264000,894300,869100,799600,807600,1138300,724800,802500,770300,770300,788200,820900,996100,892700,1021700,801600,822700,980700,784100,1225000,903200,1242500,873500,1217100,1232400,285100,1261200,245300,843200,263500,891800,1013000,904300,776400,1068600,258000,308100,849200,265600,245100,1162400,893500,938400,1059000,887100,1030300,816500,786500,783900,788200,926600,869600,246300,844100,796400,1008700,947100,1156100,266000,250200,327500,1228100,1011800,1243600,848700,970600,246400,353400,898500,260400,805200,868500,871300,294900,967000,785000,832200,889700,329200,1191500,801500,825700,897900,916500,806200,891100,922600,1198000,642800,1197300,838100,702400,1234900,834300,1108000,712900,1112000,856800,1051600,731700,244800,716100,263000,725200,905300,1059200,930100,1259100,770900,948400,811200,245300,1175500,857800,267900,800500,738400,808900,257400,295500,692800,304500,846200,337300,900000,809100,1209100,977100,944100,750400,886900,876200,728100,886000,979700,921000,828600,823700,917700,261500,1159400,1119900,265800,247200,843000,824100,281000,1201900,822300,1146700,909500,1202300,873500,629100,853100,991200,273000,815500,781200,259600,260600,868300,351000,727800,1250900,887000,249900,875800,1211600,262000,1272400,970900,917300,952000,1025300,1184600,890900,925200,256400,267800,988800,1231000,258400,1248800,245400,862900,1177000,951600,262800,854600,786100,1272600,1011600,963000,753800,853700,894500,261400,1008400,257700,933500,895400,866400,295500,830400,943900,245100,1014100,756500,805700,799900,253500,964800,898400,698600,854700,1222600,301900,1185400,828100,849400,728200,792700,792400,1171900,930300,1227700,1187600,874900,798400,245100,855300,833900,268900,1244800,792300,967100,891500,1157800,258700,891700,1235900,906700,750100,897800,247100,763200,1114600,783700,987200,910600,690000,856400,862400,258900,278100,247800,898700,703400,1197500,995100,1186200,1144000,1195900,257200,822900,767800,1075800,830700,831600,788100,819700,894200,1253100,1282500,867400,1198300,248600,743700,904200,250200,251800,853000,990900,815700,810700,946200,1254300,1022600,851500,1018800,1077400,975600,874900,251600,888000,1179800,971200,308600,789500,823600,881400,290300,805400,877900,288900,315600,917700,260100,1243300,940600,266400,947800,263700,1250900,1076900,735300,1280300,832900,252100,929900,784000,831100,250600,797500,1263800,746900,895900,929200,1257900,875700,764100,1260600,1193600,1257700,1030300,1197200,264500,821200,345700,1219900,865400,274000,1265500,1176900,1260900,1089500,1212200,1006600,799000,974600,932000,828400,726200,250900,1164800,1226400,1116100,862300,866700,791300,834300,741200,250800,813100,928800,1165100,1128600,247300,865000,804000,1032000,881500,1154000,898200,1137900,827800,250700,252900,776700,254000,879600,919000,1127700,868000,736400,256700,264600,1267600,1187600,949100,1078800,834900,1284000,775900,1202600,1226200,1055600,910400,574300,888200,866500,1082500,920600,824800,875500,271300,258800,737200,892300,250000,898400,945600,731200,809400,851000,1179800,253400,898300,872700,906800,1161200,916000,1044800,812600,262100,801400,744900,880900,719900,254300,902500,885300,1207800,861500,261700,927800,876300,816000,261600,715400,815300,1274700,266900,1055300,921200,864400,816600,904600,1084200,697600,317300,833800,1019600,792100,817900,817000,1212800,775900,720100,749900,892000,1149800,1016200,839300,263300,885600,293900,1190300,871700,824700,835800,807300,1214300,807000,269600,1264700,763700,253300,854000,880800,953600,1223200,1259700,1106600,299500,870300,1245700,314100,265300,804500,262600,844200,877100,280900,992700,1071800,883400,249600,1207500,964200,294400,835900,1135800,774800,1242600,771500,935300,1243400,940200,872100,245200,745100,253200,268500,1269700,923300,1219700,800500,1116400,303400,1109900,1022100,310500,1232900,736200,863800,854700,327200,1155800,864200,896400,884500,324700,271300,265200,954400,308400,268100,879500,836300,913300,815700,842800,1167300,996600,274500,869700,887300,922100,1201800,1110600,1003700,844400,859600,1064800,864700,294400,714400,1268700,891400,1151400,1183700,1210800,893100,989100,950600,783400,272000,1041100,838400,1159200,892600,905100,1083200,881100,879300,870300,1188300,873800,305800,983800,826700,826000,821500,854000,865000,795400,931900,1265300,1073800,250200,871300,813600,1101700,1140700,1058500,1151000,769700,872100,255900,1052700,810500,1055100,723800,1183100,869800,1248400,773700,818300,1093800,274800,863300,865400,1167400,826400,808200,802800,266700,905900,818800,965000,1113700,1201600,264000,275900,892500,905400,839100,260900,717200,841600,857400,262800,1243400,901800,267200,819900,1279200,1247500,782300,834500,1126700,980600,1116500,886900,860600,887800,849700,284100,1236000,253800,1187000,1209800,960200,889300,721500,902000,1241600,862100,281700,881000,897400,1193800,307200,816500,696900,784600,281000,863900,918600,1221000,813200,253800,736500,746900,916300,693600,1009900,783500,247600,820700,1269000,1041200,850000,907400,280100,1166200,1177600,247100,883200,880200,907400,1023700,1256300,974400,734800,820300,730100,968000,249300,830700,1263500,803200,1130400,1177400,1202500,805500,870100,261900,989000,941100,792400,1218600,867900,864300,870600,925500,924100,874600,773000,958800,847300,865900,1089700,842500,772600,780400,856000,781700,256500,931000,1129200,1127300,898900,932400,1003600,272100,825300,800900,911400,937200,892900,747700,873500,740200,916200,709400,800000,732300,884000,826900,1245900,310400,277500,292400,859200,1182800,968800,263300,980600,853400,809700,259100,1057000,985000,864200,800800,888700,882200,1245100,1169400,260400,260800,263600,252700,857700,900300,253700,912100,830200,273600,789700,990900,245200,955200,778400,983400,825100,897000,1103300,925300,880300,403200,810100,896600,1228200,771400,947100,1133900,543600,980200,986600,289800,242900,877800,867600,859800,784600,1145800,912500,269100,864900,848900,255100,911200,1148000,920100,784000,1201400,925100,862900,1240800,923600,1231800,877800,262800,1174700,933100,832300,734300,282100,1137000,873000,870100,1132200,248900,923200,488200,1202500,1140900,843400,1191800,704000,843200,1214700,696900,802300,924300,791200,286400,735500,940600,275100,945100,973200,836900,256300,745100,949200,1153800,955300,999200,1211200,1237300,1192200,765600,886900,1009200,906100,1224400,1173300,945900,250700,1257800,920600,979400,1199300,799900,336200,812800,892300,715700,271800,1198200,977600,860900,864000,284700,791100,1161300,933500,903400,259000,1053200,908200,856000,244300,797600,1244000,891400,541300,266600,878300,844600,882500,974800,814700,868800,883800,773100,845300,975400,872100,950000,326800,782400,1267500,1126800,1007700,249100,1067300,808600,853200,871900,908500,896300,888100,1099800,893600,823900,831300,961500,865400,880600,861800,252400,896400,860400,775200,785500,766800,907500,932400,1018000,800300,1202200,810900,253300,974600,1144200,327500,905000,1221100,702400,793700,1158100,975700,1077200,308900,541600,357200,951500,1044700,883200,991100,819000,1131200,1080200,931400,1236600,784700,911000,349000,788500,1246200,1282700,939800,859400,359500,959200,976100,972400,1108600,1066600,1114700,915800,895900,888700,996200,1180900,1130400,244700,259500,262600,1236000,823500,1159800,1100100,552100,829700,293200,340700,886000,846200,811500,761600,902600,743600,1219800,851800,793400,1191200,828000,905500,892600,828100,791400,792800,836300,837000,255200,1183400,928100,252000,1251300,965600,931500,924400,1187800,937600,878800,908800,1149700,1006500,261800,761400,741900,298000,880800,810000,887800,904100,1161400,910800,282600,753900,831900,891000,918800,863200,907600,957100,793200,860100,982700,1017100,846800,935400,846600,979400,811600,247000,792800,1208800,348500,911400,986500,707000,833300,763400,952300,874700,867900,256600,888200,1215200,1202600,883500,839700,809700,329200,817000,1002700,946800,907900,1275800,260800,843800,994100,836600,258900,855700,795100,858900,1249900,908800,250600,796500,879900,1255400,734500,724300,823500,253000,984500,1106500,964200,1211400,854700,718900,259800,873300,847200,815100,937700,279700,856200,800800,760500,988000,1109500,1127400,282200,845500,1184200,879900,1180200,691700,1265800,270900,831000,941700,832300,892600,1254200,1112900,885000,918100,1130900,807900,1237600,855100,930000,707500,310600,1179600,918700,904400,854200,798800,887200,889200,873300,1177900,838300,893200,845000,852400,860400,250100,849200,879800,248000,259800,264100,813600,927700,1180500,1179100,924300,790900,969800,909300,262900,1143700,858600,315400,1111200,949000,922000,1257600,830300,256500,926900,892000,874500,1155600,1061300,1245000,968000,271400,1013400,251400,816000,949400,797900,258400,923000,815800,959300,796500,930700,932700,856100,743600,318900,818000,720100,889400,807100,1116000,1250600,896200,808600,288400,978000,1221600,276600,1254600,337300,718200,855500,1252000,961000,905300,796400,263300,746400,1263300,780800,765800,895500,736800,1255100,1205000,1162900,1118900,800100,253600,1100700,839100,805000,897100,976500,828100,258000,261300,1219700,865600,1085000,819900,1213200,1012200,1246200,975000,306800,1106200,893900,851300,847100,936900,1203600,1167500,839400,694600,1077900,1014900,245200,866700,859900,252300,785800,247000,839700,856500,803300,1245700,1219700,1160100,951900,989900,1188600,905700,848700,322400,254200,962600,831600,890500,783200,1236500,262900,1167400,823600,849700,758000,954000,822900,813900,809600,1041900,1282900,905500,748200,265200,840200,836100,981700,895100,718800,254400,967200,1270300,894900,256300,797600,929000,1163600,939600,1245200,777200,1150000,246900,786500,255800,845600,970700,905800,853700,1250500,942000,813600,249500,900200,881300,905900,885200,954800,717800,270200,981600,962700,760600,1250200,1077500,908300,1225600,255800,885400,253400,905300,1106200,926500,854100,796700,918500,942600,847200,257700,1040400,881000,247100,830300,865800,1074100,878700,768700,823400,932700,817400,248200,873900,701400,739400,254300,958800,896200,935600,889000,783600,897700,854200,974000,864500,1208400,255700,286700,256900,1045300,868400,827900,810800,285600,771400,813600,1007600,912100,1077600,831000,839900,246100,278600,1140300,1164800,807000,1123000,861400,819200,828900,849600,1268300,249700,898200,829500,263000,836700,904100,1220600,779100,1176700,742000,911100,1159300,788900,1261900,1019600,690800,916400,984400,273200,299200,889200,953200,807400,1164300,755700,873700,921700,797700,830200,830900,946900,842300,900200,247400,731700,1221100,1225800,895900,1187200,1269400,798700,251700,905900,860400,795200,1025800,1239000,313000,953000,1171400,833200,323200,810700,901000,885100,842700,824200,1009400,281100,274300,719800,883100,750700,962800,832800,1243600,755400,277700,339600,835800,1068700,1145500,826700,803700,245700,1185700,1218000,859200,818200,294900,850100,823500,888000,893100,959400,862100,862300,953600,751600,346100,814700,264200,909400,261700,274200,389400,1156800,1222400,253800,919900,258300,799200,808500,914500,907300,926600,887900,849600,1223900,258000,994900,351800,756000,871800,883400,784200,740000,834700,905800,1016100,1166700,251800,1096200,1019100,887400,256800,713800,1158700,1025500,268400,880900,871300,1165500,1283800,872700,867200,828400,825800,1211800,971200,849400,1238900,855400,874800,300600,851300,863100,1186300,719700,845300,845900,1179300,267100,1045500,961300,1115200,940300,1121200,254900,869900,249500,257700,1283600,269800,715800,903700,1201500,878000,888600,806900,1260200,879000,799000,851400,284800,710000,1107000,1033000,892700,820700,284500,956600,263700,825700,1058800,1112500,880500,250400,854700,873600,1130800,288700,258100,256700,861500,1213400,948000,1055600,1232800,261500,778100,258200,251700,933300,1144200,246100,998000,857500,753900,809300,283400,877000,820200,818600,1247200,797200,930600,904900,1003600,940500,893400,869500,753100,1250900,402300,862300,876100,272100,912200,880600,954800,1203800,967800,822700,746500,991200,813600,244700,273400,899900,257700,854400,938000,262600,910100,1073000,887400,807700,281800,287800,873700,799100,797200,889700,821600,1279400,722000,805000,829900,1270500,891700,842800,1176500,880500,934100,789000,250100,265900,818200,985900,846900,905300,993100,1277300,248000,975800,938700,260000,924100,1218500,296000,255700,251000,284200,746900,771000,842700,1010200,940000,713900,264000,932900,257300,892700,301200,648800,1198700,738200,261600,979400,764600,838800,320700,823500,884900,827900,996200,892800,870300,1148800,889100,887900,812000,1201800,932900,1266100,974600,303900,1251300,918300,1262200,824500,777300,861700,874300,1021000,965200,935900,868400,363200,824800,1240600,1036700,1244000,864400,1157100,705900,1140200,900100,820400,889300,903700,835100,922200,1051700,282900,1228800,1058100,920000,880100,804300,271900,746600,1044600,893800,944000,903600,1187000,897200,889200,929600,1223500,286400,749200,896800,839200,1126300,262400,816000,893800,814900,883300,850900,248200,1188600,1183800,892400,775200,836000,771600,841600,947800,1115300,1234400,811300,978300,834200,1026200,1188900,252000,1184000,875100,926400,898300,792000,852000,914800,1143200,776300,927100,316700,953700,838100,889800,898000,870300,1247100,856900,261000,914600,898900,911600,777000,733800,776400,896800,1106300,1131900,845400,258200,742800,266900,853500,808200,1129000,258200,1114200,1003400,989100,252300,1242200,1206300,778400,864100,759600,1232600,927400,893800,885800,1208300,760500,717400,1093500,855100,716600,244900,886500,818100,365800,763700,878300,1254800,1150000,259700,673400,1242400,259500,279400,263200,1246800,799200,1161200,255300,853500,906200,965600,1133900,865200,908400,793400,1243300,1105800,955000,1258200,897400,1157400,1199200,1233800,844300,979400,249400,897300,1258800,878300,886700,731800,780100,293500,1254000,1204400,250500,1244800,953000,1092700,931600,1201800,921800,798500,841200,857800,944800,250600,796100,904200,865000,985600,907300,1102800,816300,1140600,249900,252100,880800,825400,971500,1242700,1103200,252900,1138000,852500,1251200,698200,1150000,872000,274200,1010900,837300,836200,928000,987700,1194600,256000,837700,892000,261800,1230600,266800,968700,809400,977200,915300,276900,819200,254300,899100,1193600,1189200,300600,937100,1224400,243700,363500,891000,995300,1171500,963100,745100,1275900,245700,782900,956400,1207200,837800,876800,1115800,1069900,257300,1185600,247300,249600,869300,306300,798900,828600,878500,857100,1082800,882800,765700,820900,253800,951400,911800,950900,253800,747300,834700,891700,1113200,1012900,989000,965800,876600,1049100,810000,899100,1031000,982800,723700,277900,997600,903600,877900,971800,832900,885000,850300,894300,1136100,879200,1163400,1257100,906900,1125700,905800,906800,986700,723200,343500,798400,899100,250800,1144300,910600,749500,906100,987200,782600,1076800,937400,907200,842200,277400,285400,812500,958100,937100,1231900,1258000,264300,1217800,848800,802900,674400,1137100,766900,304100,848400,1094600,1102600,1263800,990800,261100,871800,854300,812700,1077900,256100,719600,889800,254000,894800,1007200,1164500,1248600,943500,945400,308400,979300,915400,880900,986400,875000,1229500,918500,917200,1147900,1210300,866100,864300,320100,1172300,881800,791300,262200,871000,267100,798900,895200,826300,824800,866700,867600,893300,916600,978400,1260000,1150000,751800,898100,900100,871500,254700,789100,1226800,1149900,244600,1056800,245300,897300,718400,925800,771700,941800,835800,748200,849500,1008200,941400,324900,894700,1192600,793100,872700,882000,796100,946500,968100,853500,1027800,826600,874500,1212400,795000,1239300,783500,851000,956500,259100,343800,829400,1046300,918600,1195200,267500,948600,799800,915400,246400,1001600,814500,794100,834600,878400,900100,812900,828000,815800,257800,927000,855500,858400,795900,990600,265200,1143300,1244600,814700,269800,819800,1275000,1159500,1164900,254500,892900,774400,257500,946900,272200,1048400,255900,944700,818800,763800,915200,898300,900100,942500,829700,914700,840000,1178400,256400,870900,772200,864800,1197900,820000,900900,735800,832000,1018000,1243900,864600,806800,1101200,1196000,850100,870000,1187400,970300,929500,945500,322200,1235600,975400,575400,798900,1269900,790900,1269300,807000,920200,732600,274700,863800,277300,810600,1172700,1181000,924400,249200,934800,828200,1093300,861500,859700,864400,1202000,1238300,923700,893900,852100,789900,1091700,818500,761700,266600,253500,255300,901000,906600,803100,740200,875600,950900,1270000,1264200,970600,995500,900100,1041200,1175800,926200,984800,960200,896100,838100,803100,806500,1114100,783100,845300,901200,863000,260700,684000,771100,712900,907400,1166800,957800,895400,864700,888800,271800,1161200,880400,998900,243200,894300,258500,849500,1167700,794100,974700,819700,878000,873800,743200,897900,918400,728500,1161100,896700,860900,979000,246600,911500,788800,1262800,757000,786700,1156400,882100,864900,1130500,996500,841500,1233800,849800,848800,875900,842000,799300,771400,277000,757700,797000,836900,808600,837300,1179600,257500,274900,1072600,809800,871200,251400,755900,817800,249900,945600,315400,824800,1131800,1234800,701200,253900,823300,845900,1146700,824300,1069400,754800,838300,955500,1157900,1123500,810000,798300,248100,772600,793700,943500,839600,722500,1163100,276600,974700,1273200,1104700,823400,1198600,956600,285100,1229900,957300,820400,930000,1135000,747400,858200,815600,254100,880700,770400,892100,244100,813000,266200,1209500,824500,258200,978700,810800,776500,736500,902100,852900,804500,266900,828300,901300,992700,831100,816400,246900,1232100,1269100,252500,971500,249800,271600,263700,767400,880100,250000,912800,778900,324900,817500,634900,929800,811800,851100,1235000,281800,888400,840800,794100,1193700,894100,799900,819200,1209100,863600,853600,862500,909500,824200,245300,974200,825100,801400,901600,951900,1136400,1008800,920100,749400,1102500,798400,809600,985200,274000,827000,854300,256900,1182200,855000,1215900,945200,858600,267600,732500,856700,1170600,859600,1206100,750800,1052600,1099000,809100,1239900,1232600,848900,932500,809100,984900,898100,742400,924400,254300,1207000,879100,817000,806900,1136600,1071600,1067500,904800,1133000,898500,878700,911700,259400,273500,1094000,958800,827900,249700,834700,867500,958500,1132200,790900,1103700,1253000,772500,879800,880600,868800,262800,853100,250400,880000,1231400,279800,890000,819500,1204700,1220800,911700,1114000,1128300,897400,920300,1231200,787200,905000,956300,1110400,1279100,255800,297300,699400,875500,876700,250300,900000,904400,286300,255800,909100,743200,870500,242300,798200,856000,1224800,1054000,875000,994500,793700,926000,910200,766400,1231300,794800,876000,1033000,843200,1173400,855900,250600,867400,1234000,1185400,870800,341800,775900,263200,954000,894800,949900,976900,975800,811200,811100,247200,246800,740900,882600,874000,776200,281500,264700,249700,892700,851000,909700,882200,254900,793000,976900,706900,815800,939500,266000,1173000,737800,940800,1123000,905800,1174700,911600,899000,855400,360100,890300,933700,720000,900500,1168300,926300,846000,908900,251500,1040100,251300,1206400,844900,885100,1167700,1097000,1176800,807000,1142200,816000,1254200,811900,899200,911200,253400,830900,894500,892900,785200,1258700,985100,903400,813500,1242400,869200,812900,245900,927500,315400,801800,851500,1280800,820400,251400,840800,988500,1195800,1101000,1219300,692200,771900,963100,798500,260200,834500,749300,843500,893000,893800,869100,279100,999900,317200,871700,1104500,666400,256800,1169800,806100,279300,1064300,246000,988300,1166200,860600,863400,852900,1221900,333100,1284100,1263900,945800,955500,710900,1255700,894900,920800,906600,1164800,851300,1250000,703400,775100,881000,918200,859200,976300,253100,922400,860700,827000,251900,1275600,1191200,467500,866900,904900,1043500,927800,779200,901800,878800,863400,1192400,998900,801600,894100,808900,873000,1274700,934600,316600,864500,767200,793100,259400,892200,985200,846500,991000,833500,955400,920900,879100,1211100,986600,1224900,290900,861100,303200,1239100,820100,247200,1224400,262500,862500,893600,254100,856600,1231200,890100,1076800,1192500,258200,845200,898500,1239000,967700,263900,1142300,912100,1197900,1193000,736400,1242200,796700,907300,952900,732500,262800,906600,272100,801500,255300,982800,843100,789600,807900,1171100,1273000,910000,795400,269100,798300,507400,830200,944100,265400,939400,908900,1096500,819100,836000,975900,788100,891400,1244500,800200,773000,845300,970200,875600,806100,828400,852500,276000,944000,811200,1180100,788400,1189700,259800,1245900,1219400,869300,264600,1261500,1236000,316600,290300,901100,1090000,963100,243900,833600,1268800,949300,773500,1188000,889200,817100,885700,305800,1105800,1134100,843200,977000,1030600,891800,705700,1062900,925700,768700,751300,787500,269100,791700,927300,1210300,1216100,256600,714600,1223200,784100,1105300,1255000,329900,735500,1261800,255900,278000,897000,258900,791700,918100,739100,1136200,1148800,269000,869100,803900,244700,783800,250000,871800,1152100,1156800,923700,263700,886900,740800,738000,849300,253000,1093700,1264900,1249600,894300,848800,863100,1231600,804600,891400,942200,269700,820700,275700,727300,710900,890100,867600,898700,1229700,744600,870600,1008400,815300,893600,259700,681300,799200,275600,907500,829300,1221400,860200,1215200,851300,246500,302000,677900,260400,924400,754900,882300,272100,820400,856500,894100,801000,791200,961300,952700,749300,839700,266400,841600,849100,1199400,873700,806200,898100,1189400,837400,858300,877800,269600,264100,261300,788700,924100,759500,908500,968600,802900,893700,707300,750900,855900,783000,853800,248000,270100,896200,321200,919200,994700,801500,775000,861400,757400,871800,871500,1075400,915100,871100,843800,938000,815700,1180000,975200,893600,1218600,1259600,1110400,820300,768800,754200,844900,961900,1246500,847400,1013600,798500,1181000,256800,1076800,1169800,908900,904200,827300,1182300,786000,255600,1230700,780600,1284300,1159200,805700,926200,1162700,1102500,829500,1103000,1131100,828200,1257500,286500,1132100,581100,889600,297400,730800,1243400,1130000,1208400,887100,844700,285300,880900,929000,778100,973800,880500,245500,825500,453800,263300,1273900,1241600,732800,862300,938100,265300,978300,1049200,257800,1005300,1093300,1182000,1035800,972900,1118900,271100,255600,1042400,777600,890700,1086300,932600,946200,1244200,890900,1256000,246100,892100,1220100,811900,917400,500400,857100,927900,838800,794800,980000,246000,782200,927500,1137500,931600,894600,933400,249400,1133600,1140400,852200,1139300,864200,1217900,795700,277300,248600,839500,944600,867000,736200,256300,272700,861000,248200,256500,728100,889500,1122800,880900,1206000,903900,872400,274700,892200,1201900,875000,268800,322500,887600,313200,775500,893200,818600,1248300,725600,1266700,825900,280300,292400,256900,1264200,934300,905600,881800,984500,733100,245100,1136200,968400,251400,1181200,848900,837800,1092000,854400,262400,315400,793400,958100,249600,886100,878800,253200,864700,802900,899800,870600,825000,1190000,804600,1213100,876300,983700,900100,991000,761800,946300,249900,258400,1004500,830200,814200,1174500,1234600,997300,1213800,858900,915500,246200,870700,828500,311900,293700,904400,1275400,1187800,388000,842000,955100,847200,868400,751300,943900,881200,734000,910800,721100,1154400,816000,1191500,261500,983200,908600,247300,929500,929800,720200,258300,1212000,881100,317000,974200,854100,304800,247300,279900,890000,854200,1002500,805900,266300,729700,854200,847800,950200,247000,1121500,901600,271800,754000,859200,253400,250400,816600,852700,866800,881100,887800,1271300,785400,884700,883200,869900,947100,887500,875400,971500,882300,810300,1211800,850100,811800,248400,1204800,876500,818500,985600,699300,1031100,868600,246700,824200,352500,250600,978000,714600,897900,251300,1165800,882000,325500,763500,267600,877400,797100,919700,1081100,261500,245600,825300,977400,812800,824400,879400,728900,252900,1254600,959900,266200,272500,792300,966800,971300,821900,1143100,822200,1257000,273500,781900,249400,244700,1261800,245900,879700,820300,1185000,818700,1114900,799900,248400,841600,944900,1086400,853400,733200,843900,739500,734100,268600,1180700,777800,714100,866600,1161700,914300,801000,345200,969200,287100,979000,1239400,748100,318500,804600,253100,800200,1258400,890100,901000,277400,1110700,799200,266200,798500,245500,250900,1121900,798700,987100,903600,882500,968600,906300,796000,1176800,917500,263200,874600,1136700,1088600,273800,898600,724500,1264900,786900,247100,863200,1156900,1277300,274100,818700,856400,929200,251800,330400,1184500,309600,868900,736500,1275300,1045800,713400,852100,307400,886700,1214200,256300,300400,823900,757700,245200,882300,252100,946400,264100,876900,850100,772800,1216700,1134100,1134500,823900,817200,798700,1241300,966500,981100,1235800,247400,852200,906300,282200,858000,857400,774900,253900,818400,908000,933900,856800,1222800,898500,280900,936400,894400,951400,835800,854900,743600,1079700,1267900,800400,986400,830400,867900,854600,831100,973100,873100,864600,266100,923900,979400,1244900,1027700,270000,908800,1191200,843000,968600,1183800,888600,1144400,739600,867600,902900,1022800,907900,816400,938900,748900,897600,891600,789500,302700,1026600,279100,720800,791000,992400,1117400,948200,332600,1193100,972000,344800,856500,1158000,932500,1160000,1240500,253700,807200,1219500,1020700,251300,1018400,246600,1172200,821000,884400,1044700,287900,817200,820500,836500,857100,338200,809400,905700,245300,931400,790000,951500,247400,999600,806600,1056000,868500,266500,1211900,258000,847500,271500,255900,823800,871200,717500,982400,254100,896400,723800,914300,900000,832500,1168100,825400,322300,808900,1018300,243500,1168600,823100,253200,864300,914800,274200,868800,875500,809500,254500,840900,1001200,1263000,245800,1235200,252300,763700,1170800,878700,894500,963500,1082400,740200,857900,836700,818000,762700,876600,959600,831900,834900,357100,890800,887000,1215000,1166700,800300,247400,262800,1051700,896200,1250100,715500,955200,906700,246000,264900,942500,722000,824300,1108700,1166000,254200,819000,1273500,873200,269300,822900,870200,821100,259000,716600,956700,1099600,770200,258300,859100,260400,877000,897700,1000500,258000,896200,896200,975100,999400,746200,781600,1181100,769600,922800,995100,261400,972500,881900,269700,812900,281800,1041600,1178200,848700,943700,266500,1170900,298400,694000,906000,828600,1138500,832600,246300,848000,802900,1222500,904100,872100,772600,273400,251700,243400,1163100,807800,352700,771500,1277100,270000,964400,1151500,998800,1181700,743800,802200,819600,754600,1198200,770800,723500,789600,907600,931100,255000,906700,275400,905300,257200,733400,246600,1197000,829200,893700,867700,791800,895800,785600,876300,973200,865600,1259500,1154200,880800,867800,796300,1075600,885200,935500,817600,883800,802300,871300,925800,881400,814000,961700,793900,860600,867900,821900,774800,899500,874300,793100,255700,250000,836800,264100,849000,887500,886500,859900,1185000,800000,253800,1153900,820200,1002800,862200,748500,1157000,906700,1233600,895700,261000,268900,922600,1180600,1020800,1170200,810100,268700,965600,266000,851400,742300,783600,783200,882900,847300,964000,265700,796300,876100,925200,995700,264800,276100,1019700,884700,899600,1227800,790700,876200,887300,798800,268300,903000,1221500,960400,341900,908900,792600,796000,284100,1217900,921000,257900,939900,720000,765900,941700,944500,899700,940500,397100,744700,257700,260400,1162800,963500,992700,295300,810000,255600,1055000,868600,946500,809000,786100,1252000,1120400,330600,1222300,875700,831700,955700,266400,257700,853600,906700,926200,1174300,926500,1052300,1144000,1200600,247900,1187300,281300,257800,256200,996200,875200,265700,774100,1008500,905300,714700,883500,1122600,1145400,801600,876100,798800,1085400,1232800,803100,1031200,269800,868100,793100,800200,896300,905900,705700,1060600,821000,967400,261900,248900,294700,1219100,860500,1092800,947200,1129000,825900,962700,877300,786100,819000,309800,938600,258700,881700,904300,789400,879500,1054700,982100,974600,893400,1177900,814700,934300,880000,867500,969800,880500,863900,1211100,267400,1228700,873300,1222900,766000,960000,848400,255600,834200,269100,802500,855200,1109800,246400,916500,707800,896400,1172900,343700,1106200,780000,1181100,838000,854000,1224600,874300,256600,1121300,891000,907300,870300,883100,883300,262900,840700,931700,884000,255500,901800,739100,793100,1206800,1267300,235600,998400,1274000,1167400,1218300,832800,810900,982900,955300,885200,969900,794500,801800,1080100,331800,1194200,909100,721700,259700,1266900,833200,954000,1047800,711900,893900,794400,822100,257400,851000,1142600,1201500,1223400,785600,958600,950200,825900,786100,1271500,903000,266300,1200600,828000,767000,868600,874400,295900,850000,860500,802500,1214000,817000,1206500,910100,250700,1260200,857300,1147500,265600,789600,896700,248100,246700,1231200,1251900,1147700,874500,1252700,1036900,803900,382200,1263100,891400,801100,274900,284400,251500,280300,917400,977900,869000,919400,847500,887800,885900,1249100,1247100,673600,896600,855700,1161400,887800,1135100,887800,1218900,1223600,1003800,977800,335900,886200,256700,1135100,883800,763200,1174800,928100,874900,259700,831500,1081600,973500,859000,1009400,252300,935500,809900,855100,861500,1218800,841000,786200,268000,644700,1163500,920200,1099800,898800,273400,759700,783800,975800,875000,1156100,791700,257500,766900,892800,960400,863200,817100,797700,1149000,278300,1196700,252600,913000,879900,1121200,1274100,1137600,1270600,1277600,886000,766900,993700,830100,860700,818800,898800,837500,728600,321400,731000,868000,1206000,920800,822400,895700,848500,1048000,1175800,960200,301700,1157200,860200,904800,1028400,342300,279500,999200,1164800,803000,252100,259900,856000,1218700,286300,833400,1165900,1241200,250700,1169000,283700,870900,844800,254600,795600,856100,886400,256100,907800,1215300,1039800,841200,905700,254500,832300,929600,912700,932000,1122000,1144000,915900,1177500,884900,831100,873400,780900,1040800,883300,858700,1224500,272600,1280200,247000,1274800,938100,1189400,244000,870300,248200,253400,857200,962400,257100,768900,1068300,278500,956100,799100,913800,901200,872200,799400,965000,1034000,818900,744100,1230900,1157900,1188100,829800,735100,892200,858100,266700,1106600,247400,714000,783700,875600,879200,825400,855700,1232900,250700,1251700,771000,1241600,313200,733700,1252400,1177100,853900,953100,1103600,887200,262300,1072100,742100,773200,810200,904200,821500,1267900,777600,816500,981300,812100,939100,818700,964700,1188700,259300,1014700,785500,848000,817700,861800,1227200,882000,256400,281700,1163400,938400,1214100,853300,1214100,989200,1194000,307700,995800,901300,1174700,906100,1203400,973300,262300,982500,805900,739500,745600,891100,1230800,263500,855200,1169500,899700,1057300,259900,758600,986800,910500,824500,961100,274100,911700,777000,893100,873500,1273100,263600,273800,838300,872900,475800,871400,952100,904200,1206000,1265500,281600,311500,753600,248400,883000,309600,980400,808400,695800,857800,1036800,1122800,758700,999600,1265300,810600,882700,853900,847900,944800,264200,780000,1087200,832900,1013200,1089200,863300,753100,825000,846100,872500,1281000,906400,1165200,1030200,878500,864700,726700,969000,1240300,910500,785600,764400,953500,1187500,802100,1148000,888200,342600,827100,969900,886100,1249600,955700,897600,1151400,1278700,256100,907000,898600,765700,605900,264900,792700,1237400,818700,746800,1252800,1125600,925400,838100,335500,1140600,940900,801300,983200,914800,930800,744200,810300,1258200,724500,812100,267700,841700,1030700,911400,954500,782500,954700,267700,820600,914900,1232300,822400,1162000,928200,875400,249800,873900,968800,246300,1223300,881900,844200,253700,889100,1219800,1222700,810300,928400,847100,1041000,246200,951000,1247800,952200,787100,269600,894600,869700,1179100,896600,285800,257700,1241500,872600,289600,983800,779700,1251400,1019300,531900,902900,746400,1216500,280400,1217000,904200,828700,856700,934000,769100,1055000,796600,861300,1055000,797300,1214300,874100,313900,795500,936900,858500,252800,954900,1147100,870300,794900,846200,783300,870500,334000,793000,315800,269500,803500,266000,1115400,258000,890900,751300,852600,910600,894400,859300,846300,908800,1005700,256300,854100,907300,789300,809800,912000,986500,944500,965000,1212800,256400,875600,875700,829600,749800,1209900,1137100,883200,990800,1186600,1097400,267800,882600,841800,256400,889400,287900,749900,855000,886900,947900,1211000,939900,924100,972700,765100,836400,1005000,822100,715200,1199300,912200,848500,1002600,939700,258000,267800,988000,1013700,930000,251200,867600,1171800,786100,863800,758100,250400,764700,258100,281300,764000,870300,1189900,1167700,1253300,964500,879200,908300,1245100,1212900,1254200,746400,947100,1135400,1037900,877000,1163900,799000,875500,834000,1123300,1035900,873500,287300,1185600,1194000,718000,1013400,250500,1218100,932900,918200,982000,966600,1277200,756400,270200,826800,1258500,873500,785100,860900,910200,769800,801600,305900,277200,989500,860900,866700,1096000,717800,913100,781400,1100700,881600,839900,1228100,877800,1062300,1269200,921100,768300,859500,285400,1267800,883900,258400,1235100,855900,942600,883300,1218400,748700,907300,260200,880000,1246700,250300,1202300,977800,271500,882300,886200,1272000,1001600,926200,1150900,1000900,1158200,250800,258000,1044000,830400,1179800,883300,873300,261200,956900,790700,1190300,1252900,843900,1241900,291000,281800,1278300,881900,733400,1034700,770000,1221100,262700,896800,864800,1147800,854800,1134000,847800,281000,892700,1175200,259600,773800,946700,247100,870100,1200000,924600,1108800,902700,300200,908500,281300,1152500,848700,872900,1238200,1140700,888700,846700,872800,775800,271100,1159500,735800,808300,841900,984700,868300,962500,1247500,754800,994300,1026300,911100,867300,269000,894200,958000,903500,279700,468700,332900,1167000,858600,989000,245500,869500,872700,1226800,941400,792700,900000,1149600,746200,1247000,860300,1177600,955100,256400,875300,1023000,253800,259800,1106400,829400,850700,382500,847100,946200,879800,783400,1109300,1263700,900800,806600,1219200,801500,1196200,869300,1045800,838400,1208300,978100,822400,837900,814000,799600,1223900,894500,886200,1073700,1054400,1042000,1212300,247500,981600,976900,813500,850900,1048200,780100,1277300,752100,1045100,930100,894600,1065200,796200,745100,818000,925700,909300,1200900,938900,1274400,292300,1005200,1180800,850800,247500,293300,1217200,1077300,733000,1261800,913100,860100,843200,823700,968100,780100,823900,872400,992500,1230700,1112500,926700,894300,1198500,845400,819300,315000,740700,820000,783100,771400,257300,694000,888300,273200,1262600,1236300,305100,254100,867000,812100,1127800,1147600,1038400,873400,788300,915600,913900,923900,1218400,891400,785100,1024100,244300,749200,1070500,273000,274700,251000,945100,719400,819100,250900,251200,295800,287500,1275000,880700,343000,1251800,262100,300600,964100,848300,766800,1178100,1156400,306200,835900,1034500,889600,847100,844400,896000,709100,768400,806800,261200,1129900,776600,314300,905100,1266300,1249900,826800,246300,853900,794200,273600,1003200,928400,271400,849200,1220000,827900,277500,1243300,1180100,855500,269000,979300,1006800,1106200,768500,812200,260400,330800,945000,864100,916200,956500,868600,788700,824900,253100,696000,940300,987800,1222400,1114100,256600,878800,1157400,898700,897100,1155300,1235700,1135900,1266100,1011700,781600,1191800,983300,847800,870800,1205100,273100,255900,248500,1226100,1082200,1246400,248800,904700,1207200,785800,293400,902700,922600,248400,826000,1146300,858600,1269700,1132700,882600,1206400,721700,899300,292200,856600,825400,260000,833200,705000,1211500,913000,259400,1041400,820200,250700,770800,889400,846900,251100,289700,828100,782800,851700,1105900,1256700,1285800,884800,1060300,267400,908600,874200,904600,881600,826200,871800,738000,957600,855500,797500,1061300,245600,889100,251300,1250800,922500,850000,1245800,1194700,1213500,962300,915600,1196800,1148800,1201400,829900,945400,272100,803800,885400,738500,797300,718300,992200,854200,848900,247600,249300,1030300,260400,256300,833200,950400,1023600,1145400,742100,1136000,1182800,813100,1270700,799500,260500,254900,857100,248400,737800,1092200,998700,873200,1185800,902200,255300,1176300,1191700,911900,777300,851000,1211900,738700,892800,1213000,851000,1160100,940500,1246900,836600,806700,738900,952400,276800,247100,260900,244900,1185700,259100,920900,853200,1022300,804100,916300,737900,895100,855100,1199700,1272200,1002200,271300,1125300,874800,351900,777800,1004300,1158000,267700,778400,831700,877800,719800,894300,937700,263600,243400,902000,948100,831600,854100,955600,1018000,1022200,716400,261200,268800,935100,880900,898500,731400,882600,245600,1030100,901300,1090800,258300,871000,856100,801500,1220200,983100,1257400,912400,777700,1234200,886600,1169000,1171400,1116200,783300,1249500,947600,263000,278800,1181200,1268300,1201600,847900,1105600,252100,1260000,961000,707700,1050600,247100,853400,786100,255600,897000,886000,1172300,897700,940100,247600,253800,923800,842200,890300,762900,820100,903900,250300,1258600,994600,1017000,773600,907600,878600,881900,1124900,263600,847900,785900,302100,858200,817600,922500,740800,881600,760100,1163800
5e-05,0.007900000000000018,713900,869700,766000,865100,914900,1089400,799900,746400,813200,920700,891000,789800,1116800,818100,825600,850100,1412900,802600,817500,1544700,744000,1052600,1265500,1092300,862300,807400,814900,752500,925200,1120700,1444400,723100,1036700,849300,1083300,785000,783300,657100,1123000,1483200,1168900,1192700,1081000,910200,1404200,730800,776600,801500,1214100,1563600,621600,1172100,753100,1426100,830300,752600,1606700,1113100,966400,675300,834400,1434800,730600,743100,1072600,1038200,866200,819900,718300,742300,691100,759500,1142300,1062400,726900,706100,626400,1841600,972400,1200700,1405900,991300,1027400,770700,623700,763600,1037200,1101500,843400,838500,769300,1225900,1482300,679100,821500,838100,608600,845000,808600,1314900,1290100,730700,794600,972200,877800,1409300,835100,1327200,808500,1501900,807500,683400,1431100,787000,703900,1082500,882000,1485800,1123300,715300,778400,1363600,1401100,864100,875000,996000,850000,769200,844500,693200,682100,836600,718400,886000,882100,692700,1240000,1140500,901700,785300,751500,835800,1184100,850600,902600,746900,762100,743900,824400,804300,1451500,938100,1106500,618000,824200,1550000,1155700,728900,1009100,737000,759500,790000,847600,692400,712500,802000,795000,1184600,1074800,730100,728300,793900,1536800,1191400,789500,958400,790600,906600,1210200,820400,749400,759600,763800,1078600,1072100,770100,878400,812000,1158700,785600,732400,695400,865500,824200,839400,825600,758900,774700,810800,667700,1145900,688400,884500,770000,691200,1233000,875200,792100,835200,826000,862500,1050500,662400,1402100,876700,708500,729200,983400,753400,1395600,728700,683400,709900,813500,1035200,733300,1471900,1338700,788400,1672500,657400,1377800,1160500,1463500,669800,824800,773600,680500,701000,764800,849600,1097000,1480700,722800,1289800,787700,796800,1379400,1586100,762400,969300,792200,880500,848500,1230600,806400,666600,869100,800200,1563600,741000,1136400,856900,916600,845400,691600,719400,1090500,772500,1109000,885900,762200,1055200,801200,1418000,1549800,1154900,1206000,829200,1176200,901400,707500,1184900,767300,762700,842300,1136400,707800,740600,1021700,1145000,904000,816200,1055000,1392100,1010200,751800,1167600,762500,1506400,1078400,1050800,1281300,1548000,1792300,1354300,915900,660200,1078100,1607900,933800,825600,847700,808900,723300,1560900,882700,894300,863800,1231800,845400,973700,1044500,791600,689400,743300,1182600,835000,1187300,678700,688400,833200,1011400,1075800,1135900,757000,1445000,1312000,1202900,1686500,672300,760500,773400,895400,721400,682500,1139400,807700,749300,1039100,693000,1533200,1038100,864400,1120500,719800,1316400,846700,1153500,793300,658400,848800,810800,1121800,765500,951000,1183200,1056700,1112300,696200,852300,762400,992600,1016700,904000,851700,1258300,978000,806400,888000,1692600,1337300,909900,1181400,725500,764900,1507300,746900,676200,647400,816400,1586100,989200,752900,1147900,919100,784300,780300,669700,674400,1103000,1496200,979100,1302700,741300,846800,1142500,834600,1487200,1067800,1012500,625600,1104200,749300,899500,770300,1024600,733300,747000,1041000,1513900,1416500,1432300,1197700,728500,1145200,587300,1287900,692900,839000,840400,820500,1419300,681800,772900,1194200,790200,1284100,1511000,1502000,1094000,724200,1069400,1411600,979800,1153000,1407400,1030700,784900,994700,940000,893100,1469300,708700,687700,732400,712900,1380000,677100,673400,947000,740900,1096300,957400,841200,915500,932100,1203500,791200,1215400,972200,1128200,706000,1496700,770300,756400,1162700,1030400,823400,790000,1639700,1147600,834200,885800,1379700,1573900,771500,1101400,1025100,808000,771700,884400,1201700,1421600,813200,896800,766100,1184500,1125500,1023900,815500,773000,854000,1070400,705400,729700,1433800,803300,1099600,729400,800000,645400,881300,1032200,766500,983500,704400,1340400,1165600,1223300,1124200,853200,710200,675200,819100,753000,1584700,884200,877100,675700,850000,746500,752400,683100,820700,821800,745400,802300,863600,817800,745400,782200,806400,1405600,777700,781400,790000,1832400,1104100,1349700,793500,732400,1240400,931100,841900,866000,1420000,1130300,758200,803800,789200,1078100,838400,767400,746600,1390000,617500,1281400,910700,802000,894100,741800,668300,716900,739100,811600,690300,1061100,1729900,685400,1160600,611300,804300,1312500,828800,797900,760200,1458100,1027600,1117300,857900,898300,842400,1372700,659800,822900,847900,771000,768700,1082000,831200,742200,653500,749400,1081300,768400,1384100,807500,774900,1186600,1557000,684000,1327800,651700,959200,734700,878800,861900,1098100,1102500,1372200,1543900,805200,850400,787000,769900,974500,694400,790900,758900,830500,684400,765600,1579600,1163000,1088300,1221000,762200,1409200,838200,672600,829800,849300,1583100,740500,782300,1138500,863000,1442100,1478100,1501000,1033700,911100,948400,741700,1227000,1499100,771000,733300,912400,1583500,1344600,1448200,838800,799100,863600,910700,643100,806800,1576600,1509800,1176600,780800,815300,996200,821800,693700,1076000,1084000,815000,790400,905100,741000,762900,763200,848100,826100,665000,1495700,747900,762000,1501000,1367500,876900,679900,764700,1023000,866400,836700,1058800,743200,777900,787900,1411000,803600,876200,1001100,804600,1190700,1144900,781100,741700,769900,757300,738300,775400,699100,1500300,818800,898600,833500,782900,773100,1046000,809100,1246100,461100,881300,1186900,748300,765200,704400,815900,669600,695100,1087800,1540000,680800,1174400,737300,715100,1251900,741300,762900,837400,737200,711000,1045700,920500,939900,475100,820600,731100,757100,778600,791000,1133500,803000,814800,837600,854000,697100,1188300,642800,1486700,1261300,1272200,881100,717900,722600,820900,846700,766200,1128400,813200,762300,1474400,719900,619100,1532500,1185300,1111400,758600,1330200,813800,737900,759100,899300,744800,777200,823500,1083300,810900,962000,775200,1082100,1383700,763000,835500,933200,1603700,876400,703600,896400,701200,1095400,782200,1013400,887900,922800,1090200,800400,912300,1712600,1526300,766500,1152900,975700,765000,739500,834700,697500,820700,824200,1215600,875500,1553500,678900,837300,871200,1025900,1374800,1174800,1071600,372400,937400,821800,1579200,934500,1127400,834800,1190300,836400,851300,996000,724200,1191200,1007200,1050500,1485200,790200,754200,808500,830700,773100,746100,881100,1149000,1454200,1115400,820700,736700,817500,996200,761900,880600,751800,951400,671800,1146400,1571400,1184500,864700,951800,678400,767400,744300,1149700,916500,1074700,666800,720000,1616300,727000,837500,687200,753700,1205000,691000,751400,818800,779900,881200,1253900,1691200,699900,833400,1164100,719300,1545500,1327400,774300,688600,1177400,752200,826900,1116500,1647300,808900,728100,1300200,844200,765900,584600,813000,811200,728600,862400,908300,807400,1147900,763400,868900,1133900,851400,781900,685200,975600,910800,793700,765000,1065600,994200,1189300,887200,785000,836300,1191700,818800,1202900,1004700,772900,1274600,852900,700100,931700,717300,674300,836200,735100,787100,832100,1053100,1304000,1289600,786700,797600,714600,1242700,873800,682900,1091000,867600,1459400,810300,687700,1108800,1092800,784200,781700,1539200,902600,990900,1064400,922500,1213700,1495600,767100,1461800,817300,1764300,1090700,887600,1177900,1652200,848800,756000,1303200,759800,1454500,861800,830400,687800,863300,887600,885600,694300,712500,1265100,760800,793600,758000,1195900,1266500,834100,1610900,786900,803700,713700,1663500,1188000,1140800,1168800,1514400,753400,836300,1188800,676000,1313400,1617700,756900,741000,1702200,744800,1031900,1150000,718600,782800,951800,813300,813400,691300,1153900,1081100,769800,1185000,883600,964700,1077000,930600,1422000,695700,741000,806800,1635200,1016000,814800,815500,814900,742600,1091700,834300,913900,1056900,1126400,1590000,733000,1109500,763200,839000,805100,768400,1428600,1190600,811200,816600,947800,894200,1524500,782300,930300,794600,876700,871100,1305500,1308400,791700,745100,1569500,898900,1040700,906100,748700,838800,821900,1133200,1426600,1088400,782100,712500,1092800,850600,1182800,1175500,815000,889600,1181100,911500,793100,788700,822500,1000700,801000,953500,1314800,781700,832000,922000,904700,1682600,900400,696600,1429500,829800,852600,746300,743700,788000,910300,1077600,841300,1501700,820100,1453700,1384500,726000,864600,867100,830700,839900,707900,792000,813000,1335100,1372000,828200,995600,941200,840000,868200,1204700,1189200,828700,976900,749700,987500,375000,744800,1064900,1297800,825900,1491000,890900,877400,746500,936400,1115300,738700,733700,662600,749100,776000,1246500,1036600,742800,914400,981300,773300,777900,824700,812000,1016400,1265500,1225100,1139700,810800,969000,1447400,754700,698600,1117400,822000,1526300,1203800,864500,874000,782000,1044800,872100,711900,670000,1152100,707400,762000,1224800,731000,806000,785700,1145400,1457800,1338500,1705100,1383700,1062600,669500,732900,1205800,847600,867600,1484300,1161600,1140600,825700,1560400,715900,1070000,699800,1071300,844400,671400,1197200,792100,1090500,908000,1094700,1303500,726500,854800,1441700,685100,707500,1051300,1098200,808600,773500,740700,767300,554700,1492200,1153300,1517200,907600,806100,852300,896300,1200600,667600,1118200,923200,846700,910800,826400,801800,849200,1107900,1292500,841700,879000,1273600,1308900,799800,730300,872300,821500,1195200,740400,677800,810300,807600,997500,1392100,1389900,818200,776300,1122100,730500,1694300,1619200,775800,1006300,776300,1344500,618200,731900,890600,903800,810000,897300,816600,759500,1283500,754200,761600,858200,710300,1733600,1553900,1078700,757400,1191400,1302000,1628000,765400,742900,1022700,1457700,761400,1183600,812300,790500,940200,898500,840500,1252100,805300,704800,812800,1085700,691900,832600,752400,800500,833500,749800,804500,890000,730300,899100,1595900,932800,810000,788300,758300,1182800,704600,802200,710900,830300,798500,989100,691300,893700,839800,1182900,1161900,750000,1250100,932000,996800,1094700,704400,827300,600700,756600,1514000,1287600,740000,1547300,692600,1539200,1093100,838200,1060500,780400,728700,855000,819400,785300,641400,1363000,1133900,1025600,1229500,683300,1150300,844300,783700,857000,883700,738700,1195300,1391900,1080800,1324200,656400,422400,795100,762000,791400,729700,873900,1059000,849300,886200,1556200,1243400,862800,1545100,839600,1149200,893100,1054900,856800,836200,953200,1316400,1726600,1052900,702700,1186700,868900,809900,1159400,818400,1258300,740900,1090100,661000,1013000,797900,990400,917100,1110200,971200,777400,414900,1678900,892500,1198600,787300,998200,1677700,823100,854500,1405100,881900,716900,1173000,761400,812000,1541600,678900,868200,754600,1102300,899700,901000,713100,1155100,736100,1199600,816000,668200,774200,1076700,1578800,754500,799500,755700,838300,1122400,787500,762500,771900,1110100,704600,688300,1220400,699400,796000,829000,913700,775600,874300,1168000,799000,1510400,769400,711700,888800,1462500,709400,807200,843400,1259800,813600,1257500,826900,843100,715800,1395700,1071500,1303500,1068400,1563600,847700,812700,831300,1102600,635200,1167200,720200,729500,703600,1232800,1132500,825600,1377100,1769700,1250900,783500,822700,1422500,756400,1128200,1060200,783400,1083500,887600,841100,823100,1108400,1631700,675000,935800,1176800,1636000,726900,766100,740400,730400,1246800,730900,911000,1402100,731400,758900,853100,1504300,782200,1469500,1278800,753200,1157800,799200,947200,908000,927300,1132100,755800,1182400,940400,785800,797900,807100,808000,1077600,694900,676000,1185800,771200,838300,732000,839700,1075900,1331200,754200,1206100,1028800,1149600,757200,674700,763800,768800,724400,1483100,831500,850500,777500,1175600,1444900,1209900,1427900,713000,671800,715800,1079200,726100,750800,826600,1454900,1389300,734700,877400,988000,841300,903000,977900,784500,1324900,807500,834300,1465800,714900,944100,702500,819500,836000,1131400,1347000,808100,801600,688100,934100,825000,763200,756400,1208400,1164100,755200,704500,889400,1173900,877100,1249600,1167800,793000,1423000,715200,854700,1266100,882200,774400,718300,652800,920900,886100,1115000,744500,706500,848600,880000,887600,1199800,792400,801600,1043900,1465900,762800,857800,695900,753300,1747100,935400,1154200,939700,798300,1474400,852700,821600,738900,719700,895000,652300,757100,1155600,832100,771000,1277100,765900,740400,694900,1227100,936600,720200,778500,659200,890800,813400,832000,762900,1204500,789900,1046300,856200,1026300,1618400,1214300,993400,1263000,1242500,1337000,1170400,745300,848300,691300,1201100,862200,627100,596600,753000,779800,715200,1674400,715400,701500,1040400,726200,832800,701300,807600,805700,780100,814400,781200,734900,838100,1291400,1425300,779300,1609600,1171600,712100,760400,729900,720200,815500,1142800,1341000,1003400,901700,698300,845600,842600,751500,910900,836400,842600,827000,1263700,743100,1308000,807500,753000,739700,1148400,693500,773800,1305900,803400,742900,1201200,1100500,742800,1328400,707400,1047300,816100,804500,855800,778500,858200,778600,815800,1099900,766900,759800,752300,767800,922300,1496100,693100,759400,1182500,762200,870800,762700,1260700,733900,1480200,877800,788900,593200,751800,678200,751500,811700,667000,1298900,688800,791800,1330200,1401200,784300,1071300,1645000,684500,769200,839000,828200,841000,796900,861800,742900,1198000,825500,746600,700800,969400,851200,784400,803400,911500,1087700,1124100,834600,754000,839400,802300,669800,1185300,852600,739500,888100,950800,1103400,776300,731400,911800,1038500,818500,974900,684900,800600,815700,1507800,698500,769400,827300,1165700,871500,711500,918900,763000,693300,711500,1067200,1326000,835700,748300,623200,880200,1010700,754000,719800,1552800,755100,1020800,658700,827800,734200,838100,923200,695300,744400,843800,1530900,1069700,880700,1456500,1480000,772700,1738600,1244500,1063900,1458700,1188800,730800,816900,1492500,736700,774400,1555700,835600,891100,713300,1268800,818700,1087500,1416600,1501400,917400,838900,813800,745900,1147600,791700,1271200,1208900,844300,819100,817500,795600,793300,733400,1037600,1071700,1086600,926900,527300,771300,820800,801000,751700,834700,1434800,786600,1593800,797300,1396600,1181900,777200,807100,849400,868200,693500,902700,959200,811400,1551700,860100,813000,725700,1391800,827900,697500,1399100,884900,808400,702500,1060900,1382200,1514100,1358500,776500,1239600,835100,727800,1155600,746800,800100,878400,1207600,890900,918300,1245800,722700,1076000,1240700,1186300,799200,1177600,767500,683500,1149200,882800,1487700,733200,755500,805400,768100,728600,1536400,686400,754800,683200,801100,835800,1443700,671000,1073700,732500,837100,1667200,780300,1629500,789600,762700,818300,677200,650800,928600,901600,764300,773000,757100,1060400,714400,1587600,822000,727700,850400,1471800,731400,786700,1134800,1072600,763100,810200,738400,807700,1109000,758900,1138100,1235500,766200,725500,845700,802700,749900,739500,1290000,858100,593700,1117700,863800,807400,786900,820200,1468300,1152300,1061800,1108300,829200,876100,795600,706500,715400,741700,1665200,1232400,1178000,626100,923100,814600,836100,757400,856700,790000,1065000,810200,724300,809700,821500,761000,932600,1053200,1155300,815800,795400,868100,753500,1089400,1400500,776100,1400900,843100,1453600,874000,906900,1197900,818500,1147300,1035600,1123600,1154600,1436400,719700,1023400,942500,741000,671000,1438100,829200,1276000,842300,741100,1216100,770900,684200,688800,1083200,799100,896300,1076100,1118400,1146200,782900,1167400,692000,1013600,718500,747300,1685400,894100,849600,1496200,894600,1559800,852300,908100,1194000,1295900,1222800,989000,843900,1229800,871600,905900,1056500,922700,906400,1198200,777500,1671100,1109200,903300,765500,602900,1663500,741600,1287200,1074500,860000,796500,1048300,772700,1207400,746400,724600,758100,720400,784800,1021100,833500,1664400,820400,1002700,773700,1545200,786400,1097400,1175500,1194700,755000,714500,1410200,742500,749500,761200,740400,982700,792800,712800,915600,695100,1080500,740800,748500,1076600,750700,745300,864100,794800,1496900,1235100,766700,717800,1182500,1383600,823100,714200,678300,1466400,1080500,1075300,820700,801500,1568500,1276300,1095900,938800,778300,915600,918200,1557000,1113100,1144200,881200,1291200,754800,1213500,787100,1069000,804800,1062600,959700,1163000,1400000,744100,668200,1322100,838900,851500,1572300,711000,769800,985700,822000,1564800,704500,773000,923500,1091300,835400,740400,1044900,1079600,1156800,831100,754700,846300,838400,797500,765200,777700,1077600,1178500,754500,804200,1356300,779000,771900,958000,695800,1422300,773600,824700,732100,1068900,971600,732300,1073500,834100,837900,839000,731300,727800,806200,812400,884300,766600,707900,1353200,1558300,1240600,1094700,719300,1107400,850000,1313500,859600,1460200,854400,970400,699500,791400,1046900,914800,924400,1220000,745700,839500,1524100,705800,952300,860300,938800,1005200,762400,968700,1361300,1113000,854700,1251100,792700,1038700,1306900,709000,816900,1326200,794000,817700,860100,742200,1387300,1431600,775100,1304500,909100,753400,794300,736600,768400,1079900,883100,953200,737900,1652800,781400,727800,1083600,1462600,1109200,880700,844500,733000,778800,769000,1301500,1528200,925000,1045000,833600,747700,769900,1321300,764900,897900,1493800,1078900,1419800,807900,901500,657300,688100,1189100,1491300,1106500,842400,753600,934900,686200,673900,753700,1084400,1026200,754700,720200,879600,842700,1392500,860800,751200,757200,1210200,1201400,816800,1467200,676200,780800,734100,1089900,826600,764700,808900,837500,1495600,1468100,1017800,608000,703200,1367500,1269500,809000,1701800,1067300,1463300,1163300,886600,1134400,805900,872700,764300,814500,756800,847100,1323300,867000,832900,1141800,972500,1295400,1634100,941500,950000,1010300,718800,606500,1119900,751300,927500,901900,827700,1094200,794900,889800,974000,738900,1223600,1426200,724700,1146500,494300,672900,838900,742600,1051200,765300,730400,1527200,785200,739100,1346000,827500,860600,881000,840400,754500,761200,851000,916200,1106400,681600,912000,1139900,646400,1443100,1126200,1051600,986600,1141600,1577900,994000,852400,722100,1126600,644500,876000,812100,797000,797100,734500,1260900,861600,956800,1392400,834400,665800,1335000,990300,1470100,1227100,781100,1117900,943900,1047900,1764700,641200,1452500,790600,723800,774900,769600,703600,865400,745800,755700,756500,789300,988700,905000,685400,1202400,818100,816000,1471400,1154600,1009800,1517900,665900,828900,774900,752200,802000,781400,1224500,1141200,1524000,1313100,715400,801500,882400,844900,769500,1089300,725600,780100,805200,767700,1059300,804500,778000,747000,860100,826000,723600,739700,1145000,953700,1196700,793100,1405400,1218100,1223200,814000,1074200,1105000,1339100,798100,767100,1127000,767700,676900,771600,754500,999600,1561500,831200,778900,1110400,937200,998400,1119100,1252100,817300,735200,803900,1334900,1166500,699800,735200,740200,768500,901400,1174900,927000,755100,861000,729600,928400,845600,913400,790900,864700,813100,798300,796500,1266500,761300,887400,1236000,691700,696400,738600,743500,749900,777600,1448300,859500,1049400,879300,1141000,1141500,1277400,1187600,1138200,1163800,793600,1127000,1222900,1198200,678600,1668100,678800,1109400,1127400,836400,711200,799300,752100,713100,888900,1201000,728600,1184100,777200,758200,1219700,1480400,629100,861400,844100,1106900,810700,807800,889800,1070000,908800,870700,697000,788400,914100,1167900,719500,668200,674000,908400,665600,665200,792100,1088600,812300,868700,1058600,1175300,979000,680700,1074200,449900,738000,762800,803300,696100,1408300,721000,855000,746700,756600,843400,958100,1439500,1425400,1276900,1089800,1602200,1264700,766300,859500,871300,1289700,1591700,1058300,1098500,857500,785500,1219600,847700,746300,737000,769600,1314700,1602000,695500,769600,1248000,850400,969600,1071000,1059100,826000,782400,909900,697900,878300,791900,708400,827100,740500,738400,1104300,772600,720700,1160800,671800,818400,804500,752200,751500,672400,1513700,1597800,831500,1692000,813900,887100,828100,1391600,991700,734000,758700,864100,785100,760700,896200,882900,1258900,837300,1078400,1406600,875700,1062300,801600,1151600,829300,821100,1090500,799400,822100,1546500,718400,832800,1623900,775800,736500,756000,815900,836100,1422900,717800,653500,812200,852000,1076300,1122900,1204200,1649000,1026100,636000,790000,1100200,796600,1567600,1133000,843400,818400,1113000,1729900,1515600,1490300,1510800,1130300,746600,1047400,762600,676800,1566400,1855100,853000,860300,1171200,684300,815000,799100,1586700,1235500,936700,799200,1411200,805500,1075700,867200,1353900,939400,1101000,1467000,946100,780500,750500,726800,907700,859300,904600,753700,1191100,1051900,1517900,1182200,1511400,1001900,1350200,1070300,807900,825200,801300,707900,777500,719000,1145600,1511000,687300,669600,738300,711500,817600,1116400,1866900,872700,888800,856800,819200,830400,948800,729400,1608300,1029000,783600,839500,900800,837100,882700,898400,1041900,713800,1515400,1479600,768000,1037400,679600,741800,766800,846100,737800,1295000,1143400,731000,755200,786500,1318200,827800,735900,841200,1366800,1217500,703600,819700,1346200,862900,830000,755100,646600,784900,1101300,1313300,1218900,1310300,967900,829700,826000,716700,1264900,755600,1276800,1140400,757900,754000,789500,763300,1540100,1080800,913600,1369400,654300,876600,850200,722000,1074200,687800,694100,1223700,707400,1250400,1089800,962900,630500,888800,1280800,1217900,689600,764400,741900,1472900,732000,1485700,725200,731900,1650800,712800,729600,747100,831200,1445900,1510900,824200,1612300,781200,691200,701300,716700,1107500,1571800,778800,679500,842300,769200,834000,1480300,727100,882800,741500,823900,1240300,1166700,835800,1127300,1092000,1271100,783500,1067600,821300,751000,1255900,855900,1132500,876400,979800,1267800,768700,884600,762600,808100,759200,666800,879600,827900,1420400,1178300,923300,1266600,879800,834800,978100,1529800,1316100,871200,1038700,694800,786000,1088400,889400,677300,817800,741700,1195200,1253000,1170400,776200,1120300,795700,754300,751600,836700,909200,834500,1916100,1273500,782800,1144000,769400,1448000,708700,792200,1119000,1614500,776300,738400,719300,858200,1272700,953600,804700,851900,1057000,923700,1352800,747300,937800,708300,688600,786600,1198900,709100,794600,781700,773900,708500,1106800,1176300,1523400,762100,1196700,1245800,817900,987700,800600,864400,848900,826300,893400,750300,1270200,1086800,886800,1297300,1157600,844900,823200,1186500,1159800,1205100,1313700,819900,1344000,1307000,845100,1636700,778500,843000,1556000,1492300,820900,793100,864800,871300,1037700,709200,755700,819200,1238800,1114400,1070300,821300,1639300,705900,1102400,658600,658100,1432900,1086800,757400,808700,1112500,1172100,1310600,1070100,935100,814700,789200,820900,1712800,765600,1162000,682500,1147000,736400,1495500,1364100,1102400,767400,750900,1162300,877400,898800,1015700,859200,816100,767200,753600,777500,764800,756600,1446200,742600,1574800,842100,959500,1628600,871000,903700,707500,809300,877300,876500,818900,1523200,830300,677900,1187700,833900,861200,917000,794600,1434200,916400,801400,768000,1096800,606800,1093600,836000,791900,749600,963400,699500,791100,1323200,807100,726900,742600,1446000,673200,653300,1309100,767600,792800,821100,749300,1564500,1470200,1395700,701100,843800,1564500,837600,817200,878800,1098400,1109700,837100,706900,1093600,1053300,937500,828200,819500,798100,807600,1123500,673600,657700,1042600,1735000,1121600,684100,1360400,852000,809600,1159100,693300,1043400,776800,707300,1632600,930700,1126700,1068600,1219300,776200,678700,406400,1333000,802900,1099000,1738900,758700,1003800,686800,768600,740500,888500,874000,711000,1012500,762700,704700,1344000,829000,1667900,759300,1200400,1065300,790100,936500,843700,752200,1271300,819200,1446600,1077700,791200,779300,802600,1167600,683700,882100,772300,761900,678600,827300,1342500,813300,680200,828900,1013500,721300,1145100,943700,1215400,1632200,789400,839200,875800,1633900,879000,830100,900500,662700,793700,767200,724400,725100,820200,1173100,757900,824900,1068900,1023800,921200,881200,780400,745100,820300,822100,1131600,731300,772400,811200,904000,1063600,712000,1043100,831000,799000,720400,835500,1511700,743000,855900,763500,822800,803800,726700,827900,1128900,926800,795500,898700,821600,808000,785700,737900,972700,1298900,765300,790500,766800,811400,1341100,765300,785500,641100,773100,1666800,831800,706100,1453400,784000,780600,1098700,740000,728600,798500,1169200,1121800,1073000,744800,821000,737300,742200,832600,1471700,744300,1307400,1096500,1170500,1240300,746600,791600,814700,1006300,1377300,694800,1186900,877500,823600,1627500,922700,820900,818400,851800,1187300,733000,764600,858100,1734400,1431400,1464800,693300,1570200,838200,854500,1356400,1082400,746700,885500,821000,753200,725900,752300,656700,753200,1034300,1152600,844500,807800,1467000,1195900,1237300,996600,814500,843700,1242200,745100,825600,884900,733600,804800,1532400,811300,1652000,694300,733600,830300,1309900,778400,840200,957000,1388300,675900,862000,793800,756100,877900,682000,739400,648800,1521900,1090000,1110200,1118500,1403700,1189600,1124100,1067500,845500,1392500,1081300,885200,1180300,858100,845100,808200,779500,644900,679500,741300,1073600,640700,821800,1091000,862300,1457900,817800,1628000,1105300,1104100,714500,1415500,729400,752500,900100,847100,685900,652300,820800,1417500,829800,757100,1134300,730300,370800,798700,1447600,695600,739100,919100,1191700,924900,1497900,771700,1491300,884300,917400,824200,734200,838700,1085200,783700,911400,757400,1638500,790600,714500,1521000,1056400,1075900,1337700,1073500,754600,1544900,855800,683000,759200,1484300,733200,1490600,817400,1570000,850400,1145200,1725800,710300,1021700,1204000,837800,1701800,630000,755900,849100,1640600,1367400,814700,930700,838200,746600,703200,859500,724400,774800,1094400,963300,1192600,890200,779000,734500,1047000,832100,679100,783000,1743700,752900,874500,1122200,709700,693400,1105800,835400,758600,834400,720900,886200,852700,815900,1542000,914900,685100,804100,854100,1001400,750100,729200,751900,842000,1204000,639400,677800,669500,681400,745700,1388100,1074000,690500,1429000,833700,774400,764700,764400,819500,1235300,1584800,1313800,599500,776200,1076900,739300,1120200,663700,698800,1234700,737300,852500,1256000,1400500,879000,1064600,709300,737600,833000,807800,827400,784300,1001500,793200,683700,779600,890900,868900,1262800,774900,1254600,1057200,1086500,755800,893800,793000,1148900,883200,1367200,1538500,821600,756800,712500,740800,1070800,731000,1171100,794500,808800,833000,963600,1161300,828200,1295500,750800,1077800,1283200,785200,788700,868600,820900,737400,1148300,1661900,903900,875700,783300,1571800,811200,853400,771500,1143000,1307300,1332200,1181700,1124400,825000,1146600,769500,880800,1439500,809600,1166900,763000,1557000,849400,728900,1128800,1060700,1073900,842600,817400,876900,1448200,877600,1361800,741800,734900,512200,820700,1371000,1230500,830200,853800,832900,890700,764700,712300,765900,734300,747000,1020500,836900,907300,1142000,882200,833700,765600,1098800,1092800,1216700,835900,656400,814300,821000,910900,1542900,810600,699600,761100,519700,968600,1527200,1432200,893200,821800,939800,1231100,748800,1688800,794600,770900,1063400,1277800,846300,794600,1216900,822200,783800,668500,1175100,915600,1178300,756000,682700,765800,1509000,818300,684500,1118600,1072000,760700,845700,764100,749800,760900,1189700,1301900,1010900,837800,806000,806600,1480400,627400,844700,836000,690300,855500,1130800,762200,673000,835900,832400,738900,1287200,769400,1573600,1312300,739300,1323000,715000,694300,610600,674200,708400,762900,833300,1333900,695800,1100100,1129900,979300,1173200,1246900,773100,753900,764600,843300,737300,1213000,781400,735000,944800,1106900,766600,1053400,841900,1050600,749000,744300,1473900,772000,1112300,801600,883600,716900,1749200,832600,785700,800000,998700,860400,1405800,1437300,1009900,799100,774900,688000,888200,748600,1159500,855900,857400,779200,749900,690900,786000,770700,1032400,831400,1060200,1401400,925100,1479700,763600,829400,763600,940100,891000,1560500,726100,932700,1116000,1145400,798200,788900,1172000,847000,1319800,909900,848200,1160300,777700,1306800,777900,1662200,754800,724800,846200,1111700,1492300,766400,833000,811200,1600400,1300900,867500,840600,828900,762100,932500,908100,1113300,790100,914200,1500500,1284600,936900,766000,975400,768900,1038000,699500,913700,878600,1389200,720700,909800,1215400,1218000,768800,848400,1185200,725200,1379500,1222000,1622700,871300,844100,1284600,914300,784300,1082400,788700,797200,720200,730100,1416700,1180400,743200,834300,800500,1428700,704300,1372800,780400,804700,1372800,1512200,876400,879800,1623100,899200,1030400,1359100,911600,1069400,1265100,1149100,868700,741100,1409300,1557300,735700,802700,1223000,760000,906700,818300,993600,1484100,1278300,1194400,802700,965600,819400,838800,1314400,745300,795000,776400,916100,872500,721400,946800,1362200,802400,827500,805900,901800,1092600,1472000,1686000,758600,700600,751700,677200,649600,871800,1534900,688100,1449800,795400,710700,1158800,1224000,736400,1344700,806700,1090300,862200,996500,1208700,718600,972800,853300,1066600,753500,1289900,1145300,991800,765400,941800,750100,918800,829700,813000,1222800,811900,739400,785400,816200,1519400,830100,837200,1059100,761200,845500,714200,768000,810900,1070600,1104500,872900,1369600,1227300,752300,853500,1157500,844600,1582100,749900,1235600,1159200,1499500,778700,766300,974100,1061300,935100,1029800,668100,1443700,778200,704100,737300,1206800,756500,964600,1170900,1006700,855900,1001500,1082900,732800,1136400,1223600,1590600,781300,777800,772900,785400,786300,780300,1072900,1103900,743200,1313200,1144300,799800,801700,809700,792500,788900,794000,822400,755000,970400,886400,800500,887200,748900,752100,1172500,1107200,1042000,835300,1308000,845300,834900,1413700,857100,1302000,682600,759500,768600,697700,859200,1211700,1209300,1203500,714600,906700,1684700,779500,736200,872900,1165200,1243000,790400,1230900,841300,1501100,769600,808200,1494900,789500,930000,913000,806600,1056300,1087000,728800,1003400,705700,750800,759600,1178200,1693900,718500,722100,677200,860800,831300,780600,774600,763500,611100,764300,1124400,887500,748700,790700,631400,749900,1155500,1110700,843200,1058400,1102400,809100,680500,861300,1778600,1423700,700600,874500,760500,1190600,873500,837200,1276900,1180900,786500,912100,826500,795800,1227800,824000,1427100,1335000,1106400,789100,730400,1204800,868700,869400,1063600,769700,1383700,1159100,1241800,1090500,838100,1161900,752400,650600,1014000,836400,819100,753300,725600,832700,845900,870100,912300,956100,849100,1341600,839400,1465200,866800,1552900,1157200,869900,904600,787200,876400,1643400,939600,1494400,1120200,1225400,1377300,1057500,694200,685100,858000,779100,709400,781200,1350100,1130600,825200,837000,751900,784400,872400,782200,784400,1426500,907100,759100,1085800,687600,756700,840400,1189400,866000,767500,688500,1406900,750600,719800,951300,824100,647000,836100,764500,1637000,761600,772000,789300,1148400,1217700,786700,1214500,738100,947500,799600,775400,831200,852000,868300,1106100,849800,776700,1580000,718100,809100,1395900,740500,1142000,689000,1346000,732600,760600,650600,833100,1198800,805100,841600,1010600,718900,1141600,1003100,906800,1455400,1144000,856100,377700,838500,806900,868100,1427200,1129000,701300,739600,896000,777700,826700,784300,865800,890300,1177100,1515000,697200,1080300,1392000,1191900,795900,869400,704600,1099300,755600,1096500,800400,744500,718800,726800,819800,1742900,1228700,1089100,831300,782500,755300,989700,747300,720100,681000,770600,1048700,851500,883000,1421500,787400,702700,681100,927500,1096800,1265100,859600,780300,749400,838900,861700,1689500,1474300,1034000,768800,1257800,806900,765800,783000,906000,746700,1164300,719200,1131500,865100,1202300,1489500,1250000,862200,779900,710000,813000,1177700,874800,1039400,680200,1242500,658700,747900,896500,770300,708500,1651800,1114000,847500,745900,1509700,785600,1493200,1073000,1412000,748200,722100,741500,798200,1837900,1152000,1177600,680000,839300,815000,708800,739400,619700,1000700,1586800,1060700,611600,1159900,774300,888500,1794100,1497000,811000,830600,758100,715300,770800,1126400,769700,817300,664400,795900,743300,805000,768200,827100,760400,715000,1126800,1694100,983700,755100,829000,1311800,1138600,1238900,1507900,621300,1364400,1176900,720700,1003200,1617600,734900,780100,697400,707700,1174300,955300,808000,665300,641200,1122600,903900,1012500,925200,698700,1065700,763200,808000,1067200,860700,1305600,866900,1462000,1298600,1382300,825000,777400,932300,832400,809500,789100,1504700,827100,828900,748800,1012600,850400,1339700,886000,835400,1035200,1372800,1048900,812700,839900,841400,752700,1091000,841300,899600,971100,814600,988900,934200,1073000,749300,806000,1159400,810800,860500,811500,1034400,1156800,920000,756800,655600,807900,1020100,930100,742600,822100,739100,812400,1318900,834600,727100,763500,828500,692100,1138700,918500,774600,724400,750700,788300,802700,731600,1169400,789600,1278600,810000,1637100,825800,761700,740600,678900,746000,1193000,1325000,1047400,1275600,900500,905000,710100,791500,802800,906900,829400,945900,731500,1057600,1561600,769600,869000,824000,1458200,740600,673200,979400,711600,1137200,838100,815300,750200,707600,1610500,746200,729900,845900,803300,825700,861400,793800,770100,708900,712300,1100900,797800,713700,1259700,758000,761100,1774700,1553300,782400,751300,731900,1250900,848700,721200,1064100,826500,1639200,846700,821200,662100,1374100,770600,799400,773000,1631700,811200,807600,1187700,762500,1102400,904400,791800,785800,1334900,740400,874600,1092600,1308700,833400,716600,745600,929200,813200,1500000,924300,775600,761800,739400,1358400,1084800,1599600,1645100,672300,762700,1115000,716100,1222600,882200,1441000,815600,858600,1119000,918000,1500100,1023500,744300,769400,838000,381800,1404200,1195700,765500,1126400,852200,737500,852300,1533100,863200,1736900,1073000,842900,1054400,670600,1180400,1141000,790500,1214900,1247500,1220200,678600,1102500,1184500,1044900,720400,937100,692300,814100,908600,708400,942100,722300,933300,701900,1229900,1076100,746700,876700,722100,1281500,667600,692200,900200,661200,749800,1168400,906400,843100,825000,1061400,784400,775500,1201300,845200,814600,443900,748000,750700,847200,856800,796300,798800,1135700,788300,1366800,819000,855800,722300,834600,887200,1157600,720100,1244500,1148000,1115400,644100,1104300,1270800,852800,767000,757300,1201900,645100,758700,806400,803800,909300,1205900,762500,787700,730700,631000,726500,1111900,731600,880700,762800,733600,1100900,636400,1087800,682400,1529300,1046400,1395200,657900,799600,864000,772100,787400,967100,832700,730100,756200,1159900,740200,845200,851100,850000,728100,919100,1032600,854100,763200,807300,1513400,848600,1499300,804000,1498600,767000,692900,1155700,752400,694200,1008500,870100,1165900,681100,859500,1218600,1595500,657100,1012200,731800,1235700,1154900,836900,1161300,831900,742400,1555700,1515400,840400,1545900,928800,1427300,918700,1505800,804100,802500,1057300,786300,1055000,889300,1086600,1535900,865600,1267600,1583800,1205400,755800,1338500,873700,941100,1331400,723000,821300,1346700,728400,1545700,829600,749000,822900,1412200,748600,1522900,856500,1149100,1034500,783400,838700,837700,839400,935100,1107300,1150500,1656500,665800,877200,1396300,934200,1272500,847400,817000,904700,764600,798800,743500,1439800,1785900,825100,868800,836800,769700,1103700,1075700,1002700,964100,1653000,793100,724700,677800,851700,753400,1268500,1178900,1062500,1445900,686200,761900,958300,858900,960100,696000,746200,1063500,591200,824300,680600,1480600,737800,1165300,1179300,750400,819700,1344700,1324200,725200,902200,1277300,852600,753300,813700,1146700,1042600,1097100,808300,739400,888100,1170300,1004300,1519900,1143200,1522800,672500,772000,721300,785600,739900,1277500,727600,841800,802500,759500,848800,823800,697100,744900,681500,1511800,695800,1437800,826500,838800,680400,1154500,1258700,974100,824500,961900,872100,906600,1077900,987100,796100,830200,1096700,825400,762700,871600,1260900,744400,742500,748100,920600,811300,724900,807100,753300,757200,811900,820500,671500,799000,1292400,1488300,775300,1242900,939600,857400,683000,901700,1543600,871900,844200,1165000,759000,1180400,1069800,810900,803900,1084600,727900,808800,818200,831900,611400,765000,1370700,1090400,828500,832500,1240700,885000,806600,863600,1239100,807200,1058200,792400,725400,787500,771800,1233300,804200,764900,760800,898900,757800,762000,829100,883000,1052200,1129500,1268100,937000,799600,1498800,1103800,690100,782100,1153700,1287000,794000,990800,904600,1644000,769000,972500,687800,1248300,1316100,897400,834900,768100,740400,1026800,738400,1049500,1860000,1183900,1245500,1234200,1600900,761000,790600,923900,767800,1115600,843000,759900,1266100,1182500,974900,733900,730700,841100,1414500,929100,710600,974500,1481700,728900,720600,785300,1612900,861400,874700,894100,985700,1457300,685400,660500,1521900,803200,684000,783300,1387200,1557400,634500,1220300,1295300,777400,1134900,805600,829000,888700,784100,842300,1419500,1428700,781100,1482100,1619000,694400,763200,1172000,765100,806300,767400,1578000,735500,782200,746400,650200,1287300,748900,792200,901900,793000,679300,794700,1133800,729500,794100,752100,847900,1359100,703200,780500,1442500,876900,840600,762200,864600,1257900,1212900,844000,726300,740400,906000,1361100,689000,847700,920100,1179500,827200,705500,769500,836100,1372900,698200,744800,796000,752800,1611500,828400,1536800,1006300,789700,1306800,1172500,914200,872900,858300,1119400,771600,687400,1471300,1661800,862800,739000,918000,766400,858900,817300,1022300,1192100,756700,1066300,810000,842700,716200,1182500,883700,801500,640400,1330200,662700,1144200,771900,797400,805400,1625600,972100,646500,752000,817300,947500,934300,804300,898500,761900,757400,639600,1073700,765200,1122900,1053000,819300,798300,1511500,1078600,844700,843100,1573200,873500,687200,741800,744500,907600,1411600,822600,1030800,1507800,1122500,1488800,811900,852600,1650000,1143900,1048900,743100,895600,1302600,1209600,843600,901300,1109300,1219400,1716200,904500,1460900,772300,912200,1636800,1124600,844200,1111200,1195900,855200,924100,1319000,739700,1306300,1690900,741000,1457900,1484000,1197300,1390100,853000,1572500,1531700,691900,1082100,767800,818300,619500,739100,1199400,723000,789600,804400,1689800,765900,993800,764800,970000,830500,817500,1022600,853900,1491400,817200,1672900,1212400,1412000,832100,1311700,644100,1092400,871000,913400,764300,804100,884900,1523400,1230000,780700,1062500,859800,669100,1205100,1443500,755800,997800,860900,1143200,1077200,1241500,662300,736600,1463900,1186500,789200,767300,738000,719900,1145000,743800,725200,1621100,1368500,917200,1568800,884900,1262600,724000,813500,614500,1553200,1125100,741600,1361700,877600,682800,754000,659100,674900,749400,747600,796700,740600,803700,1555900,679700,377600,779800,848500,1202500,745500,1213200,707000,649900,1303700,723300,871300,719000,857000,1148300,847000,817200,1088100,808900,756500,816200,780500,689200,720700,1525800,1174300,1613800,726200,747100,1064000,1022600,1541800,764300,1180400,804900,1207200,650700,854900,682000,801100,858700,1058400,795800,877100,795700,1574900,860400,831200,756300,729200,1308100,784900,981600,817800,657400,921100,885600,1248800,765500,912100,820000,1111700,998200,838600,796900,1034900,802500,1223400,1131700,1076900,1536300,1386800,810300,824200,1285700,1292500,1441500,1562600,701400,651200,689800,804700,1608100,968800,876500,857000,869000,850500,1525300,930000,1013800,1475300,714700,723100,943700,762200,884700,1226100,706100,829100,795600,822500,842000,810600,1023700,912500,1341700,828200,874600,1164200,714100,973000,731900,734800,679800,1061600,719700,737500,806200,763000,1098700,745200,818000,786600,836800,1102500,713000,828500,833100,877900,674500,747600,689200,803500,781300,1650400,758800,816900,1286200,1004900,1501900,762800,775400,451800,684900,747000,1423100,951500,822800,758200,1161900,755400,1546600,1209900,820200,757400,739700,888300,989800,709600,895000,683300,797900,749000,906700,753700,778400,800700,756100,805500,739300,845600,1088200,877400,840900,826100,796600,814900,1294400,727700,1095900,1076700,1195800,897600,1446500,1420700,1525600,743500,940200,716400,733400,1275900,973700,894400,996600,822100,992600,975300,1015300,818000,1456700,834300,1828000,802500,745300,662300,718100,895000,737500,852200,1320700,752500,938400,822900,819100,699400,1482700,811800,853700,857200,771300,773500,932100,838900,793500,896900,1658000,1039700,696900,620800,1043700,813100,1492800,919900,796500,645100,1018600,1397700,1010400,772500,846900,765100,642600,1747700,751200,1357900,920600,711500,778200,756400,1247400,786600,701900,829800,773100,1215500,884100,973900,766900,712300,732600,732600,1059600,986700,835900,817300,1350600,684100,1042600,1512600,839200,719400,714500,1219900,1143100,1485600,774000,1124500,895700,1445100,724900,837900,676700,1103400,803600,1010900,1676700,1474700,764300,776500,1372500,722000,1276100,688400,1371700,693000,834900,781100,734500,893400,686600,707300,758300,639700,765200,859500,1665500,831000,1229300,1104000,812800,833800,728000,830100,1287400,676000,760200,1238400,761400,948500,761500,749400,677300,819100,1272900,1541100,826500,1111500,749100,1092000,1428900,765100,930600,821200,1245000,1166100,1142500,784600,715900,863600,854500,1378900,800900,751500,896000,1060800,887400,813200,1145100,743400,681700,860500,846400,1423200,1344400,1210700,1136800,812900,829300,749700,753800,692100,1262700,1165900,847500,1475200,780200,1325900,815000,783100,769200,776500,1090600,693800,1282500,1064800,721100,942500,802500,1052700,820700,1188800,780300,1160300,796500,754800,705400,752500,873900,843800,1489200,776200,882500,708000,859600,847400,1411600,912500,890000,823500,1409800,1297600,755800,1169000,1007400,788200,790200,1474300,1440100,1145700,1088300,840600,1261400,834100,845100,1665300,867400,829900,1145600,1237300,809400,935100,963200,1176600,859700,732600,728100,720700,718400,824200,725700,1061900,1159700,1023600,911300,1735700,1589400,840000,790900,768900,835800,817300,682900,858800,1227800,1462600,740200,1182900,797400,1140900,1061300,1224000,832000,1058700,1108100,1536500,1406900,793500,681900,747800,1591600,1045400,845500,783900,707600,1203800,1307900,1644400,676200,1134800,761000,784600,834600,765400,667400,1532200,684000,876600,805600,1452300,772700,860600,752000,760300,767600,805900,1058700,1045000,699700,874900,703100,1131800,861700,751800,1521400,615400,1389500,749900,703700,1207700,764100,678100,1079000,1370300,861800,769400,1121100,768400,1177500,849500,1199400,1117800,768900,763600,891200,866500,1213100,859800,1084100,764200,831200,1369200,851700,823400,815600,693600,1680900,1623600,1183700,767600,836000,791500,884200,801800,1141800,760300,1376900,1733800,773200,1533100,1214300,744300,1150000,1259000,1698300,1290900,745300,1218100,1581200,1276900,759800,850100,884700,834600,918800,728900,701900,839000,907100,1269100,1076500,958400,1090100,929300,674800,858400,1105900,667400,840100,1093900,1526100,830400,1667900,831900,858900,980400,1153400,656800,1155900,1621300,1493400,915300,712700,883200,920900,818300,760200,759800,648600,1235400,729400,1062800,1170800,981700,816200,674100,1043800,711300,893300,710600,1710400,1436900,773700,854900,846600,710100,1117300,746600,1239000,1088200,1168100,1442100,925400,1456800,850000,1014300,990600,769300,831500,788700,1252600,1072800,777700,684500,1600800,1440900,726000,762100,791200,757000,1262900,1050500,898700,896900,1730700,859100,1509500,1412200,676600,850700,738100,754900,757100,1229700,767700,1248300,1555300,717900,776400,1554100,718300,830300,1397500,806800,778200,775800,1141000,838000,1449700,1196700,1063200,1261700,892300,1343500,717300,691100,743400,1496500,732800,778900,820400,834400,1622300,779800,1098500,1515500,1449300,684700,718200,1144600,1390300,921500,721800,710700,1020500,1160600,1035500,773300,745300,769000,763900,828500,1161800,1135500,835800,839500,1367000,776900,1559700,978500,765000,692000,1625800,781400,1174500,662200,777400,852700,690000,982700,1114100,743700,1171000,1659900,728200,728800,1545800,1264700,686400,1120000,922900,764200,1528000,833600,846200,746000,718600,785400,702900,741900,814600,827700,1388700,877600,860400,791000,1425700,846900,1101600,1253400,837000,846200,834100,854700,1186400,838200,1248300,954900,772800,1047000,1800900,952900,1383200,1260100,795000,773300,1196300,952200,866300,1173700,822000,761300,862300,1033600,999000,1472300,738700,768000,707800,704400,997600,694800,844300,885700,1201700,758600,804400,995400,1159900,885900,698600,636800,1228100,937800,741800,1105100,814200,746200,815000,712300,680300,667400,1288600,780000,826700,837900,857500,1378400,729400,774000,806200,1439000,726000,712700,694900,881300,780300,792200,1186200,1462800,830700,1371700,752800,1317900,826200,758800,741800,1044500,839400,757300,1155100,755500,809100,646800,1108300,695600,727200,1540400,876800,1537800,852600,1118800,1156000,1206600,1044900,688000,750000,747200,1324700,685000,1466900,1129800,846400,1738000,1208500,1188300,817400,673900,908200,838800,763900,859500,1115800,740100,1167200,742500,1429400,747800,1154700,695900,828200,883100,895600,760200,1344200,853300,695100,818100,731500,1502500,1058900,796900,750300,745800,707000,873200,900900,1421200,753100,708300,778400,1351200,1150100,865900,805500,746500,1114600,1121300,896300,1366000,1470300,685900,817700,781600,771700,1109300,801100,717100,772400,761200,800900,742900,1428600,944600,740700,1120800,1387100,853600,1625800,1389400,677600,872800,1163600,841400,772300,756400,1128500,1115500,832200,810900,764300,646900,702700,907000,1051400,1083900,814200,810500,1109900,1469700,909600,1213900,1121000,714000,784500,1555800,1096300,726600,811800,1545800,639600,793600,936100,1454500,768500,706500,1239700,869100,919400,1164300,868800,1175300,695700,798000,738200,901400,1065200,870000,808600,807000,1116100,1364100,1164400,404200,663000,754700,996900,776000,1756500,743400,835000,1306100,833100,1344900,857000,673400,836300,792700,793700,1101400,800800,1284700,785900,763200,1376100,1313700,1205500,1197400,839300,914100,829300,696500,1186300,727200,1054800,1114000,1451900,1542900,847600,1504800,891900,802300,832700,1268700,747600,1418800,683200,741700,862200,926500,791500,709200,841600,1080600,1409500,843200,604600,779500,801200,1088000,1677900,803600,1137700,1039700,1156100,1174200,769200,772400,1077300,1204700,1473700,859000,1673200,734100,778500,724000,1091600,664300,764700,777900,1446400,1017300,801400,714200,795800,976200,676100,712400,908800,811800,727200,698200,824500,690400,675500,819400,832900,806700,1137500,887500,1377100,1107300,732100,866900,756800,723400,713900,841400,867200,762500,1373500,752200,1501600,679400,1176700,697400,876000,1761800,1638400,1134200,1395100,773200,1543600,1395500,727100,809200,758900,1086700,1088700,763500,1267000,1322600,880600,730600,677300,1024100,739300,977700,715400,729100,1298600,795800,1288500,734100,1544700,660700,1443700,850800,839400,1733100,661800,1153200,726100,1088800,763300,776700,1112100,1040800,1482800,934300,763000,663600,751000,751000,992300,826800,676300,845500,1047700,1311600,758800,1275600,1368700,747700,773900,1114500,678000,771400,1238800,734000,796100,964000,849600,894800,884700,803600,834200,896700,837500,1756900,784900,1570900,776000,748100,1387500,794100,929300,1041800,778600,1308800,1478500,1055900,754800,819800,1061900,733200,680600,1522800,963700,814300,762000,690000,1113600,697800,801000,685400,827100,1419500,773000,1074600,1188900,1177400,1504400,1145300,1089100,793900,1262900,708800,751500,745600,835900,1108500,658700,1537700,839900,1397800,1505500,626900,1470500,844400,646000,1122000,843000,822000,817100,758400,1348000,847300,902700,729100,781600,1469800,1123000,1173100,788000,1512700,688400,900400,905400,1468900,1139800,1531300,1446400,756600,824100,780200,957200,817500,1447100,713500,1088600,958600,1603700,1229100,946200,594500,855900,1389200,1479700,1550500,685500,1365800,769200,1443300,1301000,1195200,681700,1220400,885600,1393200,821700,703700,854400,678300,1306800,1034300,798800,703400,1463400,1260000,723800,709300,797500,687100,1224800,852800,1140200,797400,1168400,746200,687500,1631300,760200,1620300,722300,1454100,1091300,691800,1514200,836800,828600,816400,954400,1074100,832600,1116000,693800,648700,814200,1106300,882800,1501700,695300,762500,1200400,841700,730800,797400,1691900,667300,640200,755300,1037400,909700,793600,795800,1033200,795600,724100,828500,918000,779200,1132300,707500,1047900,903800,1253600,991300,1169800,874000,803900,825600,1459200,833100,1014500,802200,732800,757300,1286200,1678900,780200,1383500,673200,808600,772300,858800,1650500,1002500,987800,1053300,1093600,735500,826400,835600,1121900,1250700,855200,1633200,1208500,876800,1062800,771700,785800,810900,667100,804500,628500,1147500,1159000,1242200,1181400,1251200,1107400,1264000,733500,681000,1324300,785100,728800,882100,1162800,683900,904900,768800,1607600,1129200,789100,866500,899900,677500,1812500,1452000,1178300,824900,748600,1656600,813600,1348400,789900,972100,1210300,739800,797200,1548400,710300,686400,787000,671100,727700,736700,1532600,898300,738500,814400,1021900,764900,1599700,735200,761500,847000,1473600,762900,1446300,702200,922600,678200,748300,1029600,807100,708200,700300,1691000,1079700,880300,833400,830200,827000,787900,876700,1389200,838000,718400,766900,816300,819200,740300,909800,1051200,752500,796800,833700,885300,1469900,1686400,752900,778600,665700,812900,1401600,842500,830100,1189900,841200,790500,919400,1037100,1571100,804100,878200,924800,709300,820500,1441500,1452700,752200,736600,852300,1181300,722800,760300,846400,870300,1387300,732000,1026800,1113600,1650200,1053500,867300,1431200,709500,554300,1120000,1649600,840000,1324100,1489400,810300,594500,1081500,769000,1099100,1016900,784600,677200,688300,835500,848800,820600,811300,701700,1289200,875400,1244600,692500,714200,874500,860700,842500,767500,1406100,833200,914600,902000,840600,842200,722000,1133600,1271900,1000600,1474000,940300,861200,1141200,878800,1465100,929000,827700,844900,1231300,660000,832900,818000,1087000,1577600,1828700,791600,727700,743100,780100,857600,1159400,805800,1451100,1517200,920200,812600,1202100,706900,1448000,826800,841200,818100,766300,1435000,670000,1196400,1131600,1067200,764400,1289200,717100,777100,678300,1368800,1378700,836300,1215100,737100,1177400,710700,1490500,785800,699500,804800,1107500,693400,822900,989800,1539300,1578000,1372100,873700,822200,869100,728300,1522100,765100,890500,1188400,962000,1149800,698500,751000,773500,1109900,876700,893800,843600,968200,838300,838200,1222300,794500,868200,1211800,598400,1080900,801700,698300,808500,750600,749000,775200,844900,795600,911200,788000,1444700,1132700,646500,837000,863000,755500,853400,752300,1383700,1476500,820000,901000,777700,881900,1297000,1013100,738300,742000,1579600,738800,980900,792700,739200,1057000,1569200,1410600,963600,828000,1105800,736400,1542200,736800,740500,793700,1089700,849600,897300,782100,841300,654800,1066900,801500,766300,1130600,786500,794500,791500,685400,1139600,1034000,866700,1109900,1325700,779000,763900,816100,775400,1209500,826700,1651500,1490200,1039100,1022900,785500,1656200,732600,1276900,891700,1233000,1269600,903500,714500,732900,1171500,1106900,688000,1651900,716500,1121200,930800,796400,1493300,726300,604600,1534000,738500,868700,708400,656900,694600,729200,1174200,676800,713700,1698900,1527300,1464200,733100,737000,723500,729100,1080300,791800,813100,692100,841600,699300,759400,866200,828100,762700,688600,768600,1703600,736800,1179200,1489800,1105500,869700,756900,831800,709100,1060000,1071000,1107200,1459400,1606300,781200,705500,829700,886400,987600,1053400,1196500,1107000,1158900,956200,1031800,825800,1057000,745400,879300,829800,685200,831700,744300,741900,1136200,695000,818900,741900,1172000,1124500,751600,1165800,742900,1161600,602000,747600,1363500,794900,786100,907300,883100,831900,860600,787600,1209000,751700,745500,853300,770400,1275900,1108900,595000,666900,770900,997700,1408400,881500,1499000,911000,928200,1077200,759700,985000,1166700,1459500,1138300,1464700,787500,913400,887300,848500,1424100,1146500,649800,697900,1090800,765900,1523400,821600,745200,699200,1464700,828300,867100,1331300,1396900,1047700,1387600,1114900,977600,865000,1135400,1513200,1786600,908300,1146400,1177200,399500,1219700,1220200,1511700,858900,1458400,763900,1191100,989600,763800,990200,789700,687100,745000,1151400,924100,789700,790900,1230200,1539300,562800,684700,830800,1292300,788100,700200,1231000,758100,996700,1152900,881200,777600,734700,675800,658500,835700,709200,855400,782000,997200,866100,676500,734400,763600,748000,1364500,827000,987000,912500,1186900,677700,646000,1146700,912900,1541500,1200600,828500,907600,846300,774900,878500,812600,690100,850200,883500,1086700,1364800,932300,649000,1322000,609900,1040800,815800,778600,1337400,688200,1697700,655800,1079500,855300,695100,1149600,747100,833300,845800,1376500,885000,1220300,618300,1514300,867600,1481400,771700,1160400,756000,1209700,1679600,733400,372000,1227100,1118600,918000,1034300,836300,850800,838800,1003100,1182100,1259000,724400,1645400,834400,1179500,1007500,886100,673500,1335900,818300,805900,757600,847500,709000,1468800,1345800,837600,1048900,963800,706400,1572900,1362200,772700,1522400,741600,1117800,852800,755200,1656100,1034600,735600,731600,615900,766300,1194100,816100,792600,1144000,780200,798100,1023800,605500,864200,808500,1499400,951100,1806100,771100,849900,1779100,1470100,826300,905700,717100,694200,987600,882600,1577400,1493800,668000,827000,1195000,784000,743400,796800,719200,759400,682300,1411500,749200,948200,1078100,1523200,735000,1398600,848700,688900,1152100,783900,828200,1139600,904300,1290800,838100,916000,1183600,820800,1215600,724100,916700,755900,806800,734300,820400,1068900,1021800,949400,806100,859900,1591300,1238100,1273300,879500,604900,1232900,1055300,1325800,1474600,995200,850900,693100,752200,801600,1104300,1378300,828100,1062800,1609300,902200,1188300,625000,820700,788900,846600,874500,805600,812200,724100,840100,1191800,796400,699700,782600,855300,675700,765300,1129800,1218100,775800,1237300,722700,1329700,1029900,855500,732800,1297300,743600,791500,969800,936500,731400,1259300,841200,1663100,735000,759800,744100,818600,857200,1033200,739100,813000,1242600,1025600,900200,735300,1136500,879800,910000,782200,905500,720700,1470700,1429400,1637000,697700,1269700,774300,1241700,1239400,1183100,850400,747800,775300,1405300,796200,888000,902800,793900,819000,1174300,727900,733100,901100,748800,794900,820100,1202300,1073100,1106000,753600,770600,750800,847800,691600,854100,856500,1289600,801300,1259900,1358800,686500,1150400,782300,1054100,477200,1247500,692800,1525000,858600,1180600,793600,1428700,761500,1440900,846900,828300,811300,1144600,764200,1421400,1689600,743100,722500,835100,1211100,947900,864700,1216300,773500,741000,1468800,1287300,1055700,975800,773300,1131500,1444900,669600,851400,1202500,754900,823500,932000,1094800,914200,828900,763900,1136500,700500,784700,1051900,1540800,1197700,812100,745800,756700,692100,1329300,758400,1529800,734200,1308300,1290800,876100,884800,678700,729000,743700,942900,1086700,1124800,1386300,1637900,800800,815600,1035700,1105800,756600,1289000,755400,1347800,747600,1035900,1452100,1479600,736400,874100,803100,700200,860000,935100,924000,1070100,1162800,793400,1125500,814400,1474600,731400,905000,839300,744600,778000,747200,788800,720400,1330400,927400,658500,586000,1370900,1125600,669400,735400,1318300,1117900,1107100,778100,834100,852400,849300,1155600,894500,1560100,1310600,805200,1290200,1257400,1031500,820800,1211700,749700,1057100,1386100,762400,760600,829700,1737000,787900,808700,929000,1543900,696300,807500,766000,805700,814600,995700,821800,781600,765600,959100,660700,1201500,726400,681400,1081600,1038100,737600,641800,717600,739100,1191800,750000,1392300,797600,1481800,793500,660200,848200,731300,777400,761500,924600,729100,1177200,723300,806000,952100,784500,743500,1283300,893000,810100,834300,1072500,866700,730900,735200,1180700,1595100,938000,831900,1277400,812900,808700,745700,1534300,877500,1418500,736500,939000,951100,999800,861000,976900,1208700,843600,740800,855500,772500,1596200,856600,1133100,1266400,895100,939700,1523500,821400,668100,1631000,856500,1508900,926300,888100,954500,1074800,1012800,1265300,819500,840000,756600,1433600,862700,1395400,765400,762000,1115400,716700,985400,1153500,688100,787100,768800,1486900,717300,833500,1063200,725700,723600,865700,1586200,704200,1537900,1538100,894100,939500,369800,1440000,1470600,1131200,802300,1284100,1359600,660800,709100,829800,1187700,802300,738800,761900,1221700,677900,1209300,836400,857600,967200,1329000,1577500,698100,755900,1127300,1649000,831000,1267300,1271800,1420700,1385100,789600,973400,715100,1119800,1170900,823600,871300,1230900,646800,1262200,773800,925100,799400,703400,1497100,780000,836500,759000,1015700,982800,900400,824900,678800,1087500,780600,965100,783400,711100,778800,812100,832300,1515300,1559200,822100,794100,777600,670100,1161400,1232200,826800,1147300,928200,870200,1435600,1042200,927600,730900,701700,773400,781700,1134100,923900,692900,729900,773300,932800,681300,1317000,886000,953300,810700,687300,882900,1528900,981300,1215700,766200,884900,1523300,1061500,1047200,1397100,1573500,953500,1069700,994700,1085000,1179900,742100,818600,1216200,763000,693600,837800,1060600,966900,1165600,819800,762200,786000,1036800,1414600,1103500,823100,847600,1378600,707600,1145000,859600,1767500,800700,863700,1149600,786400,712800,805200,641400,719900,833800,1049500,1207300,1314000,910200,815300,796000,1205000,1700100,811500,673600,767100,1345900,753200,626500,1737600,829800,684800,1171800,755800,738600,747300,1473300,825500,746100,689900,1691400,806900,818000,722800,1128800,1066100,1454500,735100,828400,832400,1112300,748200,824100,784900,725700,878700,804900,1168100,919300,1358500,1273400,853700,684700,1537900,1117500,697100,664500,735200,758000,878100,837600,1635100,819000,748700,695200,792200,851100,1568800,1003600,962200,814100,723400,1497100,1252900,776000,735400,1638400,762500,848800,1150400,873700,755600,1539000,855200,864600,1312600,1501900,847200,803900,1453600,928700,680700,829900,694400,767500,1202200,927600,1027900,815300,1057200,1204200,1092700,813500,763300,782400,1537100,1145700,1031300,779700,740800,793300,657300,1154600,819300,1464800,888200,1131000,693800,830900,1055800,1587100,730100,839700,827800,884600,1139900,717400,733200,720400,1053500,725200,1511500,929800,722800,730000,1548900,796000,699400,961600,824700,807500,854400,978100,797200,749600,1048800,892000,747000,730800,651000,1441900,1063100,933800,766100,737000,766600,1584500,731100,882300,848400,1275200,1093900,720100,1214200,1053200,829000,681900,840700,967100,776500,768300,816400,806400,1194600,784800,643200,1457900,694600,771600,1459200,1055900,1081300,879600,985700,841800,903200,1430900,820300,1273700,682100,854600,754600,892100,897000,751800,1045300,713900,1415600,1167600,1150300,772500,878200,819300,832200,662800,846500,659400,778600,828200,1203800,1360400,1584900,1091300,908500,844800,1095800,1650300,754500,721200,733600,790200,643600,1594700,826500,772700,862100,763600,751800,814300,1640200,701400,1119700,677900,1527800,834800,1061500,1088400,778100,1433300,734700,1105900,792600,785100,1355100,802900,818300,797200,699400,1346000,898600,1109500,1752400,767700,660500,861000,929400,827000,811400,723300,991700,891300,825400,844900,1142100,894700,820900,1210500,1654200,1760700,746300,1177700,668000,850100,789400,784300,1192400,1258100,1530500,1121600,1110800,886800,719700,704400,687900,1533400,742200,750400,997000,755700,870500,1641300,986100,811400,1378700,669100,763400,1090700,847800,1097500,780700,1212100,749000,1030900,1068500,1092600,837200,906900,676300,658800,752500,1113900,678000,702500,764200,948100,900700,900500,761200,743700,886700,752500,809000,1204100,816200,922100,723600,799200,835600,807200,946800,615100,872300,680400,758800,1128000,770700,745800,809200,844800,674300,1434600,588500,844500,729200,852400,1141300,850900,820900,704500,817600,1373500,1138100,840700,738500,848500,762500,729200,758200,729700,776400,1148100,818900,824600,1553500,819400,656200,1023000,910300,892200,655700,883100,796500,891200,1404500,797300,855900,807400,684800,903500,909200,802700,909000,1226200,720400,822600,780700,1416100,763000,851400,839000,753700,848700,1188500,743000,671500,706200,789700,1037300,1098800,771800,860600,908000,1153700,901100,738300,762900,957000,1128800,741600,802800,1544500,996800,792900,1903100,847700,780700,1208700,814400,750600,847600,818800,1450400,832800,1186500,838800,1637900,775000,1092000,688400,1191400,751500,833700,845600,692000,899500,1450400,1283600,1345100,759300,906300,832200,738000,987300,1205600,1313700,759700,1194600,1167600,662000,806600,784800,1167200,1168300,809900,874200,824300,828800,851500,923100,1774600,735900,1648400,820000,840100,1065200,1384400,1136500,927200,1525900,738600,842400,1092400,667700,1055000,680800,740200,798100,1095200,902500,1218400,848900,684400,704500,728700,744500,824700,847100,723500,1327000,1187700,1650900,709800,1018400,1622700,1035700,844000,1752100,745700,721100,630000,812800,714500,789400,1205600,1519100,714900,1472500,999400,814400,1680400,1235300,757300,720100,715300,1485000,1145300,828700,888900,690400,784800,1185000,704100,1350900,828700,709500,1595300,1530200,732300,831100,1466900,1484600,1430100,763100,821200,809000,873700,764600,753200,1544700,856500,1493700,1086300,770500,821700,1112000,1101000,896700,853200,905300,782000,926600,1140000,1181900,800400,1242100,781000,855800,810100,984100,1214000,725800,726600,1550700,1506000,683300,686800,742400,853800,922100,730800,736800,859400,841100,676300,896800,876700,920600,859500,801500,712800,1499500,799100,1061000,900800,829900,720500,769300,658600,913400,679300,769400,924900,1052100,864400,1347100,831500,1081900,926700,1019200,830100,1324400,788000,1486500,886100,741100,842300,741500,877700,726100,842600,771100,814000,743100,783600,807800,716400,616800,826800,656400,1439700,1631100,942900,704600,834700,894000,752900,973400,1146900,799800,1161500,845500,1046300,857300,1471100,731700,907600,1293800,672700,841000,746300,1238900,1106100,745600,786500,1030600,914900,895000,679700,767600,840400,1366500,1421800,1101300,1342700,838800,1042800,905600,1031400,929100,1495900,1177300,761900,1197200,1259700,760300,889100,1481400,1036100,883500,993200,800200,831400,748200,674500,741200,1087800,761800,1103000,1280600,1039300,666000,847000,978400,986000,960400,853000,885500,1336800,903400,1119200,674500,1148700,836900,797200,768400,679300,1370200,1079800,718800,733300,728000,1137400,711500,823800,856300,1005100,1149300,828800,1315700,917200,796300,850100,1156900,1015100,755200,826200,880100,647500,1472300,694200,1631200,758400,815600,831000,721200,809300,1684600,852600,1271300,818100,1659700,1150300,780000,810400,804200,666500,1538600,783200,711900,735500,941100,1267400,795100,908600,818200,1098100,843300,783900,834700,1225500,716900,834800,1042100,834500,922600,784200,852800,726700,795800,759200,664000,1375900,685400,1451800,1094100,959600,879600,1459500,905100,830400,851700,854500,823000,760100,693500,743200,870500,682900,1180200,1345800,851200,1448200,1038200,830000,838900,710900,819700,1542100,804400,759800,776000,940400,749800,1073100,746700,1762100,810100,1514400,853000,1495000,1517300,769800,1142300,797100,684200,829100,1218500,1135600,833000,1656300,1179400,1308400,1238800,824000,1115800,768100,1070100,1252200,881100,1415500,894700,811600,1500100,793900,772900,782500,689200,907000,761400,845000,1455000,701800,1261500,1050200,919200,765000,898900,812300,761500,754200,1072700,861900,1585400,1507100,719100,769500,818600,699400,765800,846100,1013100,1145200,751900,857700,715900,1239700,1846600,1154200,1582900,721700,978500,1512500,392500,735500,800400,718400,813900,835500,737900,822400,973900,702900,834300,842000,748400,968400,811100,711900,784000,940700,715400,753700,761500,845400,769000,649500,810300,1539800,725400,877400,770400,1533500,1013300,774400,761200,782800,861300,925900,761500,1264500,745600,1197700,812200,747500,1554800,1496400,726300,958900,766800,948300,1000000,735100,724800,678000,1120700,812800,961000,755200,692700,794600,921900,1177100,773100,781300,836200,1331900,1070800,968900,1417200,749400,1123500,782700,1150100,810800,827700,862300,762100,1196600,685000,893500,894400,885800,1598000,1144400,1414800,836100,815100,832500,973900,825900,789800,894500,1086600,918400,1272800,733900,703000,1633600,814500,1222800,748300,894600,1003800,722500,1012700,759600,825500,1267900,775100,1528900,837000,992100,1030600,784000,1128400,727600,832600,1238300,930700,738000,745500,1113300,829400,750700,1073900,1132000,965600,697300,784700,853600,752600,728200,778500,772200,1270300,943400,830500,711900,1068800,746800,739800,688800,675500,788400,1252600,789800,897000,827900,1234100,933600,747400,845500,941800,770000,754600,718900,865100,1074800,922700,1125100,1183100,1385400,808400,1287000,1446900,1009800,1154900,791300,822400,734100,835000,651600,1059700,854800,833200,1157100,737500,748600,731400,749000,1169800,1523000,1386900,802800,1468400,1387200,1187500,870300,775600,685900,754100,1231700,885200,1142500,761800,831200,1117700,811700,1297800,744600,908100,663100,1438700,797200,901200,711000,809800,893500,868500,801600,748800,792600,712500,844100,1395200,810000,1634300,752600,985100,756500,604400,873100,666600,1034300,917900,1443200,737900,1562400,1640500,663200,1199900,741300,716400,747100,859800,1181100,695800,830500,726300,1510100,1185500,961300,657300,771700,655000,826400,808100,709400,767300,767000,1295800,1109400,817100,805500,826500,887400,752500,766700,751900,698800,744900,728700,803800,951300,836800,741400,839700,1083600,1053700,846500,1308400,713200,669200,738900,1599700,870800,1400700,1256300,799200,990200,841700,760100,798000,1229000,1086200,1484300,669700,763600,766200,651700,1459700,778600,748000,1018400,721900,843800,733500,1686800,840900,1029700,740100,735900,1158900,1292100,1686900,914500,1098300,1080300,690500,1829400,766800,1323900,935200,1292100,845800,1451800,801700,795000,785300,1087400,1126500,1672000,1246000,1558800,1192400,857100,799400,809700,701900,1518300,885300,809800,751400,744100,1140400,1161800,756300,857300,768000,763900,1111800,1152800,1529700,1101600,674900,1124700,1714200,694300,738800,1465900,802800,838700,814800,1096400,1534600,765300,1003900,722200,777500,714400,585300,1319800,1211100,764100,1618600,892800,694600,729300,714600,818200,1068500,1098400,1078500,1657600,1126800,1212500,1173300,725700,659100,811300,689900,902700,1572100,1545700,1167000,996900,1355600,861300,752200,774500,1533400,1530700,726500,1413700,1284000,678300,757700,768700,1083200,885500,820400,960900,805700,929200,836200,937400,860800,1206400,1208600,1513200,1159500,814100,764300,791200,716900,1235200,796700,992900,899200,794700,1017900,391800,739400,1075600,847100,1492700,888000,1430500,748300,808800,1237900,1488300,807500,733000,1603900,837200,899700,686900,830200,868100,1323700,1152300,1065200,1037800,1272200,787800,1028500,951200,1046300,966900,843800,1028600,904300,701100,857800,799400,731000,754000,797200,827800,1520700,1029700,1145300,765600,864500,1627700,853400,697500,814000,1457100,687600,757500,1240800,801000,850900,826000,881000,848200,1582900,847600,929100,739200,1361200,1554300,849000,767700,723000,849000,1355200,820900,808900,867500,1317400,1136900,951600,898700,1197000,744200,754600,1088000,1175800,1259000,753200,884400,1142000,772300,1462400,1435000,816000,1179400,807300,778500,1391000,728500,868700,1098400,1266700,738300,1256400,935300,1529300,844700,1261700,807700,870800,914500,809300,754800,989000,855200,955700,795100,1155000,814000,1187300,1586700,1097700,514200,1198900,845200,1676200,832700,1032200,893100,803900,735100,1116400,707100,798800,1276100,1073900,1024400,883500,1491600,1485300,627000,799000,743000,1198700,991900,941300,836800,782600,1009500,967500,1256500,798100,1187900,807600,730200,1472000,756900,1176300,842000,910200,681200,817900,1830000,982000,758800,1311900,742300,739700,1583700,1073700,1080900,1505400,652300,765600,874800,768200,1088700,1067200,818200,938200,1175800,1031700,799800,709200,1115400,834700,821000,781900,685400,734700,1159800,921600,1132100,1242300,1413200,728500,855600,995000,1423600,782800,698700,673000,812000,852500,721400,1578100,731800,1363800,752200,718400,848200,979400,853100,866100,715900,729300,1125800,792800,1450300,1207700,1031200,842800,805000,1153200,1331800,1326300,745700,749700,1485100,852700,1181500,1462100,1094500,952600,1187200,837400,1144900,953600,817000,659700,877900,1536500,784500,816700,827400,811800,769700,1319000,844400,857800,1245700,827500,1119300,788600,850600,1132800,1055300,907200,727900,1092500,809300,815300,809100,778600,1103000,849000,882900,1052600,1194500,1015400,745400,800300,1186600,1145300,824900,1499700,758100,798200,686000,764000,661000,887000,1742700,1493400,1245000,1532200,818900,1632100,836100,1007400,666100,1043500,809200,673600,835300,757300,876100,778000,893600,794100,798900,1541600,860500,909000,1097000,706500,831100,1467700,987800,1132500,883300,789200,802400,918000,1290400,1086500,1583200,821600,659400,708700,732200,649300,779800,928400,887900,1130600,825300,782600,768800,778500,788600,704700,1179900,820400,869100,1102200,766200,1155300,1377200,1324700,1097200,758100,696200,644200,895100,1030200,1331600,682500,794300,734200,1088700,1486500,961900,1278400,809200,1568600,1121700,771400,791800,753900,846800,1049100,809600,1185600,1151100,861200,409800,721200,740200,1642400,1517000,791400,824200,747900,1146900,1498500,667600,1190300,860400,1176100,1412300,809300,843100,1529900,774800,1122400,677800,744600,821600,837700,897200,873900,1142900,717500,367500,730700,909100,770200,694700,860500,776700,1261700,773500,891800,1127500,1435700,761000,756200,926100,911600,733500,713000,1121300,1125000,1366200,776400,1500600,1174600,1255100,833600,1034300,834700,793100,707900,767900,1048100,881700,832600,882600,768600,1006200,1585500,1181400,747100,815500,1195300,1186700,1084600,838000,815300,1244900,846000,690600,1030700,1273400,769700,996700,682300,761800,734100,716500,826200,1230400,991100,1569600,821100,1139900,872800,817100,1187200,818200,874500,1115300,740400,1103000,1781600,760900,988600,859400,710300,867300,768800,835600,1212200,795700,825700,693300,1507600,766000,1244600,1515600,846200,794900,659700,789200,705100,1074900,967000,714600,722300,1076100,718400,729200,818900,1192400,1202200,1065200,670200,1501500,1160900,697200,876100,903100,805200,948800,874600,720600,1492000,834400,786300,1046000,969700,759200,1301700,1084900,996700,927900,1356300,847400,703300,1174400,807800,1173900,720500,1510100,1191100,768000,759000,845100,1373800,1271900,786400,719500,763500,643500,1170400,732300,953000,774600,774000,1268300,1465500,839300,740100,846900,730200,689400,887800,721200,810100,766800,698700,846100,719800,796800,815800,912000,698500,818600,868000,1168100,743400,1117400,1173200,1491900,700100,1054700,1124700,687900,1063200,1539200,695200,784600,1316800,1081300,680000,832400,789900,1069400,1138700,792700,721700,819500,799900,870100,746700,855800,777800,1086600,735600,893600,844000,1807800,1155300,1563800,757100,1167900,1286700,798200,669300,740400,1184700,836900,830700,1049400,1042800,720800,1140400,725900,892200,960800,956800,800100,754800,1539300,780200,1440800,798500,1622400,1362700,700000,855500,805800,812700,1577900,462500,870300,1128900,1237700,1138000,765800,1079600,761900,799800,806300,1149800,1415700,851800,1384800,1429100,1108900,1127400,1206000,828300,1048800,664900,819200,681500,794400,1111100,1088200,849900,894500,1514000,735600,834900,959300,1518700,754700,749900,749100,789100,803900,1271800,795800,1029300,1597900,983800,795600,1455500,871400,1131100,755800,687100,1102900,854900,1496500,1185100,730000,448900,807800,835100,838100,716200,719400,832600,769700,784900,1146400,785700,846100,860000,913400,765300,686200,880800,1468000,1158000,699600,1496400,839300,942200,843200,762400,1345000,669400,870700,681500,1565400,1354100,897000,1445200,755800,668700,1763000,949500,724200,1334100,1371800,927100,737400,706800,1513800,888900,759900,1131400,909700,794100,1255500,689600,836900,967100,662700,765600,1361500,783400,658800,1250700,1087300,789200,1491600,756100,679800,1631600,746700,595900,1133900,831000,851100,924200,845800,794800,752600,802200,726800,831500,690800,1452700,756500,668100,671700,1103600,803100,825800,1510200,664700,839700,782400,1101100,746400,859800,1126700,887900,729400,872400,1204200,1041500,1435000,1470800,741600,1225700,898300,836400,843400,1053300,850000,813300,686000,775400,709100,995100,1218600,927000,787200,700700,771400,1334500,1528400,829800,1172200,817300,773900,828300,828600,1520300,790700,1070300,1171000,1694300,1022100,805800,1090600,837800,1281900,707000,794900,845200,1074000,1229300,773000,715300,698600,803300,693300,820100,741700,830800,777200,813800,837700,1056100,837900,754700,1710700,742000,765600,1494700,794100,1442500,1462900,1020600,752000,1087800,831000,749700,796700,1209500,721000,1204700,809500,1700600,1075200,1180700,685700,806300,765600,783100,1232200,1078800,1060300,853400,913400,760600,843400,802100,689900,1556500,839500,850200,1251000,818000,850900,739800,770400,1430600,950700
2.5e-05,0.007900000000000018,1077400,1198300,1288200,1359200,951900,1200300,3617900,1057400,1208400,3206100,999200,3068000,1231100,3500600,952600,3610600,3401800,3308600,3002300,1275800,2990000,1036900,773700,3579800,3485300,1316600,3528000,3403200,3231500,3060300,3473400,1458000,3230300,3412800,1280300,1469700,1274900,1241300,1308700,3123500,3603300,744100,2857700,1277000,2923000,748300,1261800,1290300,1289400,3248700,3496100,3583600,1356500,3602600,993600,3262900,1329700,3413600,1277200,3377100,3589400,3728600,1268900,993800,1288400,1331300,864200,3452100,1282700,772700,3513500,1462400,3417400,1206700,996900,3128300,3123800,3663800,1312500,3807700,758600,3106100,3528100,3117000,947300,808100,1353800,1069500,3435300,790900,2807600,3591000,3427900,2919800,736200,785200,3264800,780900,731600,1269200,3572900,3278600,742400,1340400,950300,1155500,1235500,3535500,3538400,3509200,3277400,3847000,3119000,2897000,3639300,3657100,1274300,3627700,3258500,1278200,958100,1325600,761900,3524500,2946700,3201100,1278400,1240800,3313600,3606100,1346600,777700,1253800,1238900,732800,1110600,1236400,1549100,738100,3720400,3451000,891500,742400,3245400,750700,1168600,1183200,1377800,1239700,1204200,1063000,1260200,740000,3375600,750100,3373000,878800,3416700,1222400,737300,3643900,741500,1376500,3189400,2820200,1237900,3154800,3323100,1135600,3633100,961400,1365300,756400,860400,3287900,745200,3750100,3549800,929500,1405300,762500,3511300,801400,3745900,837900,733800,1357600,3330100,3146200,1327300,3368700,3255100,3457700,3213900,3427400,842400,893100,3093700,927400,3081600,1074500,3657400,3364400,1202200,3381700,3733600,3173900,2869000,760700,968200,1011100,844600,1050400,3624200,1015800,1298700,985500,736700,3841600,3178500,1097900,3094800,735900,3263400,1275600,766500,1001300,3792800,3551000,1673200,904000,729600,1267700,742900,1391300,1475700,797600,3565200,849600,3403100,906000,3117600,3360300,3610200,1052000,3354200,936200,3408000,985100,994800,1295000,2933600,919500,3346600,3566200,3300100,986500,2761000,869200,2913500,748100,3001800,1220100,925100,3538200,3133500,954900,3696900,3357400,3235100,3695300,873800,728800,1313700,3502700,3599000,3408400,3703400,1255500,761500,1257000,731000,3342900,3632400,3737300,3617800,1387700,732400,829200,2557800,1403500,1172500,860100,3137300,3304700,1202100,3595400,968800,3710500,1815800,3163500,1251600,992700,918800,3522400,778100,860800,3027800,737000,3235900,2924600,1216200,1329800,804100,3597500,1220100,1256500,949700,3534100,736200,3307500,728400,1372200,1164200,1016100,3372200,976400,769100,915100,734000,3230800,863400,3158300,3153500,3391000,1336800,3828300,965600,1407200,3011400,930800,817700,1053200,3188200,3314300,3544300,3531100,740900,917200,1316700,1292100,2885400,736200,739100,1397500,1223800,2980000,1236100,2878100,3724600,1014200,833000,3170800,3780400,930200,3211500,1188200,3553200,3251600,914100,3480900,1096000,1252400,911200,1081000,883100,3413500,1236800,2606700,3177500,1289200,924700,989400,1296900,834000,1118900,1436800,3087500,3786300,764200,3531300,781500,797000,3340200,3567200,3065600,1555500,3350900,3618800,3150900,1271700,1010300,3536800,3673300,3454000,854600,1206700,1226700,3699600,1276600,1456400,3630700,1256600,1286500,3739700,3560200,1150900,3283200,3692700,1386500,919300,3011400,3504200,3788200,2798800,2766500,3599600,1263500,1107800,3373800,3808400,3364900,3295900,3127900,3427900,1395600,3266700,898600,3456000,1296600,1095500,3740900,3117800,1257100,1357000,2866300,3385000,3382700,2863000,3438600,3524900,1035100,1173100,2910200,3067200,3052800,938900,1001100,817500,3560200,3742800,736700,1313500,900500,1210800,3116600,1439400,3606300,3351500,2913100,979900,2897000,1213100,1278100,1215300,995800,3366900,3343300,888000,1426300,3588000,1392100,1214900,948400,3820800,3537800,3654000,3403800,3728100,3431300,3049500,3585300,2968700,3393600,3605700,1344000,749300,911400,1173300,749800,874600,1286900,770600,795000,1053400,3531500,745600,808300,1117800,3741100,735100,3619600,1279800,3433900,758800,3558700,3661300,3183000,3729900,794100,1481400,3045200,1068800,3513800,752600,3294300,3575500,3528400,3181700,2982200,3398700,915400,3074500,3493400,3563200,3311700,986900,3626100,3432900,1178200,3595800,3286900,884600,2885300,3321100,792500,1279000,1020400,3692700,3560900,3163000,3060100,1166200,3306400,894900,3234800,3810200,3726400,1320600,1097500,3802500,3586300,821800,1160500,3131600,743300,3540500,1129000,1130400,1326300,738900,3460300,835600,1228600,999900,3169900,1271200,739000,3355500,3519000,889500,1189400,1426400,3434500,3537400,828800,1161400,939100,1303100,727800,3536000,726800,964600,743900,749500,1316300,975200,3602100,1236600,3477800,1323500,1010600,1321300,993500,3545000,957200,1395300,1317600,1013500,3319200,1236900,1151400,1138800,733200,3540800,1024000,3336400,3739500,1032300,873600,1012000,3651000,977100,791500,3207000,1194200,1361300,1370200,879900,988000,827700,1041700,1245000,3504300,1064600,3633500,3471300,1018500,1387200,3485700,1406200,795600,939900,3045700,3373700,3067900,3674500,2773200,1094400,3025000,3750500,3468100,1198600,3027200,3357400,775400,3348800,3164800,839800,746600,3473100,3676800,3507600,771100,3487900,754100,3325500,801700,2916100,3049900,1274900,978100,3168900,3304700,1107200,2753500,3253600,922300,755300,3600200,3541600,1231500,3535600,1175900,2860800,3501600,1043600,3743500,3158700,1195400,738200,946700,3419100,1162100,3580600,1399300,3311600,1433600,763900,3577900,3804300,3552700,3676500,3430400,1369400,3455700,734500,2992000,3128700,733100,3153800,1233500,963900,744600,3276700,3555400,731200,3230100,1043000,3778400,810600,3684100,3306600,767400,1068900,1251200,2933100,1274000,1048200,1281700,1310100,1015600,1326600,865100,3144900,1062700,2795500,3458700,1329800,3472500,759700,794500,3529900,877300,1211100,1070400,3617100,3573800,3175600,3535100,1149000,3535300,2968500,746700,1123200,3139400,3456400,899600,732200,3015800,3503300,1144900,865700,1284400,3404000,3197600,3660000,3110500,958000,1363500,3657400,990100,1279000,1375400,3798800,3586000,1480500,3747000,811200,3174700,3673900,3264300,923600,3752100,812400,742800,3799900,3515500,3507100,730900,3706900,3745500,3636300,3489900,3579200,3446900,2986600,937900,746400,3472300,3446000,1036700,888400,998400,1281600,3138200,1369100,1262500,3371200,3132000,2864300,1269600,1026500,766000,1356600,960500,1270000,812900,3255800,3802000,3684500,1428400,3007200,3591000,3367400,733500,1325400,842700,3384100,3010000,3694500,888000,3077400,1283700,3689200,1388300,1129300,3822900,976000,762000,3402300,3536500,3503100,1065600,931600,1341700,869400,1127100,945000,3303500,1104000,3006900,845900,1151800,1018200,981200,1030000,1481600,979200,1036600,3505300,3007700,939500,3102700,3638000,3332200,3512300,1260500,3236900,806100,748800,3404500,1350700,3684100,3249700,919100,1270000,874400,1141000,1348800,3552800,909200,3710800,3621400,3393000,1158600,740200,3757500,770800,734300,3456200,3135900,1229000,3569000,3187200,800300,3779600,3080600,1012100,1050800,3501400,3845200,1213300,1294200,805800,770200,1334000,992400,745200,3091900,1153600,895800,3476600,3001300,3137700,1142300,866000,1303300,756300,3314900,3497700,891600,3127000,3547400,3496100,788900,3225500,991300,1272700,747300,3735900,3169700,819700,2858500,3610200,890200,746400,764000,1231500,3417800,3584600,3433900,3535500,3348000,1077800,3634800,991500,3094300,1248400,812000,1213600,3461200,882900,971000,3641600,1172800,847100,3576500,3162900,3435500,1040200,3347900,961100,799300,1251700,2839200,1185200,740800,3787800,1444500,950900,3440000,1223300,734000,3563300,1444000,954400,975200,1433400,1142200,3321500,3571500,2725300,778700,3329600,759900,825700,3245500,3225000,1144100,1015400,3810800,1156900,1243200,3278800,1247800,3528400,1392600,3373500,3735600,3694500,3022000,3421500,3320600,3358200,899300,3498700,779900,3546000,895800,1384200,864900,3544100,696500,836200,1393900,3311800,1253400,994500,3666500,1502200,3388400,3239900,3529100,741400,793200,3517900,3587700,3628800,734600,3240000,3664000,1231100,954500,763100,3555500,3833700,3547400,1437400,1113300,3599900,771900,1138600,1175600,3278800,1334300,844500,2989200,3184700,3396600,1381700,1006800,1323800,1359500,3356700,3475600,836400,1321500,3508100,3131700,935500,3238100,1304500,3399900,1339900,908000,3673400,743700,3498700,824500,3621500,1138100,792700,755900,3710100,3492300,939000,3618300,1190800,913700,3106100,1153400,3601800,888600,3207600,3505600,964300,3415400,1108000,883900,976600,969700,748400,2743100,1091500,1028400,1305600,990300,3069000,776300,839700,3719300,1447400,1057400,3683400,1215400,962200,3434100,1341900,3394700,932500,768000,760600,3793300,3344900,3221300,3364400,3443200,1172300,886100,764400,2767000,1043100,831300,1146700,844500,3260300,1036900,3493200,910400,3643300,1064800,3677000,3479400,750000,3798100,753900,1010300,2734900,880300,3400900,882300,933200,1407700,3106800,3591700,3287300,3599200,3318400,3518100,1065000,3526200,986100,739200,1305800,3335800,1169000,3722900,3527300,3774800,3769100,2896100,3220800,1276200,1575900,3513000,2984000,3546100,933000,3343800,2603700,1223500,3493500,913900,3303900,1013300,1467400,925200,743000,1294900,1285500,2931000,1285900,733400,3467500,1128500,2912800,3777000,3681400,1405900,3391500,1424100,1311000,740800,1329300,3324900,979700,734100,787300,948300,1316200,901100,3673500,3366100,3031900,3794700,3601800,1144900,1015200,3269700,3417300,3602400,1231500,3388300,3021400,3204300,1038700,748400,889500,1006200,3655200,1116300,849900,732800,1227200,3727600,1080300,3094000,1354300,2646800,1263200,3705900,758300,3596900,1690500,3454500,3576500,754100,1251200,874200,3568400,738300,2686300,2781400,1043200,3622600,1264000,1312000,761300,1392600,3204600,765100,3607000,1065100,993700,1295800,3106400,1105600,783000,988800,3731600,1139200,1451100,1242800,882300,3435900,3482100,3505200,3468000,3692200,848000,752500,982100,3623700,1478100,2868500,3283600,1327300,1315300,3360000,3137900,3690300,3503600,874000,3494600,3555300,740800,1028900,2955200,1002000,1395400,3156000,1348300,1254700,961200,3152300,3077400,1270000,3017900,3477500,3749400,1206900,3065000,770800,3083200,934300,903600,1121400,740700,808500,2873500,2768700,1024500,3698600,735800,3176300,1194000,3106000,983400,3666900,823500,3507200,943900,3799500,3332300,733600,3328300,3071000,3250400,1134800,3576400,3519100,802400,1279600,734500,1149800,3528100,1261100,1321000,3504800,2865300,732100,1269300,3307800,3592300,855500,975000,3503200,1269100,1276700,754600,749300,1495200,3493700,983800,3179400,789000,3444200,3789600,1040200,979000,3481200,968600,3229800,3676400,3430700,3615300,763000,3344200,3044700,906100,1143300,815800,1249300,2710700,943800,3218200,892300,773700,3217700,938600,3731700,3422100,1272100,952300,1340800,3627700,1031700,3332800,740000,3544600,3588200,969600,1748600,1266700,744600,3082100,1014900,1391100,992700,776700,889100,3740100,1358700,1186100,3535100,2932900,985900,3218000,3649300,1180800,741300,3825100,3502500,990600,3482500,1336500,3595000,3000400,3685900,735500,738500,982000,770200,3779600,3454200,973900,1055600,1261800,1298400,746100,803700,1002200,3556900,989900,1218700,1221300,1256300,753700,3659200,3205400,3213100,3037600,3198500,3440800,3560700,765800,3252300,1209700,2991300,3665200,750300,3111900,757300,3282900,1275100,3607400,1391600,3690700,1366200,3661100,762000,3158800,3600600,1251400,3364000,1395400,914900,3302900,1045800,3738400,930900,3518600,3400500,1257100,3376400,792900,1306000,953300,1350700,1291900,3277500,3429600,3749400,3160100,1097900,3462700,1256100,2987900,3578100,1223200,3815700,3115600,3558200,1354000,1412600,3544800,756700,1322500,1179400,3531500,3390500,992600,1510700,731200,1276200,3674700,3382400,1315800,3575600,3441400,3322600,2881700,922500,3376100,989900,1128300,3759000,3738400,3832300,1228300,752100,1125500,1271700,3285600,2997500,903500,794800,734600,763400,3544500,3513800,1198800,3453100,1320400,884300,3740900,797100,2917700,1277500,1232500,3349800,750400,2865400,3447200,957400,3766500,735600,749100,3533400,3420400,3439400,1285900,1086400,3526600,735200,1197700,3215300,1327700,748900,1396800,777700,893300,3161800,3746000,879400,3233500,3058300,1415600,3362800,3391800,3502700,988800,3369900,772000,3682000,778200,1368200,750700,3400900,3569100,3109500,3423300,1321000,1037700,3505700,3081900,1346200,3584000,3232600,3690400,1202100,1356600,1430200,3424300,747700,1242200,3806000,3328900,1202700,853400,3645400,3697800,3517700,1217900,2949000,3822000,3186600,1205100,3483600,3679100,1042500,1007900,3188200,910900,3813900,1030300,1002400,1198700,3205300,1057500,3422400,798500,3307100,1278200,3516200,816200,3181700,3484000,1399800,1040300,3297300,3489200,3332100,1392800,1299700,3366100,2705600,1227900,1303800,3301400,974500,793900,3608400,3587900,3305700,1058700,3714200,1312800,895300,1412000,1149000,810800,801600,3331400,3501100,3806800,1089800,752200,3496800,932700,768800,1293200,2792200,3763800,1267500,3153000,883700,3534400,2747900,3214500,3408400,3803800,1283000,3088900,3656600,749200,3653700,815800,3679200,3358100,1305500,898200,3550700,1320900,3121000,1122800,3455800,1379400,3723900,3198800,3409600,2980800,1259200,3421800,3438700,3497800,1012700,3302000,3015400,3631400,3791200,3133300,3769000,839600,3318400,3699700,3149900,1275000,747200,3650100,737400,2864000,1327700,3063700,1219200,3811700,1128100,1033600,3626400,2875700,741700,2800600,2845200,1076800,761500,3798000,3419100,3543600,1210400,3504700,2849900,1282100,1472000,3773700,977500,2886200,1285400,1172500,3426200,3834200,1100300,910300,3769800,876800,3532900,772800,3494100,1174700,1023700,3523400,2815600,3478600,749900,3593700,1404700,1386100,1238300,1166500,1203400,3429700,3736900,3531400,3191300,3674400,1206700,3658700,3376900,3290900,918300,3705500,3574000,3087900,1090900,1108800,3613300,1390200,784700,944300,3515100,1291200,3650800,3726200,3456900,3738300,1292400,3731400,1302500,998600,3640500,1104300,972600,1308900,887200,1184100,3188800,878100,762300,992000,902400,3265500,3663900,1204700,3188600,3635800,754400,2983300,802200,761000,3195900,3232300,3467100,734800,1401100,3616300,3792200,1177100,964100,908900,806000,3582500,1117100,3446300,746800,808200,1170700,1493000,849000,939100,1074200,973900,3318600,749900,1234400,1281400,3503000,3800000,3686200,3662800,1151700,1269800,1262800,966900,1332600,1340400,3467400,945500,1301500,909800,3634800,3604400,3664300,752700,2948400,749700,1022000,2738300,1172600,2896500,3516300,3576600,788400,1024900,1236000,1015500,753200,2943800,3617600,727600,3217400,3372600,849600,972100,747600,3331000,3391000,1165500,1051200,3444500,2835800,791800,1347100,3536500,3509800,3278200,933500,1312100,1470200,3659900,3266300,3046300,1251900,926000,3590200,748800,1320500,1293800,1256200,3397800,1272300,1445300,897700,1236100,3099600,3256100,1262100,1361400,3513100,934800,3480800,3107600,979300,830100,1094000,1053000,1009900,1175400,3528700,3605900,3356600,852900,1284400,789200,745600,3224800,949600,3520100,1135500,1181500,3313700,3451000,1313800,766800,3374100,3640700,3460400,3450600,1339700,3294400,1307800,3257800,1311200,2757400,1277800,1065700,1489700,1185300,1174300,1258300,1293900,3248100,898500,1136400,1375800,965100,3553900,1324800,3383500,1344100,985200,1175500,1314300,1026500,2827800,1310700,3503900,882400,1357400,755000,734500,1300600,1390200,3551000,953800,1281100,745800,1255800,3631800,3466100,3470000,3640100,3425400,3708800,1282400,3382000,747500,3313900,3340900,1263100,3449600,1440400,2717200,3469000,1169600,2965800,3470900,3688200,1299700,3254000,1296400,3271800,3026500,3557600,980100,1286800,1257700,3738700,3022500,1213000,908800,922800,1097900,3792200,1046400,3572900,3405500,3557800,1135500,745600,875700,3783500,742300,1371900,808100,3025300,3147700,890900,810500,1359200,3328900,901000,3228500,1036800,3800800,2895300,3174800,3224400,799900,1321000,1008800,1304500,980300,1170900,3552400,734200,3834000,1009500,3561600,1295000,3073800,3478800,3073000,3132000,1167100,3566900,3071500,3700000,997200,3219900,1325600,1200600,3732400,1360400,3576100,3265000,3599400,1010600,3472900,879000,3629900,814700,3769800,736000,1139500,3760700,3599700,783100,3645600,3341500,1182300,3135700,911100,3222600,3348300,3400200,995900,749300,1246800,3290300,3497200,1000700,1062400,974400,1050600,1152800,1325700,3202400,3819600,3488500,1112200,3687400,1103000,3376700,1270200,1333200,3780100,751900,1023900,988100,1276100,905300,1322800,3583800,3227600,756500,3572900,2943400,966900,3491300,962800,748900,751200,3139200,3061000,3476100,3149500,3592200,1269300,3505200,3597300,1445000,1325300,3583800,1120700,3026100,1203000,1160800,1331000,909300,879000,3561900,733600,3732900,3676500,3561500,2674300,3194300,3772000,3127100,1029700,974900,2789100,2961100,3743600,730400,735200,741900,1013700,3304900,1208300,1222600,3295800,1329000,3733100,3303500,3615100,3683600,1208800,755600,3149700,3068900,1246800,3438900,1166500,1147600,3444100,3489900,835000,3575300,3807600,3395600,3276700,3411700,1257600,2878500,3576400,1192400,1047900,961100,3663300,3510200,744600,3147100,850200,3704300,1311800,828700,1365200,839200,1289700,993200,1295600,3757700,3555200,3697900,3644000,3457200,3555600,746000,3674000,3436000,3354100,1317600,1131600,1270000,2717900,3323300,967700,938000,968900,3692700,769200,737700,858000,3316100,1514300,1395900,3833100,3596600,3476500,3692400,945600,3727700,3068700,1345500,1388000,1229800,744700,3210500,1112800,733500,1417500,3783400,931100,2876600,3680700,735000,938100,759500,2701200,1018600,843300,767800,1235600,1306600,3806100,3151600,1035200,860900,1416500,966300,3629400,934700,1123100,1306900,3659100,1181000,949600,746800,3506700,3000600,1281800,1406700,913600,3628300,3207300,977000,3237400,941200,766600,3541000,741300,910000,3467400,1316300,3777100,2966100,3422100,999300,751500,3314400,2856800,832300,2859100,1220300,3523900,3735500,3450000,3500200,3458700,3562200,3447400,913800,1295700,779900,852600,3191800,3592300,3538800,3445100,3549600,1383900,3443200,1222400,3382900,1195200,914900,3429800,3431100,3340500,976900,3806900,825800,3474300,1382200,3219900,770700,1495600,919800,773800,729600,783000,833500,1169100,3730600,3740500,745300,3570400,3680300,1394800,743200,3496400,1356500,3478900,1030400,1266700,3455900,2914600,1171500,948300,3346300,3791200,3668500,3379700,1284400,2964300,3678400,3048000,1176900,1232600,753900,3342400,1371100,1013900,733400,732400,1210200,3449600,1226200,3697200,1181100,3336800,3059900,3774100,2964500,3844200,3565800,730800,1161400,2920600,3646700,3395100,3451600,3132300,891900,963900,3711400,3484400,1316600,800100,3551100,1222300,3489500,3731000,3734700,3679300,832300,3242700,1206000,3723200,1168700,756800,3701900,1254500,748500,3689100,761100,1296200,3214700,3358100,1032000,1242500,991000,891800,1158700,3323600,997900,879800,3627000,805000,3525500,953600,3537600,3280700,740900,905400,3825100,3116600,3669900,829400,742500,3643700,3564000,3840700,3216100,3544400,3535500,3142100,1229500,1258800,860100,1220300,3103000,3062600,1437200,744500,3443800,1126600,3143200,2712400,3495100,1437300,3490700,1012800,3233400,3695700,3381200,3215000,1390300,898200,3511700,3198000,738800,1245400,985300,3196400,899800,1232500,3345800,3398300,731400,889100,2776500,992200,3114200,3570300,1324800,3116300,2833900,1003500,3362400,2798700,3427900,3556800,1216200,1003900,873300,1163700,1135600,3371400,1362700,748400,3453200,1478100,3099000,3453800,3663900,1256800,733600,1344300,3670000,1218500,3335700,1308400,1340600,962000,2993500,814700,760600,1262000,3016900,1254300,1397800,742100,2668800,3573500,3649200,1283000,1142400,963400,3260900,1190700,1057900,3421300,1399300,1382200,3474300,1199500,1341100,1233900,3633900,3651000,1379200,3404800,2834600,1113200,1241500,1359600,1239400,937000,3171100,1395600,3668400,807300,3682000,1104400,3335800,1129200,1335700,3559500,1330400,879100,1501400,1068700,846600,3772900,3399800,3109900,3609200,3184400,3456300,3549300,3514800,795500,3461900,3429700,3684400,2932800,1335300,3700600,3754500,1182800,782700,1293900,3104700,3510700,1173100,1265800,3107400,2904700,842200,1235200,2829600,894500,3410700,925700,767900,2975800,899800,939700,1075600,1287000,1179700,3823200,3437400,3437300,3828100,987300,3521300,3000100,973600,3378500,734300,3549600,3500200,3239600,734800,3605900,3453900,3793300,901200,3271300,3533000,3243800,3609700,2763500,3541300,1237200,2901400,3171300,748500,1258500,2969000,1302900,958300,3250900,3413100,3484100,2948300,1328700,2982200,3158500,3056200,727000,1166000,3487300,3314600,2991200,3391600,3560300,1344800,1453200,1425400,787500,987700,3113100,3033900,3276800,896900,736000,1376000,3082100,1128900,1324300,3431100,1389000,3283100,1190400,3292200,3537400,1033400,2890500,995600,990700,3148000,773200,752800,1524400,3212000,1336200,2954000,3516300,764000,784000,3384000,2799800,3219600,1317700,3551700,3019400,768500,3391000,945500,3829700,1085400,3716100,814400,1298400,3284000,1274200,1290600,3538400,3372400,1402800,3411600,3177500,753600,809100,3157500,3517500,1334800,3706400,824200,3619800,1291800,965600,1425700,1379000,3526200,944500,968800,3793600,3711100,1242100,1360700,955100,3445500,1251400,3132100,2830100,3231400,1539300,2960900,3601300,1413200,816500,2986700,3247000,1009900,750700,3674000,3450900,939600,3504600,1321100,2737800,739300,3559800,1264400,1162800,838000,915100,3355900,1333400,3489700,3626200,742500,3546700,3495400,3812100,1261600,885800,3553500,1407700,2797600,3252600,1193200,3438000,3755600,3218500,3296000,1437800,913500,3138100,3090800,3820900,1040300,738900,3698900,1221200,3454700,1278400,750300,836700,3058000,848400,3170600,1084600,733200,3172200,3565800,880500,3356500,3694600,3426100,3422200,3159000,774200,2766700,1407600,1356000,3449400,3370500,3699800,1100600,3458900,1238500,3103400,3303600,2717100,3669900,3223100,3580600,3694600,3576900,3111200,1251900,1107500,1227600,3694900,3428900,1446900,3357200,3339800,2541800,750700,1278800,1451300,1155300,1243500,912900,3514700,3581600,1371700,1198000,736000,900700,902100,3524300,1249000,777200,1350300,749800,746200,3122400,3074100,1417100,2015400,1225300,1375000,739700,3482400,1029200,1335000,936500,3491000,750700,1327100,825000,1097900,963700,3791800,3264700,3517100,3714800,748800,1181400,774800,894600,772000,3522500,788400,3134200,1287100,1071600,764200,3398300,1288600,3341400,3500600,1155100,3477000,758700,810700,2684300,3826300,947700,3599800,1178700,996100,1241400,3492200,3491900,3622200,3348600,850500,1262300,1013300,829100,3305200,1245300,1423500,1309300,3380300,3649700,3733100,750900,1072700,1212300,1289300,745300,1135600,728500,1235800,3112200,751000,1336900,1247300,1071000,3231500,1133300,849400,818100,1088900,3592900,3282800,3698800,3743400,3455300,3656100,3595900,1311000,1306500,3695900,765800,750200,3814400,727600,1236900,3641100,1287500,1246100,965300,3748200,3754600,3531700,1292800,1483800,1339400,728700,1015900,776200,1029600,3105900,3419800,1388000,1242100,3352800,3430200,812300,776200,3596900,3511800,1391200,3659800,737200,3488900,3274500,3547000,900200,3375600,3830500,3103400,1254100,3716500,3486400,3341700,1276600,3288800,745400,970400,3787700,3293100,3309300,3568200,3055300,3775200,3799600,878400,1192300,3090800,1277700,770300,1260700,3372100,836200,921400,1020500,749300,1068600,3472400,945800,1015300,855000,3476800,3340600,1206600,880000,3527800,1365200,1170400,992600,1164200,755000,1193900,947900,988100,1415600,3339100,755200,1402700,3492500,3712000,3108200,1175100,2887300,3174600,948300,3447000,3399600,885100,3505600,1022000,3386100,971200,3752200,3418800,3557900,1329700,3203600,3465900,3523000,3290000,1296200,747100,929200,1296000,1448200,1061700,807800,1207100,1296700,1217500,3320700,3170700,1016800,1281500,3444100,764200,1005100,809600,1276800,742400,3439400,3146300,3393500,3629400,3310100,883000,3419500,3473500,1353900,965000,1268100,1203900,737800,992500,769000,3082500,3617600,740100,2909800,804300,3735100,1554300,3843400,1394800,740600,3116500,3732600,3054100,3407900,1336700,756100,3569600,1234200,907200,1498300,803600,1301900,1285000,760000,2810200,1296100,1017100,3462900,3322100,3528500,1203100,1525000,1092900,3219000,959900,738000,1296500,3525000,982500,3402100,1042800,3011800,892400,896400,3389400,3482700,3564300,1266900,3203800,1380200,3779800,1139500,1251900,828900,3204900,3365600,3749000,3260300,1245400,3213300,3567500,804500,828700,963400,1376700,3477400,1293600,787100,3462700,2903000,3789500,1313600,1381900,1182100,3535900,3480300,3506100,1424600,3435600,831100,3085800,3253800,1163700,1504700,1421600,3452800,742800,3724400,3369200,3784300,3690800,2902100,758600,978800,734600,3543800,1093500,3556300,1538700,3414600,817900,1095500,876300,3353300,1371400,1261600,875900,880400,3211600,3599500,3404800,3496000,3135400,3246400,1291700,991500,1232000,964300,1290600,1341900,1381600,3454400,741400,3294200,3203700,716400,760700,3595200,1211300,3204400,3548300,3620800,964100,1059300,3095600,754200,3658600,3296900,1417800,3560700,1284900,1305400,1316300,730600,778000,3841100,3492400,1372300,3158400,3020700,1307600,3207200,741900,762400,1259200,786300,3049000,1307400,3821400,3118600,3147900,3183900,1200600,1087700,3459400,953700,1170900,1110600,3624600,3323400,1457500,3080000,3234900,3383900,751000,1058400,3399200,3482100,756500,1145500,3445800,3284100,1465400,3066500,1391000,3751500,3751700,857700,3734200,1003400,3385900,3801200,1231900,3641800,910500,792600,3110800,797000,3441500,1495700,1454100,793500,3749200,831800,1178900,3490400,991200,3817800,3231500,959700,3219600,749700,3260800,931600,739800,1248500,3490300,762700,1352000,895200,967300,889000,758500,3454600,2971600,736200,997300,744700,742600,983500,979000,3502000,3515200,971200,3614400,3581200,3086200,3326400,1287000,1310500,977800,1082400,3656700,942500,3506700,780200,3550600,3660500,1330200,754300,3218500,3037800,3486100,3322900,878800,1232100,3279400,1336000,3485700,742000,2947600,3789300,3241800,3093100,1292600,885100,1330100,1171900,1283800,3405100,2846000,736100,760900,3640500,1041800,3820900,1452400,3502500,2868300,794900,3531100,3444600,3008900,3239200,1338900,1461300,917000,3582300,1010600,3010400,1241800,3637000,3449600,3819500,1089800,960000,3248200,3381200,3558100,1025300,849200,818200,1202400,1247500,1402000,950900,1314200,1215700,1340900,752400,3377100,3362800,1111000,3096700,1247300,3336300,946800,988200,3254300,3431000,3852600,1288600,3085800,860000,3782200,759500,1287800,3495400,753900,748900,1025500,962600,874500,1233300,1153500,915500,1016000,3517500,740800,3610700,882300,755200,1239600,3611600,3426300,1269700,941700,946000,3109700,1269700,948300,860600,1320400,1328000,3461700,3617100,3807500,3231300,3723400,1409100,1445800,3230500,2657500,2810800,746300,3490400,734200,3491400,3456800,787200,1304400,3039100,885400,947700,3391800,1226300,911000,3587200,991500,745600,1326800,3155200,3833300,3225500,3208800,3749700,3512600,3264700,1447900,1490200,3682200,774100,1237300,3808800,3518900,3088500,3698800,3682800,3455600,3451100,790800,3319700,884700,3370200,829900,3242200,867000,996800,1259400,912100,1299200,1009700,910100,1192900,3824100,884400,3567800,3164700,1210100,3113100,753400,3405200,3786800,3191300,968200,3699400,1053200,3462600,1318000,3574600,3838300,1093100,3245100,941000,1047300,1259800,3302100,1262700,3576000,1319400,3626000,1133200,1250600,3657300,872600,1272800,1059100,3519600,1436000,935500,743000,3483700,926400,1278500,1301100,3449700,3393300,1149100,1346500,729400,3641200,3824900,3503000,3071700,801900,860900,941100,755300,2856900,3358600,1007000,3053700,3574600,3437800,3042700,3348800,877100,3213300,3741400,3622800,754000,766600,3114200,3416900,1239400,3458200,1385000,1150500,3353400,1281400,3329100,953500,984700,3453800,3417300,3363600,982100,793400,3763900,1020200,2698400,750000,961000,2765700,1419200,1050400,950900,3535000,3601000,1282300,1105300,3228700,1292400,3088500,3658900,3240200,3372300,3310300,1479800,1269600,3753800,3493200,1066900,766300,3307800,3490300,913700,3371200,751700,1194000,860700,1150600,766400,3680600,3258000,1212700,905300,1076000,3351700,1459400,909600,953700,1293100,3476600,1033400,1024300,3002800,3468300,3126300,3840900,2784600,813800,3570300,3547000,914200,873200,3069200,3319900,3489500,771800,3719700,3651300,3445700,3640500,3510000,1147000,820000,3675400,3215900,988000,3296500,3214200,774400,3544700,3604100,3376200,3563200,747500,772100,1484200,1309500,3675000,3476800,1224500,804800,1175200,3226800,1180900,885100,886500,1182600,1346400,750200,3664700,3529200,3499000,1184000,3245600,2861300,1288400,1105800,893200,3290000,3845200,1339200,1334000,3596500,3711700,1405400,3139400,3299300,1311000,3771000,3338700,3542500,3615100,3527900,1320500,1231000,1224600,1181400,3363800,826200,1052400,3610500,3790500,3442100,1233600,3254400,740500,762200,780900,788900,3096100,1030900,3099200,3578300,1328900,882200,936800,880500,2833500,3611800,1380100,1182000,3200200,874300,898500,3138400,1171400,3099800,3660400,3547500,1204100,957000,802500,3557600,773900,1215700,3162700,750600,3676000,3049200,1038900,3094300,3445800,1183200,793000,956200,3413700,3632000,3302000,3447800,737500,3546800,3499100,3539700,1060900,3525900,2815200,1108100,3800600,1150700,3462200,3250500,778600,3690800,1422600,3540600,1275500,965300,3727500,3378600,1450500,1075900,3025600,1160000,3483800,3569000,1096600,1382700,3276100,3022800,1148500,3642200,752400,2989700,3218900,964300,1167900,3381800,1454400,931900,3660000,934400,3539000,3384800,3102500,1371600,3362900,733900,748700,1222900,1286100,880100,3066900,3091000,825200,3515400,3676900,742900,3162400,1279300,1321200,3215300,733000,739800,813600,3508400,3545700,1325700,1068900,3414000,1484000,729500,1348600,3805800,3643200,1267100,3806400,1442100,3264900,1229300,3829500,3357800,3553400,3580500,731800,986900,3409300,3789600,3787800,1379000,3422100,3692300,1006300,952000,1019500,3333300,2908800,924500,826700,3567000,3483200,3485200,3626800,765900,840600,783600,3255200,921900,3705100,3173200,3307600,1243100,1085700,779800,1185400,3688200,3785800,3775300,892200,1248500,1368000,3309400,1309900,3377500,3438300,759900,2992800,3178700,896300,3674400,2714100,3828200,3511300,3298100,3470200,3326200,1399600,737800,1005200,957100,765800,743700,3610500,987600,757100,986700,768400,744000,3746100,3023200,3466500,1118000,3363400,859100,3521000,3581800,772400,1260000,2831700,3548900,3417300,3258200,3481600,3527800,895700,3210900,1134900,988700,3075500,3118700,3425600,3352200,3831400,933200,2892000,3760700,3459000,1457100,1019700,970700,3590000,3395700,3272100,884900,3543200,3107900,2829200,1189500,3620300,1065700,3420000,3756800,3684800,3540200,792000,1410100,1327300,3411800,3181300,3264500,3256900,938800,3291000,1301800,1126800,1075400,3467700,898300,1191400,786400,3422400,2858300,3514500,3289400,928900,3230400,754900,735400,769000,1302600,3158000,758600,1085700,3499000,1460000,3142500,3702600,3203500,1290900,3543900,3111500,1227700,1421300,3331600,3539200,773200,1296200,3770100,1369000,3178700,1064400,979900,3423900,3173300,3318000,735800,3200900,3860300,3266700,3343700,979400,909500,3715400,1074500,1631100,730800,3149500,3459900,1369600,986800,3539500,1011400,888100,3143200,1152300,2992400,3591500,3228200,777800,1296200,3557600,748600,803400,3420100,3149500,3762800,3558900,3297200,3779200,3305400,3263500,792100,761400,738100,857000,1108500,3306900,3560800,1034700,1349100,2832400,1391100,737800,873300,869300,3428300,947500,1006300,3742600,932700,1381600,1387800,1216900,759100,3101300,3064300,1149100,3567200,799600,880300,1055100,1256900,734400,985800,823200,1360300,1024100,3779900,982100,1317300,1383100,905300,870300,1204600,3197500,1179600,1173500,923500,1291500,3117300,1177800,3679300,819800,2244600,3677400,741100,867200,758000,1271600,3605500,3488800,3263400,3122800,740100,3812500,989000,1319500,742900,2993800,773500,3595500,900500,1316900,1234600,1173600,3512600,3329100,3518500,1326900,3239400,3381200,1446000,1040600,3664100,1284400,3646700,841000,1866200,1390800,3524800,3695400,2794200,3331700,3426500,3228100,956000,1235800,896200,1270800,3604400,800200,786100,3038800,3712200,2896800,1262100,3259800,1060300,1597200,3822600,3819300,825900,1185400,3571900,3106400,3630700,3265600,1254600,741900,1452600,2826700,3632300,3584100,1308100,741800,743600,3484400,792000,3518900,1374600,3425300,734200,1262600,3194100,3545900,3382400,3489700,979500,3529800,3507000,734400,3816100,3084900,3139100,3397200,3528300,908900,3264200,2974800,3591100,3691900,3203800,1146900,908400,808100,3619500,1048600,3524700,3216100,3551800,3380900,1296600,3590400,3082400,842900,969200,3105200,1286300,1216500,3530800,1286500,3474600,3691500,3018000,3085300,3860900,3624600,3465100,1131300,1280300,3391600,847700,970400,2683700,809900,734100,1230600,3401900,3317700,3397300,3697900,1311300,2790600,3483500,3128300,741200,3790800,3552500,3751300,1123800,3772100,1297600,895100,3735900,3572900,3513100,3669300,3622100,3364800,798000,3333700,1208600,753200,880600,734900,945700,3356800,881500,1310900,857800,1428200,1022400,1050100,3305300,3343200,3027900,3638300,1175100,3131900,2910200,848900,2834100,1299200,2947500,959700,1211800,1383200,1392800,3202300,3041600,757000,733900,3822200,731300,3615400,1267700,3243800,874800,746600,823900,3736800,3554900,811800,3220900,1011200,934700,2875400,3371500,3600300,1413200,1187600,3406800,779000,732000,901700,2984000,1311100,747500,1272300,3530400,3632000,3372300,3519600,1224500,3553700,759300,3074100,3477600,3395800,3074000,1200600,3180500,3339900,924000,743200,889400,3474900,1046900,3357300,3735500,1005700,880700,1360900,3168800,3443000,3238300,3633200,3097700,3174700,3589200,3568400,3654100,1250100,3337000,727700,953700,3118300,3389200,1286100,1353300,3486600,3600500,3439300,3439300,1289300,1802200,1041200,3524600,3815600,1099500,3538300,1216500,1293800,1227200,3501900,1084100,3292800,1332600,3507500,3286700,1291600,3102300,1009900,2900500,3351000,3365000,1146100,3695400,1412500,3564000,3459700,3589900,3265500,2721100,959400,3808800,955100,3528000,3296500,3362800,979800,3623500,792100,3517500,3687000,3389100,1362400,3733400,1357100,857800,3757900,3194800,3230200,800400,3594100,1254300,2954300,740800,3587500,3381300,3609300,3604100,1424200,3738400,1311600,2917000,3625000,3438400,771300,3348500,915400,3504100,1247700,795400,3394400,3357200,1307500,1260200,1000600,3531900,1320100,3767900,1165300,1170200,3630900,3685800,3503100,1062700,3258000,1000400,3665800,3814900,1284400,823500,3723700,3361100,3696800,816900,3214900,3484500,3611900,1225900,3426200,811500,864500,3025700,3657600,785600,1244600,3554200,1022000,959400,3537600,3701300,1416100,1004600,3002800,3344400,747600,3620300,1221000,1192500,1244900,1071900,3041200,1058400,1129200,998400,764000,3508300,1342200,3330200,3332400,756600,741300,1226300,3328500,3007800,3580900,3815300,3073900,3420400,3221800,1133700,3743300,3627200,3718100,3672100,3699100,1038600,3573400,3491000,3335400,3637500,3516900,2736300,1016600,2779100,3508000,997800,3857100,3394700,1021300,754500,1153200,1279800,1165000,3547900,1316100,766700,3220000,3338000,868300,1521300,3449200,3338300,1433800,1339000,2994600,3197400,3632300,3251300,1000300,3413100,992800,3061000,3095200,969100,2784500,969700,2980000,1182900,763900,3148300,3258100,3700100,3636100,3499700,3153100,3367300,865000,787400,3358900,3348700,1016000,1286200,983500,1355200,1413700,1118900,3575200,3622900,3510700,1238900,3501300,3213300,3242600,3122400,789100,945400,728800,1313500,3636300,892400,3432200,1176200,3410100,1108100,1040400,3405600,818900,1326000,3210700,1355000,3326200,3069700,2906000,3306200,735100,3436700,775300,3242100,1248500,1257900,856000,3466500,761500,1298800,3677300,3191500,3658700,3647700,876500,3433600,1350100,733100,731400,3134000,3640300,901700,3207800,3510900,3422800,3366800,1290300,745300,888200,1145700,952000,741700,3540200,1051800,1383800,2726300,785900,1404800,3212400,940200,3621700,736800,1297500,734700,2733900,1073400,3454500,1221300,1000200,1339400,3523100,3326300,3614800,3401200,768400,2852700,3434100,1147100,1192700,3591200,762000,739300,3539200,995500,3736000,3862700,1127100,737700,3379600,3477100,1116300,921100,1099500,3356200,1289400,1041300,1231600,3421300,3494800,3472500,812700,746400,971200,761200,3567600,3249800,3481600,3585300,1163200,741200,3315000,3800000,3499100,3063700,2756000,830600,3024000,1152600,1209400,3774300,3412000,1102600,744200,3457900,3082100,885500,3254200,3281500,742100,3746800,3740500,3347100,1322000,764700,3514900,3250000,804400,3359500,1101800,3720700,1254700,1348700,917100,3820700,838500,3355400,3350700,733700,3499200,3556900,1298000,979900,3415600,749200,2700000,806800,1041300,787100,734000,1467400,2966500,1344200,3512100,1202900,2697100,3698700,3372200,3621200,3204600,3159500,3032000,749900,3261200,3714500,3141000,738000,1419200,3647200,3444800,746400,1995900,796500,1366300,3206100,3476100,997800,3712900,1110000,1373100,2847200,2798400,3549000,1394600,738600,1395200,1331500,1336800,3503800,731200,3108900,3430000,2748200,887000,776600,1313800,3623000,1277200,1296800,3524300,3665900,1372100,3342400,950500,3659500,2844200,2986500,1377700,783900,3006600,1195800,3564100,3410400,3363800,1056600,754700,3253400,3477100,1085000,772600,3647300,3194600,3832800,968200,876800,3165200,3537800,780200,750000,1380900,891400,825700,1573500,3392900,967400,1002200,3392900,1167100,1370400,1288900,3746400,776400,1144000,3346800,3781200,3590000,797900,3273900,767400,3327000,3636900,3218600,921900,985500,803700,3586600,3722900,3363000,3850700,756200,3437500,3496500,730100,3545600,3641500,1269200,2997800,977100,2870500,3662500,898300,3303800,1251400,828400,3455600,873800,950800,3753500,3765800,1454400,3739600,998400,990400,3345200,3496300,935300,1284000,1237800,3516100,3144500,3162700,3660000,892000,959900,2965400,1315300,958200,3554400,3089400,1233900,1162900,3263800,825300,799900,1290600,3604100,3623100,3606600,3608300,3051000,1347100,3263700,752000,3761000,3305500,3543800,3644900,695100,1319700,3296300,855400,1393700,733100,735100,977100,967100,3546500,973300,778000,3454300,1400500,777700,1268200,1242500,3120900,3162100,740400,1382500,775400,3602700,1319000,3489800,3554400,735500,3228000,870100,3487100,946600,1261900,1271000,3036000,3594100,3167000,1357200,3733300,3501700,3259200,3567000,1376100,3490000,911900,948000,1045800,3585900,3629700,1221400,1209900,1338800,794400,884000,1196100,3681400,3146600,3665900,3562000,3242600,1211100,3402900,3590500,845100,3433400,3632700,3386300,3342400,3643400,1345800,1226800,983700,3508400,1300300,3568300,1190300,3642400,1227500,781600,1261800,900000,3671000,3024900,1005500,2890800,3389600,2625300,3744400,3317000,3171500,3383600,1282300,3781400,3551500,1210200,807800,3521000,739200,1214100,3518500,1315200,3566400,1274300,3579100,3740500,789900,820000,752200,3264000,1320000,1388900,3217100,846400,1036800,748200,942800,1144000,1384900,3006000,1488400,1108000,3156400,3131800,3399600,3548100,3776300,3422400,3083000,3619600,3154700,943200,1349300,3009900,787400,1006600,3622900,3209100,750200,941300,3778100,3332900,3406700,785900,3599000,878200,3431300,762900,3113400,739300,3268400,3541700,3437600,3209000,1319500,1110200,1257800,3593000,3762700,3697300,1033800,1048500,897900,3628800,3480200,1060400,1001900,734300,3384100,841000,1137000,1357600,1186700,3700100,1223900,809500,3421600,753200,749400,919500,893200,3370600,3797400,956200,3610100,970400,3475100,1280900,1139500,3584700,1292800,3666200,1056700,3619200,745100,3326800,786100,1193800,3502100,890200,1071800,975100,885200,3604400,3806100,1312600,1185000,954400,1110400,1138000,3550800,780100,3517400,947400,3641100,1156300,898300,991900,1060400,1348600,3689400,3401100,3271800,3407400,946200,3704300,1232500,3418900,3627500,3083200,998600,3421100,740900,2812700,3694700,1340500,871800,1240500,3314000,1106000,889300,1243600,3038400,1116100,2940500,1434000,3237100,1184500,3368200,3205000,1178600,1314000,3501100,3453800,1014800,3132800,906200,1477000,1441400,748500,919600,1341400,3521200,3736300,3551400,3496800,1342800,3659600,3051200,768000,1188500,3322900,767000,3365300,1298600,3174100,777000,1069000,3755900,734000,3787300,3139000,1237800,871800,3250600,3624400,996400,3462900,1403800,1414800,996800,977100,3595400,3251700,3156300,3741100,3742100,2884200,3465700,1288000,3526000,773700,992000,3103200,1108900,742100,967000,3267300,3422500,1144000,3387300,1112800,3056900,3374900,864600,2767700,962200,789500,3391700,1350700,1119400,3523300,1275500,3795500,3713400,887900,3330300,1192700,757400,1404600,1309700,927500,3724000,1248300,2913900,808700,3316200,744500,1317600,3195000,1154700,3478400,3526000,3299500,2609900,740200,810100,3498400,1278800,1104300,3391300,1011300,1264800,3190000,933100,1068400,1429800,3594400,1153800,3693100,1278000,1384900,1481300,757700,780700,3605000,3833000,2864600,3604400,972100,1276200,1143200,1359600,1145500,3513800,749300,745000,951800,896300,3823200,1242000,1096400,929200,3582100,3335200,876000,3221700,1216000,1076200,1213000,3382200,3173600,2936000,751400,906500,755600,790200,2928700,2973000,3381800,958100,989000,3714000,1293400,1119300,3794500,1324700,3754700,1270100,3788700,1226800,3180000,1410800,814900,1298000,2882200,3529300,1232700,3168800,3453700,2972300,3531800,1303200,1126600,1353400,3407300,3353700,803400,1019400,1034500,3452500,989200,767000,3812600,2893000,3733500,856300,768100,3725600,1160300,3252800,1078300,3340400,3342900,3385000,734200,3170000,3348100,736700,3196300,3492800,1374700,3443700,3000600,3514000,3488800,1293400,1357900,1347400,1283300,1202300,1230200,1000900,1143900,3412900,3455800,877900,3687500,1255300,1209900,3347500,925500,822800,3126500,3133200,896900,840000,3617100,3644100,3159800,1279900,1062400,3175000,2927400,3497000,3185900,3573300,1295300,1323600,1426400,1001800,3563200,3057700,3332400,3444400,3380800,1430000,1213900,3491200,3543800,3019100,3547500,937900,806400,2695000,865900,3795400,1362900,912500,3749500,1007300,3667200,3780200,3775700,3646700,3314300,3329400,777800,3495700,3473100,825100,957100,3561000,2793100,3610800,3490100,3582800,3641000,3730700,1294900,3818900,3723500,2740500,924500,3044000,3703700,1413700,3731400,1268700,834000,3304000,1022700,742400,3586800,1229800,954900,3464700,1284100,746100,800800,3248000,3446300,977700,892700,3696100,3410500,1019000,887700,739000,747200,1010000,3818100,1003000,3413600,1332800,3787800,3785500,2784100,3079000,3521300,3579800,1227000,3490800,1305800,756900,1335200,3188000,1172600,1397100,3264000,968100,1312600,1226900,1293700,3832100,3645000,1428200,1229400,3383900,3195800,1113200,3289500,3361400,3173300,3457900,3500600,3515900,982600,3776800,3469800,3213900,2950100,872100,3044000,1280500,1087600,3733400,1113100,947700,1003200,1345700,1113300,3610600,3817100,3018900,1261600,1370300,3297600,735600,957100,1447500,1492200,3788200,1261500,951500,982900,3461200,1285700,3114700,3735700,3821200,813200,3116600,730700,3723400,3514700,3073200,3381300,758400,3450900,1369600,752700,739700,1079600,1370400,731000,1031900,3540500,1287400,3645800,950500,3670200,978100,3501500,3249800,3402000,3622700,3113900,3706600,3355700,1040000,3168800,981200,751200,1331200,1124100,791200,3389700,3609000,3755500,889200,1029300,741300,3693300,3590500,3485500,3539900,1345200,3412900,737600,3051400,3461200,3350100,990200,940500,3068600,3464500,3315900,995500,778200,3047700,3434800,3768800,1350200,3571300,3618900,3415900,1293400,1013000,3380600,942300,754200,3278500,1384800,764100,2886100,1299500,3536200,3317500,1259100,750800,1302500,1339800,3594500,736500,1383000,3635100,3331000,3716600,1234200,1188500,1519900,1328000,3247700,3490300,1005400,761800,1249600,1320000,753100,3162800,1007400,3820000,3170200,3175200,745200,3098300,3248700,3495600,791800,3535000,1361400,1107500,782300,933200,738000,3611300,744000,1271600,3677700,3780800,1376300,1070700,3501200,3466100,3195800,876700,978300,1299200,969000,3831900,2827500,1194200,3463100,3020700,3131100,3703900,860700,1068500,3686400,3247000,3465700,3526900,1227200,1354000,3134600,939200,3220900,1081700,3728000,1058500,1257000,1354700,803500,3515800,3367500,3626500,3270400,750900,3611100,3468500,1196400,3408900,764200,748400,820700,822600,1038600,749900,740900,3493000,859200,1356000,998600,3749800,1543600,3415300,3341100,1021400,956400,3520500,1102300,3514000,3204600,1139100,3166000,987200,3768100,3571700,3553200,3543500,3577700,1247400,3552000,1332800,3346000,1338600,728800,736000,1404300,3338400,3355800,1063400,1091000,1509000,2989900,767400,843100,3723600,893700,1335000,3500900,3319000,3506900,910200,1423600,3256200,3776600,801000,749800,818500,3610000,3297900,1330800,3120900,732400,971500,3146900,3682900,3045800,3341200,1271400,3468200,768000,3412900,739100,3591500,734300,1156700,861500,3148200,743700,979000,3481300,2772900,749000,1308100,3513300,3831000,1027200,961400,1323000,3472500,916700,3420200,1442500,3090300,3255600,1287700,2853600,3772200,950600,830400,1297500,1221200,740000,868900,762800,3108400,3353400,3110100,3473300,3379800,2553500,1334800,913300,893500,3336700,1164500,3711100,749900,3576900,742000,3378000,3508200,3126200,896500,832100,739000,999300,3692900,3584600,781500,1253100,3686800,3588800,1194000,3005700,927000,3428300,3419000,3643500,3346600,3425600,954800,1014900,3559400,3484200,3562900,3025100,1248200,3604000,1165400,739000,3286200,3129100,739600,3648300,3591500,1307200,3760800,3569500,1090600,3619000,3568800,3280400,3589300,1192100,3363700,757800,1355200,1078800,3377200,3495100,1139200,765800,3712800,970700,871600,1681900,1294200,950400,916700,3533200,934000,968300,3535200,3239200,3731600,1300700,3547500,985700,3353100,751200,751900,3478400,3635500,3577000,746900,3115200,3522900,3514200,938000,892600,3374900,895000,1104900,1218400,1299200,3304700,3137700,2719400,822000,3542900,1668600,1085100,1235100,1236700,3343500,1204100,951400,2214000,3418600,1020300,3210300,1317400,782800,3493600,1273500,776900,3336400,882100,3674200,1167100,1234200,3192200,3592700,3145400,3706100,1354000,1314700,980100,1207200,1022900,1317600,3478700,1050100,3780900,2955500,3778400,1477500,2982500,984000,3615700,2778400,3329000,833400,1235400,3496800,3357600,1190500,3192800,735200,3176400,3082300,760400,3480400,1452600,3547800,800600,3357200,3200300,1389000,3341000,1339100,3379200,1293500,3413100,3426500,758500,3371500,1232000,763600,3535700,1390200,871400,962700,3717500,1100500,883600,3581200,864900,860800,1274200,3562800,1285400,3392900,835700,3505300,1003400,1287400,789300,3509200,3544700,1205500,963800,980900,979000,1132200,1295000,736600,3457600,3646900,3406200,1323300,2925700,990900,2789000,3785500,737300,799200,3412000,745500,921100,766000,3394900,3599100,3525700,3607400,1499200,3680800,1100400,1426000,3301400,3196400,3088700,1355000,1373900,1501800,944500,3517100,1197100,3553400,3165900,3466800,3502000,996800,3424200,3205600,1207400,3668800,3155000,1396100,774500,3112900,3663700,1285600,3591300,739200,1390800,730400,3385400,3367800,1444400,809600,2773300,3482000,1041600,3509700,3126400,3674300,1196700,3568100,913700,1271000,767300,3674700,3018200,3309700,871700,3612000,3401500,789700,3298400,1002100,744300,734700,3564600,934000,908700,3669200,1277900,920200,1242500,3469900,3444000,3535400,888400,2782200,1213000,865900,3263200,3378200,808700,1004100,2919200,826100,3337800,3318200,1190100,1182400,3510000,751600,1367200,3681300,1391800,1062400,1074400,1197300,951000,1328800,933500,3496300,1030000,2357300,3586500,898400,996100,1298200,785400,3779200,974000,3380100,912900,737800,3470400,1351900,3807100,1207900,3021500,870600,816200,1301100,1364200,1208900,840300,793400,900900,1027600,3800900,3041100,3442100,1152300,1324300,3395600,3512800,763700,3107700,757700,3221400,3383200,734100,740200,3302600,3031100,1237700,3704100,3251100,1283900,3760100,1130700,1412200,3462900,902100,3495300,3099000,1269800,3787600,1068500,1065600,3023400,1179300,3675900,2663700,1436600,1401200,3767800,3476800,3107300,1085400,3151900,3832700,3428000,1342800,3437800,1216300,933500,743100,3418300,1382500,3850800,1093900,1309100,3826000,934000,1079200,2997900,3385000,743800,2810800,894500,3358500,3546600,1024100,816700,1260800,2931600,3358900,3683400,775000,3446700,1255400,1080000,756700,3383900,1298300,986300,2810700,1107600,3400100,929800,773100,3305800,795200,751800,755600,3258900,2865800,3359100,3029100,3693600,804000,3217600,3101500,749000,869100,1030200,3396700,3593100,854400,3410400,3203200,3727500,924800,3640500,1270800,3677700,1167600,750400,3356100,891300,1154700,3451600,3513800,837200,3442900,1309600,3195400,3055800,3386200,1020300,3141500,3487600,3278800,3154700,3616200,1281300,1288400,1097000,3334100,3502400,1458100,951700,1190600,3147800,1212600,1024400,1438100,1184100,1099500,1260200,3728900,1142300,1275800,1367100,749900,3391000,3488600,3475100,1309500,1028700,3225300,746000,2990800,1248900,3462300,3249300,3633200,2927100,3487900,1338100,946100,3193300,3555600,3472000,3571900,3464900,3267200,735000,1207900,770800,2890600,3233400,3594000,954800,3444700,2868000,1490000,1334100,968900,816700,3239300,3464400,3540900,778300,3113800,962700,768800,1145000,1145400,1274500,3182600,1385000,733700,1050300,851700,893700,1135100,3305700,3533800,1260400,3358000,1168000,1033200,789700,3793300,3743400,3290900,3496100,1470900,742400,810900,1505700,3405600,1327300,2960300,3232900,3594400,3263900,3496900,3223200,3709400,984400,1466900,800700,3036600,1304400,802700,991400,3734100,982100,814400,2790700,3105200,1224800,3595100,952700,742300,3833800,1447300,3506100,755800,978500,770300,1173800,3134400,3430300,3425800,1314300,3057000,1203800,1022900,1766700,3382800,3482300,1295200,2990700,773000,2978200,855200,3670900,3311500,3615500,3113300,729800,3147400,3549600,865800,1508000,1209800,1179900,3485400,998200,3327400,3774000,769400,3139000,1244800,1174300,939000,866600,730200,3252100,763300,752700,1260400,945000,741900,754300,3824000,767900,3260000,3818300,904300,1054300,3115800,1150700,3662800,3422400,919300,3018000,3249400,3720300,3538600,3125200,960400,3507300,2853700,891400,3575700,782900,1275400,740600,3135600,3494400,809500,3435900,1182000,765800,1361500,1365400,783100,898000,1387200,1324800,737200,3519300,1146500,744500,962000,1049800,3215700,3563500,3451200,3583700,3283000,3447400,1711300,2835800,773000,1164400,738900,3121300,777300,1266700,844200,3305500,817700,742700,1550100,3269500,3683500,3771600,3470300,3672600,763500,1202100,2358300,3462000,1312400,929000,868500,903400,864100,1291600,783700,1255400,741500,754900,3318200,973300,3334400,3771600,3344300,3602600,3421900,791700,3152700,1304000,1145100,3062200,1294900,1301400,1233600,765600,3115500,3798600,3642700,3195800,1052100,3128600,1100000,3821100,760800,1430800,736100,955700,3459500,1318900,3342100,3244000,3360000,1144200,3524200,3660100,3389700,736000,1314500,3206700,3334700,2879900,3591100,3421000,3228600,774500,829600,1279600,3647400,753100,3341600,3227700,3200500,3431900,736600,1426100,862700,1355000,815000,3567400,768200,1230900,3348300,1185200,3231700,1387000,1184600,3708500,936300,3250200,798800,1267400,809300,3517000,3438400,1585400,3298400,860300,3572700,769600,1374600,737500,986200,2956500,1119800,2962200,3495800,994700,3501500,1263800,749700,2983200,940700,2970200,3562100,3256100,3138900,3474200,2928600,775500,3649400,3562300,928100,895900,880500,3538100,1173800,3425100,3609900,1013800,1326900,1526200,3636000,755400,728800,1004300,785300,3774500,1228900,1219300,3338500,1279000,896400,949100,3428500,3273700,771300,752300,3647900,3502600,3646900,3199200,1288000,3282400,768800,3763500,1226100,3684100,3774500,897400,1279700,769600,3287900,3429600,3840900,3196600,838300,3735000,3445500,3110600,781800,739400,1133400,3370100,3421900,752400,3457200,3649700,3320200,3273600,1276100,3390900,858800,923900,908700,1348400,3604300,3350400,3112800,3737400,816400,3158100,3222900,1266100,3176600,1072300,3321000,3260400,3440100,790000,3017400,952100,751100,732100,1271000,777500,1008800,731400,1218300,754500,887900,3298900,3024200,3584600,960900,1205500,1390300,3152500,984000,3549900,1655100,1107000,818400,885600,1166900,749900,3218600,747500,3566500,3459300,3448900,3828600,943700,730700,759600,3202600,741900,1024800,3674500,1230000,726400,3579700,3343900,3107700,901800,997700,3241600,3831200,1258300,953800,3566200,3631600,3081400,763900,3027600,3696600,1282800,729200,2809200,893000,3822600,3790000,1054300,1269100,3691300,754300,1344000,1177600,3210700,2976900,1417600,1311900,3412200,3748700,3680500,1289900,3146500,1005000,1099100,1261900,3592000,3532800,1364300,3230800,3612800,3437300,3646900,1231900,812600,1253000,1279700,1316300,3854100,1377700,3627600,3648900,767100,3039800,1000400,1090700,949200,3614500,1130600,3477800,1252200,3731600,3165500,3486400,1072000,3393600,3535500,3555700,3093500,3265700,1042800,1336900,3746400,3470200,770700,739200,1485000,1039700,956400,1228700,1263200,3524600,3138500,917100,782400,3205300,1291400,970900,805200,3738000,733200,2956800,1302400,3669600,813100,952900,3341200,3333700,1331500,3536500,3844900,3504400,1310100,1025700,1278200,2644400,3367600,742400,3533300,739500,883100,1459700,1138100,765900,1457100,3180600,3558500,3647000,1396500,1225200,3145500,3490800,2983800,3453500,3244800,3345400,3834700,732000,3788300,1273000,3420300,815400,976900,3118200,756000,958700,927700,3131700,3592200,3393300,3648400,988900,1009800,3515400,2960800,791000,1272300,3143600,3459800,2868500,3410400,3531500,1083800,3442000,3117900,979600,766900,3658000,3261700,3108100,927500,3068700,3670800,3198300,3608600,1409900,962300,3563400,3063300,3075300,3122700,1048600,1432800,2948800,3841700,1017500,1428500,1066500,915200,3685700,3188500,750800,788600,3555900,759200,844700,1239200,3014000,1416600,1395300,944900,941300,3275600,3185800,3592300,786800,903300,3715700,3528500,1335400,752200,890700,884900,3214300,785800,2679500,3643600,765600,3574800,1015800,748200,1274000,3172400,3262600,745000,3632800,3453700,3333100,740200,2987700,1236600,3168200,986000,3570700,1127300,764300,3273200,1253100,3753800,763300,3403300,774400,902900,3459800,1137800,3244500,1285600,730200,883100,3467900,3016100,861500,969000,1281100,1022300,1156400,3808500,1094300,958800,3676800,3597500,2815600,3140200,3005600,3101900,3668000,1449600,3305600,3537700,1286400,3327100,2972100,932600,1510100,3551600,3511400,905000,1215900,989100,886500,3056200,3528600,773200,3655100,1207600,1242600,2966500,738800,1291100,3337200,737300,886400,843700,3698600,3589200,3313900,1302900,784200,3218800,3266900,3765800,3571700,3259600,3344100,1278300,878500,1319000,3513800,3777200,1250100,1373100,905200,1051900,3223200,970800,2621200,3651500,3135400,3441100,3116000,736600,1185000,910300,3580100,876500,993500,3457900,1171100,3296300,934800,3441500,3236600,3573900,3667600,3003500,3805500,1531700,1357500,764500,3761900,3164300,752400,2990900,904200,1394100,3495500,3816700,3561200,929900,3087000,851800,3521300,2769000,3763800,887700,3119400,3211600,3490000,3083100,735900,981500,2728000,967500,3593900,747100,3220300,906500,3318600,3389200,1380100,768500,1188200,3666500,1421600,1422200,751300,3081200,3668200,745800,3588800,3242900,732200,3332300,3278300,3298900,781300,3258700,1289100,3525500,741200,887600,985900,3405100,2868000,813100,1311900,1403300,1317900,3524200,3675800,741800,3782700,1269900,736100,3782500,3512500,3319700,1098900,3519800,1460800,3460000,1329600,3355800,3412300,3844400,945200,1287300,1439000,3432800,759400,3675000,3211400,3616800,936300,987100,3312500,3704600,1242500,3102000,1402200,1068800,920300,3830100,3711700,1013600,3527400,3286300,1262900,1126800,901100,3187000,3497300,3037500,3389800,1302300,3798600,3160800,3209700,1387100,1363500,833000,812800,3540400,881800,1057500,3390300,3446900,958300,3166100,3297800,758300,1295100,3174100,835500,3556500,1074600,3738200,3623000,3316100,3716500,1143400,772000,1198300,3178600,1196600,1319300,3485400,3249600,3519200,3037500,780900,3081900,986300,753700,732500,891200,769900,1229500,3391400,1136300,1381700,3336500,2849400,1452400,2739200,729300,3292000,1334000,3496500,2991900,790100,3404600,3211900,746700,1292000,3489500,3166900,1248500,3449900,3208200,3119300,1166200,3637200,2999300,3706600,3666300,760100,3322400,3560800,1496000,3599900,3304200,3557200,1152500,3531700,1381400,3386800,749800,3260500,3468700,747500,3673400,3564000,3217900,1225200,3536500,1491800,739800,1345900,789900,3083200,1423400,1256300,3219800,1377800,1245000,981400,1084000,3529000,3430600,1004600,3700900,1006800,3094700,957500,3066700,3457800,1275700,3470600,887900,729400,780800,918000,1029200,1366800,3490300,3417500,3735900,3180400,1010400,3280400,900100,3057000,3143600,3485900,3312700,3684100,3016700,3127400,1502400,3548100,734900,1299400,3703200,1449100,863600,743200,3262600,3771900,947400,3419700,1245800,3546800,3563100,1238100,1002500,3465600,3713700,3511000,1459000,3622700,3596200,3494000,1510400,1166700,3058700,3155700,3534900,3335300,950600,3180200,1245600,3410700,3521200,1351800,818300,3459700,1277000,3719000,3429700,1092600,3451700,1308300,3608200,943500,3378900,2861900,1043400,779700,3702400,1081500,969100,1169100,1023400,2984000,734700,3335300,3204000,3545900,1517000,3483000,3331700,1273500,1002200,3509600,970200,1092400,2661800,3788500,1395300,3376000,1533000,904300,3744600,894500,3657400,1440500,736100,3217000,1296400,1269900,1186800,3065900,3739800,1299400,3078800,3612000,3327100,758700,3541600,932400,1320200,3699400,1257800,3593200,781300,1167100,1170300,3453000,1217300,1029700,1116000,3187600,3567000,3444500,878500,969700,1007300,3132400,1272500,1319100,3728400,965200,937100,812400,3538900,925900,3528000,3215600,3806200,1407500,3769800,1341700,3552900,780900,961700,1277900,1004100,1013300,1288800,3194200,3796500,735100,942600,1364700,759500,1404200,1220200,2978300,818200,3205500,3483000,834200,1395900,3472300,1020100,917200,920900,3483300,3194900,3530000,938900,3452100,3562800,3094000,3261200,1101800,3240800,3665600,3690500,1161300,1244100,3606100,3682100,1279200,1169900,1244300,3027700,1102300,3419200,1134100,1143200,3046000,3291100,750300,1449700,807100,850400,3370200,1272200,784100,3628700,3222400,780000,3237600,1498000,3565400,3747800,3208400,781500,3149900,3167200,3320900,819900,3534000,985500,1311000,868000,985800,3704700,3592500,3242500,1478700,3125600,832900,819700,3557700,3184700,3572200,1110800,2735300,758300,909500,3653800,869000,1385000,731200,3081600,1263900,1345000,3410200,1044500,3480900,3553700,1162700,3077000,3116100,3430900,1119600,958600,3546100,1084400,3629800,1318200,3505600,3385900,728400,3535100,2945200,740700,3510400,3759900,1510200,3642300,3481700,961600,1030700,3396900,3533900,1200500,3178000,3553600,3541200,3822200,3611500,1308500,1257000,1149400,849000,1455300,1256900,797200,3243300,3136100,765600,3789600,1023300,884100,3744600,3284900,3679700,3130300,3476900,1206900,3295800,3146800,754400,941800,1239300,3776100,3657600,3351000,3514200,3333000,1330400,3222500,1018800,3697800,1399000,3313600,3041000,2762800,734000,1287900,1178000,3605300,3164700,1385000,3595700,920100,757000,3293200,1061000,3390800,3643100,3792800,3115500,3364900,962500,3115100,3507600,3298600,1070600,738200,885600,759100,1264300,1176200,3119400,982200,846600,821700,890300,1201000,3315200,1387100,3613200,1357200,1400400,3121400,3571400,2979200,1241600,3499900,849500,3385300,3317700,3126200,796300,1074100,1324900,1171000,801400,3755400,3293200,1173200,915100,1339300,3340600,1008100,957200,2983200,1310500,1110800,899400,1327400,1154400,736300,3285200,3705100,996000,1185800,3374300,1207500,756600,1052500,1117200,1232200,3628400,3719500,800100,3578900,1166100,3699800,785900,3510200,1140400,810000,1252500,3571300,918500,3555000,1037100,1282100,1173500,2195300,3275200,744600,1209600,3509400,1356500,3614100,1324900,1352800,3629200,3208100,1492500,3522600,3614500,3297700,3431000,3610500,3653700,1437400,737500,1025500,3465100,816200,994100,3764300,1490700,2989900,1216900,3448900,731700,3276900,729900,1192500,1199800,1198500,3343400,3373300,3204600,3715100,2876400,3639800,3575600,3277100,3316800,1162800,762700,3761600,748800,854000,1230900,3364400,3272000,1314400,3486900,791700,3729800,3750800,1019700,1160300,1365200,3541900,791000,1109500,1185800,953500,3424900,890800,3841400,1171100,795100,1394400,3265800,1090400,980200,3047900,1078200,3558600,3200800,3538400,3350900,756500,1403100,1009000,984000,1043000,3234000,944600,3117200,783700,875900,3559500,3587200,1246200,995300,1050500,3382600,3514500,1221800,3466000,3264300,1245300,805700,3649500,1066200,1110600,3787900,3322900,3031000,3344700,751200,731500,1312800,949700,3486300,3389600,3708600,3419300,1384000,817100,2950300,802600,960000,3566600,3556400,3535900,1003300,1174300,757500,3350400,1225400,834700,726000,3704300,2851500,3602300,964200,3106100,3511300,1251300,3238300,832200,1135900,3290300,1001100,3532900,3591700,1313000,3649100,1072100,770900,1376700,1311800,3033900,987100,1315600,908100,3423100,964300,1197900,3629400,734000,3457200,1507600,3647900,1418100,748100,1031000,901300,3705900,1341100,3331300,3136100,3096300,1269200,3644100,3453700,3153800,3278000,3473400,3361500,1127100,1363100,787200,1153500,739100,1335600,3343100,3165700,3160600,937100,1388900,1244600,990800,786500,1243900,891900,792200,742700,1012000,3501700,3677500,3596600,3698500,3620900,3826000,3330700,1204600,3540000,2989000,1865000,963400,1012500,960800,1324900,732600,1290300,1190100,3834000,896400,3399100,3321300,1114700,960800,1253200,1209400,1258400,3108500,914700,1490500,743100,1194200,932700,3558300,833400,3778400,3424000,3788400,939500,3654100,1226800,3363200,889200,829700,3197900,1099900,806400,782700,3119700,3513200,1098000,3476700,766600,3255500,3466700,2866900,737000,3051400,3369500,3604500,3475100,3784500,1463900,853000,782000,784200,3399900,3205300,949800,3564500,953000,874500,3467800,981000,3454500,1162100,3337200,836700,1261700,1371200,3238300,3235200,990700,3568300,736400,3452800,989800,772000,1512800,996700,1183500,1299100,3617300,3607800,3140400,1067400,982800,3713800,918900,744200,3538900,939100,3641400,992300,1379600,3797200,3430700,1034200,749500,3731100,3340900,3484200,791600,884400,3805600,1065600,807000,731100,3779700,752100,3339500,1030400,744000,3494600,786600,775900,1549400,3058600,1195400,1395500,728500,3434900,3658800,3739500,3032300,1091000,3402000,3457800,1322500,739600,1249200,3289400,1277000,1018100,3536400,3494100,1388900,3590600,3039400,1146300,1401300,2780600,967300,3143700,2913700,3496600,1033800,1173600,3363500,910500,3375200,860200,998500,957900,3725300,3436800,1178500,3371400,3511000,3659200,1095300,1359400,2793000,758700,3538000,745600,1093300,762000,1038100,726900,771100,747200,3420700,1249400,1197900,1173800,756900,3608200,893800,877500,3196000,3612100,868200,1359400,1296700,3508600,1254500,973900,3414100,3810600,1365200,3641500,3099200,3574100,792200,3554600,1156900,988700,3230400,1311200,1351300,3295800,3404600,3642500,732500,3123400,737900,1231900,1366500,1315800,1420300,2974200,1253900,1249700,3122000,3630100,3799200,3696200,927500,3397100,1157500,2767100,1014100,3356600,3593100,738600,3400000,1256600,965700,1182300,1085000,993700,3367900,3476000,3534500,730300,1193600,748200,915300,884700,958100,3098500,993300,2880200,3143700,2794800,3177200,1366200,959800,2777500,3562500,982200,924400,766800,3398100,3208000,1047600,3005700,1227300,3197300,919300,3363900,753600,1306500,3128600,3168700,3409600,3035200,913300,905800,746100,3534400,3504000,3674600,844000,3559100,1354900,3785900,2749100,3107000,3540200,3557600,3628800,3471300,983700,1154700,921700,991700,1223800,3589600,942700,1049000,2999900,3540000,2866000,3482400,3030600,3741100,753500,3699200,956500,937600,3525500,951600,756800,3035500,3480500,3099000,3542000,1009200,1294800,1519600,961700,997200,3337500,3139800,761600,975300,744300,762700,3443000,1055300,3656400,880800,2800600,3756900,3141300,3651100,3246200,3538000,958500,3372400,3683200,3510500,1354500,755700,3731300,3521700,3094500,875900,787000,3457600,3848100,802600,3685000,734800,1200700,963200,3692600,1564700,3331400,748200,3438900,3598900,3177800,3565800,1087400,3127300,3805700,3412200,1034800,876300,967900,1465200,1283700,3051200,3709100,3496400,994100,761100,3607700,1020800,3658100,3741200,3261500,1346500,3125900,3710200,3396300,2912500,1244900,3690500,3405100,2799500,3287100,1215000,2801100,3446200,3183200,3508700,1402800,1363800,2980700,830400,804200,1356400,3482100,3511600,760400,731200,3686500,1307400,1061900,3665900,3726400,3578700,3300700,3056900,2877000,3586200,3451500,1345700,3555600,3719000,3383000,1319400,744200,3400800,3252600,804100,1446400,1249300,3476600,1487400,928300,863700,1055700,1116300,968400,3815300,735900,771400,1398600,3683000,2736100,1055700,1152800,3718200,3418200,828900,3483700,3166000,3371900,1381100,1344600,1228600,3529800,3566000,1248900,732200,3160000,1234300,1191400,1110500,3701700,1133800,751000,3353800,738300,3546600,3358900,1286300,3442200,3124100,1241200,3673100,734900,1163900,3071900,2985700,877400,2953500,3557200,1131900,3802800,1286500,3372700,765500,745400,3580200,3317400,3616700,969500,3095300,3287800,1423800,3562900,976100,1142200,1268500,3351200,3497200,731500,1270900,733500,1289800,3627700,3507500,1011400,804000,1159100,1082100,3135100,753700,976100,3179800,1266900,1020700,3341500,3135300,3754700,1307800,1464400,734700,1228500,948900,1376300,3250600,3211100,1265500,2698500,3478300,3257600,1251600,954000,894000,3163100,1335400,3318900,761300,2976100,3237900,3112300,760500,947900,3355800,3588100,3834100,3749800,3492100,1093700,3511100,954500,749100,3347100,1404400,919700,980500,3537500,1085500,758300,3145200,3442500,3507000,1156300,1340900,739600,1031500,3518000,3510500,1319200,3145200,3660800,2929800,1377900,2824400,949100,3449100,3606700,1015200,3298100,741600,1076400,3659700,822900,781200,956800,3358600,1204800,3254300,3483100,3514400,1130000,1271000,3553600,3532200,1524700,3105400,3678600,1280200,758800,1211000,3681300,1321000,1180900,3336200,3385300,3561900,1088100,3514800,1333000,3470500,3413700,1478100,3442200,1304000,977300,3767800,3500000,3535100,3630100,3116800,3740100,3279900,740700,3693500,1045900,1044700,3217100,753300,1459600,974700,1003600,1058100,3147700,3421200,771600,1101800,1269400,2591200,3104900,3490500,779600,745100,3568100,3069500,962200,855100,770200,744300,1298800,983400,3816800,1266900,3763100,3190600,748900,1307300,1254600,782800,817100,3766000,3679500,3217800,3170800,1306300,999300,3470300,3487600,1003400,3522100,937700,889200,1306800,3555100,3437100,728300,3371200,3686800,3209500,3399000,1165900,3749800,3113900,1589300,1275900,1363500,3250800,3150700,1095100,1277600,918900,3651000,960400,3411700,1166700,3668800,3227100,3178700,3098200,732600,1462800,3356100,3745400,997800,3121000,1013000,843700,3596000,3287500,751200,3510700,828500,3672600,1159500,2883000,3630300,1009100,1370700,3348500,1480500,790000,3775700,3776400,3536200,1338300,3236900,3403700,3175500,1283700,744900,3841700,831100,3563100,1030900,3316900,3409600,908200,1026200,3743500,2703600,3346700,3371700,3524800,3279000,1196400,3030400,3656700,983600,3498200,3252700,3152200,837500,3568000,1055300,1342500,1047300,967800,921200,761500,1035100,1272300,1038400,3305200,896700,3666700,1088200,1308100,834000,1374300,983200,762000,748200,739800,1318600,1157100,751800,3149000,3509200,3456700,3750500,1158600,971500,761900,1331300,1054400,3712400,2967200,3798000,1007800,795900,766300,1095500,885500,1375400,1042500,1426700,1294600,3171500,2890400,1184900,963500,3301000,3453300,1272500,3805700,3422500,763900,3692400,1011800,739400,989700,1380800,1582800,3153300,2369100,1079200,737100,3392100,3667300,1256000,873000,770300,833500,3566500,3744900,800800,1168000,845200,3694200,973100,1162800,1016100,3154800,742200,1193300,3085000,3712700,862800,3593400,3077600,747000,1211600,912600,996800,3452600,3572600,3692500,3665800,3626900,3662000,979600,1482100,1336200,3584400,953700,3706500,3711500,3012300,1037300,3170500,1221300,3494300,783400,1064400,1158300,3009100,3756000,3624100,3112400,1300500,977000,1138200,1373400,3480800,1037400,734700,1211300,1260900,3245900,2717200,953900,784500,3445700,985600,1345000,3640800,2993600,970500,3773000,988900,3167900,3392700,3125600,3102600,1293800,3600700,737500,913000,888800,984800,755400,3137700,3356500,922400,3490000,768400,3382200,776600,1339400,1044200,3120400,3180400,1247300,1088700,1116100,1303400,3271200,783700,3234700,1172400,1395900,3555800,3557900,798900,1312200,997700,3570900,1341500,954100,3449600,1384200,3464900,925300,978300,836100,3107000,3275200,3756500,731500,3808800,3653100,3531800,3771100,3540200,2873600,1089800,3521300,3702400,3501700,777300,3453600,742200,1160300,755500,1437100,3429800,3406700,3451300,727300,770500,812700,2769300,747300,1380400,743200,3772100,2893200,1049000,1284700,3774000,877400,3314500,3293200,1198500,806500,1027500,3730700,911200,953800,2926100,1306600,755000,3459900,1006400,3688400,3424500,3592600,1255000,3325200,3537800,1491700,3362600,1023500,1382900,766000,3798900,3775700,3405100,3262700,3329200,751700,3332400,1466600,909000,1290200,1482400,2611600,1430300,1341900,1275000,920100,731000,733800,1057800,738700,3424100,3251900,1183400,1247500,3346400,3384800,1365100,869600,1284600,3601900,792400,3020400,3312700,1341000,1285400,901100,3561300,861700,3536500,1310600,913600,1185100,3631400,3174000,952100,978300,3676400,3735800,3243600,1228100,3512500,3579800,1293000,3525600,3158700,3612500,1244700,972800,754500,948100,847300,2897800,955100,3652200,3505200,3380900,1051600,3368800,1178500,807400,3559300,756000,1300000,3692300,1222500,1278100,1460300,3581800,3461400,736500,1172200,1227700,3812900,748900,1464800,3538600,3457000,3583500,2783400,3678300,1357500,3138000,782600,1131700,740900,3181700,3226100,3315300,1279500,1338000,878800,751600,997700,3460400,3454900,3535500,1362000,1255500,3572200,782400,849000,1045500,3474600,3761100,945900,1371700,1139900,3542000,1344600,3119000,3636100,1206300,1341800,3478100,843000,865400,3136500,769100,3644700,3324200,3122600,1024900,3077600,3584000,3767800,968700,3320700,3169000,1229700,3314200,3056500,2948900,3393700,1355100,1142300,3434200,3414300,740000,3831000,3467600,1285000,3722000,759500,3193500,1118200,3089100,733300,3552000,1060600,2699400,3200300,1382500,1009600,3644200,1298600,938200,758900,3856200,1036200,761500,1479000,988100,3558400,852000,3094700,1320300,3516100,3130600,1304900,824200,764900,3626000,1299000,867700,3531900,1332400,3530800,1227700,1405100,3566400,1474700,3535700,1261200,3437000,3240200,1318500,3676800,1541300,3294800,755500,3557400,3504800,3361200,1079800,1272200,1224000,3598900,3587000,3676400,900500,3378900,960000,1233000,3115100,3236000,1038200,787900,3852000,738500,958400,3732300,1328600,3461200,3315000,789600,3653900,1349100,933900,1169900,738200,3599700,3802700,3337100,1324900,736600,1282700,738000,2797700,1276200,844800,1417200,958300,3604500,1180000,3490300,3022900,3496900,3696300,1121700,869700,3556200,3020600,1018800,1299400,2993400,832400,1022500,893700,756900,729000,873500,2972700,3556300,3360200,3539400,1322000,3486400,945700,3138100,728400,1228500,998300,2762700,736000,1080800,3052100,3825600,3666400,3553700,773300,3471000,3260900,1341700,814700,2825000,2815000,751700,3433500,804700,2971100,1172500,3764800,3803300,970100,3561900,3293300,3361100,992800,1051000,1222000,3234900,824900,1274400,991600,920100,3712800,3296400,3453000,1480900,1301800,3304800,3744200,3614700,1342100,1175200,1358400,2917000,956900,865300,862300,2855200,1306200,1441100,1242600,1280100,3205200,1203100,3380100,3312900,926600,1289900,736700,2929700,3291000,1286900,3269700,3446600,2754000,1095800,1456100,3832800,3077700,3201100,2973900,3789100,889100,3496500,760100,1217500,870900,3369700,1160800,781200,3509800,1146000,1439700,3019200,908800,863100,3572100,3780800,1363000,3363100,945700,2911400,1366700,986500,747600,1088700,3742000,880300,3362300,3506600,3805700,3769600,972500,3759600,1176800,3374000,746000,961800,1042800,732500,856300,2742900,1077300,3707600,1060200,3440400,3703300,3134200,729200,3549000,3651800,990800,3720000,3498800,3356500,1065800,1215300,735200,883000,929100,2946100,3811900,3783500,3170500,749400,825800,745600,763300,3475800,3725100,3077400,3166300,3476400,958500,1156800,3654600,1227400,3460500,734200,3379300,891700,1310000,3258800,976500,3755000,3278300,3329800,3404600,3560200,944700,3573200,778900,1353400,1030600,1286100,1374800,3478500,2807200,3625100,918200,1162300,890200,3640800,1040600,3811000,740500,3138900,3613300,3449300,3309800,1099900,3832100,1256100,966000,3333200,3233000,3387600,736300,2958400,1081200,3502700,3321200,3156800,1269200,1435700,1487600,753900,750400,1139500,3707100,977900,748900,1494000,3704900,3272500,3267500,769100,1218400,961600,769600,1207400,1058000,1216800,1001300,3652500,744100,731300,3292900,1175100,1332100,1212100,3522100,3736900,3626800,3733100,1262000,3297200,991300,3232000,1422600,1125500,927600,3582600,3111100,736000,3569100,3256500,3659500,881900,967100,1038500,984000,3337100,1122800,859700,3012800,3548700,759900,2935300,3420700,3347300,1012800,3512500,1298700,3481500,1207500,1238200,1388700,3385000,3824300,749700,3775700,3729500,1001800,3446700,3238500,3430800,1241700,1032800,3391000,1362200,3644900,973000,2840100,1273000,3121600,3105300,1387100,770900,1271800,3554700,1366600,2977800,2833600,808400,1245000,3722000,3682900,3251900,729500,939900,1289900,1147300,1025300,1175300,1202600,1278200,3435300,3643800,1249700,925800,1334200,3430500,3438900,2876100,1269500,1266400,1386600,745000,929000,3354100,3053300,3776100,1115600,3493800,3484300,3701900,3448200,900200,1499700,3781000,1069200,3746100,3393700,1025500,1272800,825900,1400200,830400,1181300,3268500,773400,974500,1381700,3687000,812400,797200,3397000,1206600,919500,3622800,776900,1251900,3814300,3110000,1148600,887800,730500,2938800,3730800,3593000,774900,1017900,3478200,3469100,733100,3464800,3748700,3660600,3618000,3590700,3564500,3588500,3482000,3773200,3300500,740400,824100,822000,2943200,3304300,758800,1318500,748500,1002900,1326200,3425500,828600,3266400,787800,3567700,1085200,1478500,1367500,1043800,860800,3791000,3511600,3529200,741300,795800,3671400,1120400,3448700,1263100,3436600,3582000,3455200,765900,911800,3487700,727300,1231100,1052600,3234300,930200,1037300,751300,973600,3640800,1351800,3085700,1001000,1191900,3514500,3557900,795400,3118000,735900,3472200,3462300,1041600,3054200,3720900,1228700,1359000,1297900,886800,3536800,737400,3541100,955200,3245000,3030000,1474200,3536700,3367600,778900,1312000,1430300,3630600,3790300,744900,1347000,3450800,3485000,3454600,913400,1188800,1315300,1237200,980600,3125900,1458400,2630800,3157600,3311300,3393900,905300,1259500,803300,1041600,1124500,3634100,1236500,826400,848500,1264200,1334900,3693800,3343800,3206500,1075100,3541400,3518100,3559500,1198500,3732600,3013700,973000,2859200,3782600,3704500,1197300,1169100,3811300,986200,3821900,1259900,1288500,3435400,1328300,1054800,872200,3553900,3207000,2962000,3448600,3630300,874100,3272200,729200,957200,913900,3024700,1106200,1251600,802400,1247600,1192200,1283300,732300,1070600,935900,3545100,3167800,3645600,762700,951900,887300,2722700,3643500,1398200,764900,1232500,901600,3356000,1541000,1193700,944900,3334400,950700,2932000,766300,3424700,3803700,3641100,1350200,1336800,3032900,3768200,859100,825300,1190400,3718100,752700,3784500,3309800,2993700,3406400,1232500,1358900,893600,3476900,3699100,1241400,930100,3585000,744500,3384500,3670600,3372100,1375000,2845700,3250400,1295200,1292900,751800,3817400,759600,811900,3450600,1239500,1054900,1268000,813600,3532100,1239300,3429200,1249600,1229800,1132200,1320200,3128700,1375600,3355600,2825100,1276500,777800,3518800,3274800,1470000,3457700,1524000,762300,1479800,3539500,3166600,1017300,3167900,3156600,3674400,745900,1365400,2802900,976700,3555500,747000,3480300,1074400,744800,3197500,1163500,3232300,1049100,3401800,1333300,1109800,3479900,734200,3527800,3160400,3070500,2880300,1175800,3558400,3437000,841700,1274700,1328600,1187500,3491600,3490600,3559500,1102300,3633000,741000,3668000,823300,3236500,1099800,1287900,741500,1087500,2989200,3235800,1270600,737200,3690100,741300,3582100,3790800,1380100,3527900,3814700,991200,3014900,3171300,894600,1291900,3471500,3543000,3488200,3591800,987100,792600,3393500,735900,3605200,3057700,1073500,730300,1051400,3513000,3467700,3148700,787100,3618300,1488500,1167200,3473000,3405600,3541600,3199200,3546500,3609500,2881900,1192200,907100,949600,3620300,1087000,3532900,3097400,2753000,795900,737400,1287400,3233000,879500,1143800,1029400,3112700,1450100,3605200,1507600,3344100,3249100,3352200,1205400,3196200,734800,968900,3211800,1220400,3250700,1006700,3253900,2899300,3181400,3010500,1478800,3498300,3630800,3159700,962000,1019400,1354800,1329900,899300,773100,1239500,1143700,1229400,3528700,3578600,880300,1181300,3514000,3483700,879000,1314200,3243100,1242600,3398300,2670600,3228200,3706000,1210000,757100,972600,1567600,3250600,1311000,1119500,3732900,3606300,3427700,732300,772700,3522400,1005100,3827900,3641400,1302600,876300,757000,979800,3763000,1113600,1278200,3572400,1560100,3489600,3604400,1350000,1364800,3545800,3377300,946600,3591900,1210300,3189500,3641600,3283500,3471800,3031000,3500300,1305400,994100,3435400,1290600,1401000,950100,1214800,1344000,3380900,3727400,778100,3583300,3592200,3373800,744600,3766200,1276000,992200,1440800,3134400,3515000,3274100,3575100,3223800,1232600,1088400,3402400,2976300,1393500,3752500,1196300,3432100,3304100,1100700,3238300,3633700,1304100,3778000,3700200,1463300,1206200,3827400,1310000,3542200,3062900,3452200,1374200,916900,2667500,878500,1235500,3788100,1174900,1295800,3708500,2948500,2853300,1191200,3563800,3409300,1264900,3280000,3300100,3538000,969700,3697800,3072200,3776700,3666700,1273400,1338900,3499900,912000,3746500,759300,754800,762000,749600,3758800,3640600,3492500,3671600,755100
1e-05,0.005900000000000016,2479600,2370900,5933400,4485200,2638800,5142500,2404700,2982900,5606700,3587900,2351000,3068500,2727900,2547100,5114700,3295600,3978000,4643700,3845200,2825900,2641500,2655300,2471000,2744700,4112200,2776200,2772300,2451300,2619300,5299600,4349900,5221300,3191500,2857000,2768000,2732000,3658900,2500700,3906300,2793000,3185400,3018700,4750500,2646000,2728800,2706100,2722100,2560600,2816800,2951700,2714700,3009100,3027100,3001100,3900900,4296300,2328200,3515300,5444300,2633600,2427300,4193100,2672400,4087000,2649500,3704400,2696100,3058000,3989800,2489600,3054300,4805200,3027000,2741900,2556500,3044700,3886900,5309600,4128500,2639800,2774600,3802500,4637300,4331300,2573000,3640000,2783900,2293100,2480900,2683200,3069000,2344800,5642700,2503600,2839200,5594100,2756900,2606100,3863300,2583200,2587100,4261000,5189200,3286400,2557400,5380700,2807000,5769700,4123000,2550100,2259900,2562800,3777300,3524900,4195600,2447000,2588000,3518800,2492600,3645500,2770300,2823000,2900300,2808400,5629100,4713600,2415400,3289100,3454300,1920800,2989400,2563300,5259400,4676500,5871000,2898700,2154100,1992400,7089800,5243700,3565400,4898500,2381900,4148000,2792800,4518100,2779500,4865000,3567300,4118700,4678800,3344200,2569600,6314700,5752800,3305700,4280000,2751100,2720900,4005700,4501900,2510800,2462600,2862200,4565800,3519800,2760100,2594800,2753400,5705800,2549800,3936000,2513800,3271600,2393300,2547500,2599100,4304400,2622800,2681500,4880800,4176500,2605500,3941800,3718300,6018100,5286900,2567900,3493500,2433200,2541200,4644500,2589000,4846100,2453700,2535500,2693900,4836900,2954500,5571200,3843800,2562500,5139800,2996300,2276900,3582800,3391300,3812100,4876300,5017100,2729500,2873100,2771400,3931100,2657600,2690300,5931000,3115700,2404900,2858000,3089600,5705500,2422300,3135900,5216700,2556500,5420300,2556900,3490700,2223900,2612500,3907600,4000100,6592000,2292100,2671800,3024800,3913500,2735100,3653900,2657700,5395500,3648200,4023300,2509200,6394900,2810400,3224000,2875500,2200300,3811500,2786000,4224000,2485700,1978300,2768400,5195500,3078500,3582600,3350100,3733800,5307000,2321800,5319300,3864700,5259300,3831700,4669900,2440500,4999900,5238200,3024800,4763100,2646300,2802700,2292800,4365800,5915200,2662200,2659100,6016200,5337700,2922400,3124300,5122600,2902900,5312200,2086400,2695900,3241100,5676300,2937200,3208900,2688800,3872400,5459700,2950300,3058300,4197000,2945700,4651000,3608100,2434000,5425700,2576700,5355600,2812700,2496400,5545000,2397700,4964300,4279600,2606200,2419500,4133200,2728800,4294200,4672000,2296200,4654200,3735100,5137300,2978200,2907700,2777000,3898500,2793500,2620700,3939100,8961100,3066500,4569000,2819300,2893600,2924000,4746600,5623800,2689200,2977100,2289400,2721200,2763500,2296600,5722800,2705000,4807100,2773300,5634300,4225200,2495200,4602100,4849900,3824400,3748400,2516300,3551000,4082200,2798900,2871400,2259900,3255300,3205300,4865400,2290300,2486300,4498500,4307900,2975700,5875400,2499600,2308400,5767100,2730600,2430100,3857500,3529900,2731400,2810800,4009700,2510500,2805500,5315400,2600600,4145900,2933100,3964400,2492600,3030600,5107800,4069400,5662800,4615300,2597600,2714600,3060100,2815900,3967500,2774600,2555700,2823200,3937900,2269300,3927300,3483800,2011000,2480700,4584200,2599000,3284500,3704900,6255000,2587400,5158000,3623500,2476500,2506300,2702500,2805800,2506800,2755700,2575300,4337500,2671300,5602600,3501100,2344900,2816200,2891000,2446200,5254300,4400800,2575200,5769000,2675600,2532700,3380100,2925300,3089900,3791900,2878900,5134400,2610300,2757800,5545800,2741400,2328700,5018300,2545800,2663100,3820400,2891000,3809100,2419600,2874800,3880700,2481100,5629900,2743200,5070800,5340700,5319100,2505600,2668800,2627500,5551300,5795700,4785800,2560800,2889300,2737200,2661700,2457200,2565800,5057700,4487100,4037000,2515600,2474000,2307400,3381700,3666300,2364800,4995800,3056400,2986800,2671800,4175300,4300200,2753600,2644100,2451400,2364500,3041800,2293800,2673600,5667600,3514500,2768000,5088400,4836500,2344600,2799100,5426300,2658200,5288500,4882600,5656100,3230200,2667100,4869800,3111200,4297200,2706600,4965000,2679900,3056100,5377200,4030700,2740900,5258200,2492400,5904600,2568200,2646000,4288000,2674900,2470000,4266100,4825900,2435600,5310500,3072700,2469800,2536200,2534400,2744700,2826900,3749700,5042600,6569700,5009600,2171400,2699600,2563900,2928600,4004700,2351700,2681300,2791100,2526800,4636600,2791200,3809200,2529500,4851100,2771600,5659800,2734400,2425300,4045400,2886400,4622100,2396200,2975200,4532900,2561300,2582700,4343300,5654000,2788200,2749200,5297800,2295500,2648200,2420900,2296900,3024200,2547700,3706700,2599400,2481600,2353300,5003800,2449900,3007700,3589800,2661500,2984600,2814900,3656700,4816800,2226000,2482700,3212900,4737900,2948900,3917300,5999100,5139900,2833800,2685600,5455700,2550800,3897700,5244000,2665600,3227800,5856900,2953000,2638400,2404100,2804300,2652900,2715600,4957400,3258600,2700700,4946500,3177100,2474300,3976500,2829500,2674800,2894000,5197900,3110000,5682100,2612600,2427800,5320500,3611100,4557500,4223700,2755600,5121300,4183400,2978200,5754400,5532600,5496300,2847500,2874000,2445900,4925800,4889900,5334300,2539900,2724600,4807400,2816600,5768300,3875000,3873200,2452100,5228600,5507200,5099600,4549000,6172400,2528200,5092300,2517600,3683200,2534300,4990200,3541400,4407300,3695100,4425100,5145900,2339400,2550900,2809000,5248300,4109100,5270900,3829700,4856400,4395400,4707800,4821600,3897900,5335200,4173900,2898600,6398200,2249500,2286300,3480100,2691400,5947500,2538000,5389700,2388700,4304000,6299700,5884000,2440600,2882800,2696800,4107100,5673400,2606200,6355700,3935900,2941400,4742300,2727700,2443600,2409500,3786300,2625300,2746500,4421600,2169100,2494100,2881900,2382000,3002100,4440500,3762100,5613600,2600000,2281000,2648000,2428900,4096600,2831700,2361000,4174600,3779200,2498600,5346500,5746600,3468500,4408800,6161800,2980300,1960500,2281700,2423300,2590600,3217900,3802100,2857000,5866200,4674200,2810200,2612400,2297800,2247500,2712500,4120200,2566900,2613800,5650000,3730800,2697200,5960900,2906600,2741500,4344400,2742100,6380100,2508800,5102600,3142300,4878000,3595000,2804200,2369200,5272500,3984500,2688000,4852400,4792900,5004900,2583600,2425000,4428000,4747800,2866800,4031400,5163300,2590900,5672700,4245300,4698200,3808300,5326900,2526400,2600200,6358700,2506500,2497500,4400500,2305800,3648400,2561200,2605300,5485000,3629500,2908900,2980100,2506500,2441800,2499800,2933500,5179800,5021700,2965300,5001000,2969900,3262200,5999500,2721900,5098700,2667900,6476900,4866300,2833400,2516200,2750400,2739800,2439900,4456800,4299400,4028700,4087900,2165600,2497100,4772900,3768300,5662600,2381000,3528700,2877000,2552800,2385400,2369800,4144900,5252500,2628900,3471700,2557000,4146400,2571200,2932600,4016500,2808900,4968900,5341400,2998800,5311700,3257400,6047600,2501400,2985400,3717400,5895400,2606600,2605400,2620500,5414900,4120300,2565000,2586500,3847800,2539700,3855100,5584800,2888200,2697700,2868000,5172300,4954300,2530900,4945500,2442800,2898800,2780600,2477400,2398100,2972400,2507400,4266900,2838300,5419600,5020800,5512400,2491500,2427500,2271600,3817600,3850100,2542700,5487300,4934300,3492200,3395700,2754800,2746600,5475400,5244300,2383300,2587300,5210300,3088500,4056700,2378100,2463600,2568400,2684400,5403600,2685000,5500600,2394600,3184300,4961400,2747300,5018600,2721000,5204300,2373100,3728700,5641800,3999000,3901800,2503900,2703100,3621700,2869600,3017100,3771200,3209600,2286200,4296200,4862100,5368500,4955800,3960900,2623700,3468400,3872100,2572000,3016100,2577300,5144200,5268300,3762300,2915000,5819400,5625000,2553400,4269500,3612700,5682600,2632000,4120500,5025200,4835100,3981600,2394800,2450200,3904300,2949400,2433100,5241000,5542600,2705200,3075700,2836700,2371100,2776200,2572300,2504100,4866800,5861100,2893100,2461500,3875200,2507500,2843100,2333800,4546100,4635200,3800500,4458900,2765700,3921500,2466500,2927300,3554600,5358800,4080400,5206700,4144100,2861800,2889500,2691300,3125000,3194800,3894800,2555200,6089200,2375500,5281000,4082900,2731200,2508900,4951600,5510900,2543600,4810200,3668600,2712900,2390300,5431300,5283200,5720900,2730800,2673500,2465600,2782200,3858800,4852500,4340500,4423200,5885000,4941800,2759000,2906700,3570100,4796200,3426700,4047700,3088500,3203600,2554500,3567200,2713500,2422100,5508000,2251900,4035600,3370300,2554400,2532100,2256300,5465700,3047100,4899300,2580900,2573400,4112200,4822400,3273300,4422700,3037200,2315600,3151000,2217700,5421300,2437000,3806400,2670900,2893900,5177200,3678400,2885300,3992400,2920100,3640700,4076900,2808300,4800600,3449200,2360700,5262600,2888800,2682300,2231300,6039500,5409700,2847300,3892700,4378500,2550400,2827700,2605500,4236800,3889400,2514800,3496100,2376200,3958000,2545400,2354000,3060300,2978500,2533300,2304500,2830100,2968800,2005600,5387500,3334600,2774700,5297900,5667600,6060500,2742700,2914300,5618900,3694400,5148900,2610700,3062300,3878000,3870400,5229500,5600500,2570700,5470300,2593000,3773400,2807500,2617000,4830300,3963700,4340800,5002100,5440500,5232000,2317100,4223200,2481200,3724400,3525500,4285800,4421500,2649100,2778400,4606200,2217900,2128200,2264700,4410200,4496400,1865900,2390400,4869400,2246400,5345300,2813700,2340400,2644300,2909300,4912000,5627900,3903900,4768400,3114600,4035200,3933700,5756900,3941200,5408200,3067000,3813000,4807500,6133800,2502200,3924100,3215100,6199000,2304300,4234600,4709300,2848800,3935500,3347200,2943300,5098800,5151000,4268600,2832500,2515700,3815100,5947800,5738400,3183900,2814100,5468400,3988800,4169800,2542800,2573600,2579600,2547000,3570000,4758000,2776100,4950700,3036000,2619200,2576300,2602600,2531300,2660600,3823900,5783300,3923300,3753300,2624900,2519800,3494900,5458600,3027800,2752300,3763100,5496000,3163100,4312600,4274000,5861600,2312200,3924500,5451300,2306300,4002000,2928600,2705800,3242500,3988100,2511000,4051100,5270900,2570900,5056900,3828200,2288700,5584100,4262800,3879500,3152200,2360500,3137400,2828400,2576800,3387200,4364000,2823600,2297400,6083500,4020900,5622500,2291800,2610300,2608700,2824100,2581100,2918300,2957800,2943800,3039200,5110100,2764200,2699500,4740600,2468700,7094200,6154000,3207700,4271300,2484300,5661200,2908500,4095400,5929500,5084100,2620500,3492600,4133500,2975400,2996600,4122000,5647700,2701800,2612700,3038600,2509900,2225100,2459300,3900700,3859300,5820100,4573000,2861000,2428300,5609200,2368400,5488900,2272100,6508700,3725000,2268100,2241000,3015900,5048800,5253700,4811400,4151800,2354600,4787200,2277000,2183600,2587000,3330300,2389400,2810200,4504700,6209300,2962100,3020600,2597400,4372300,4645700,2955500,2903300,2782500,5648800,2327500,4978500,2826500,2881900,4871200,2627700,4886100,2830400,2566600,2573100,3618400,3730000,2540700,4413400,5220100,5374900,2488300,5472800,3798400,5340500,4569200,2810900,2599800,2441300,2618400,6221800,2562300,2380700,2351700,2919100,4963300,4208000,2888100,3102500,3776100,4276800,2601400,5099500,3606800,4939400,3408400,2502400,2986200,2730100,2720300,5138800,3037900,4884400,2730900,5482900,4840400,3975100,2700900,5638100,2660200,4300200,5850600,4064300,6009500,2865800,2657700,5724300,2496600,2693900,5396700,5207000,2519500,6708300,3097000,2382000,4842600,5356700,3900800,2542400,3756300,2930700,3388400,4517100,2555400,2353000,5893600,5835100,2417500,5388500,2376800,3625600,2791000,2700700,2910500,3150200,2386300,2816700,2173800,3062100,2712700,5104200,3966300,2371600,5669700,4793700,3240800,3045900,2585900,2640200,2843100,4812000,2948400,3930600,6208600,2472300,2669100,3999500,2992300,5646500,2655300,2204900,2251100,2630100,5687600,2688000,2884900,2704400,4837800,2678800,4419500,5023700,2704900,2584300,3461700,2571800,4182800,4809900,2573600,5937900,3074900,5353700,4954600,2639000,4987500,3579900,2598400,5032500,2509900,4492400,3121500,2759700,3856100,4020600,2574300,5106000,2402300,2585300,2466400,2462400,3972600,2660200,3147400,2799200,5512700,3566100,5811400,2705100,4797000,2717200,4382300,2796400,2943900,4106900,3760900,2072100,3475800,5180000,2522700,4730400,6003900,3527900,2297800,5097900,2764400,4210500,4645700,2272900,2463200,2418300,2793300,4396500,3633000,2994300,5356300,2863200,5167300,2997700,5268200,5592300,2487200,4677600,5310100,2405200,2835200,3817800,2972500,3865500,2348600,2342200,2952500,2677100,2286400,5452400,3062900,2803600,2746600,3100400,2266000,2551500,6234700,2641900,3756200,5351400,2649800,3553300,5494400,2614100,2924700,2446700,2518300,4940300,2758100,2479600,2645500,3826300,5790200,3923800,2930500,2764400,4193900,2560700,5286100,4581100,4858300,4956500,2439900,2653700,2594000,5035000,4042200,2678200,2546800,2370100,2895800,3915100,3573400,2780000,2817300,2628800,2949200,2892500,3025100,4307800,5509300,2321400,4508600,5131600,4773900,4414300,2549700,2816800,4144400,4353900,5840400,2396200,2702900,2493800,3653600,2593800,3825000,5183800,5858200,5746600,2313000,5610300,2518500,2740500,5960600,5176900,2743100,1972600,5004900,5860600,2472000,2510400,5633700,3459600,2750000,2615900,3182000,4303800,2654100,2368300,2837100,3708300,2699000,2589100,2506100,4198000,3904800,5943400,3582400,5106100,3005800,5045600,3752200,2821600,3666300,2749600,2425500,4266800,4284500,2463000,2815300,3027100,4808100,2577000,5371800,3868400,5122700,2784100,2570000,2454800,4779300,5258500,4214600,2944100,2747000,3244800,5940300,2681100,2502800,5505800,5447400,5011800,5379400,2586200,2886300,2546300,2676400,5389000,5241000,3294600,2553900,2858700,5335200,2564900,2473300,5584000,5978600,2747600,2893400,2535200,3021700,3001100,3016100,3896500,3011300,2750100,5536800,2515200,3211800,5888400,4375300,2221600,2666100,5166800,2473200,4832400,2450200,2280000,4025100,2602800,2430900,2911300,4800900,3219800,5568600,2816600,2647200,2380900,3038400,3135100,2573800,3728000,3602000,5051400,5888200,2440200,2379000,3211300,5369000,3224500,5979000,3911500,3752900,3055100,5310400,2695100,4865500,4465200,4054200,3042700,4183100,3930500,2416800,2599300,2363600,2920300,4022100,2876300,2495400,2284000,5335600,2847300,2801100,2531100,3091300,4435400,3896500,6405200,3724400,2234700,2370600,5770900,3758300,2981800,2481800,2559200,3055900,2425800,2521500,4635600,2795600,2365800,2848300,2279300,3427100,2731700,5259300,3274800,5661900,2627500,2677400,2517500,2552900,2690500,3866700,2101400,2847400,3024400,2699100,2418800,3997300,3802300,4689000,5504800,3966600,4300300,3722000,2641600,2436200,3504100,2337900,5720900,4892600,2686000,2885500,2615200,4970100,2606900,4331800,5371600,2730200,5691100,2939900,5973500,5600200,4986100,4909700,2888100,3730000,2643500,4678800,4950800,5967900,3968200,2994300,3222400,3926800,4172800,6045600,4643200,2699000,5131400,3162000,2577100,2762700,2716600,2856100,4251600,2612500,3847900,2404300,4921700,3760100,4961000,5504800,5453100,2423400,5131400,5354900,3896100,5453400,2809300,2654300,5857600,2818000,4879000,4602400,2526700,3174100,4363700,2323800,2916700,3699000,3087900,2777600,2850200,2617900,5731500,2842400,4913200,2911300,2520900,2969700,2473300,3057000,2435600,2537300,2354500,5527200,2699900,2567800,2864800,5481400,2525300,4319000,2581500,2712500,5546600,2798900,5187500,2428300,2638200,3292500,5674800,4320600,6008300,2828700,3584900,5255000,4386500,5538800,3042600,3035200,5697900,4451100,4121800,4363100,3969300,3138000,2852600,2321400,2796800,2957700,2816000,2953900,4831500,3967700,2783400,2434000,5272200,3552000,4136300,2720100,2711900,4038700,2112600,3757700,2398200,2527500,2840400,3696300,2594200,4293600,2939300,2744100,2904200,4142900,5881800,5570200,2262200,5236500,4603400,2541800,4564300,2718300,4278700,2868800,3909000,2525400,5112200,4622900,2375800,4260900,4073800,7222000,2819100,6095700,4012300,5258300,2732200,3964400,5373800,5228600,5359500,3852700,4372200,2549100,2457800,2848200,5920000,2779800,2324100,2480900,5334300,2405700,2280000,2530100,2219900,2761600,4589500,3680000,3603700,2613700,2508400,5460800,4238400,4113100,2216200,2876600,5590100,2820300,2536200,2690200,4723300,2981800,2437500,2280500,3839500,4896200,5292900,4516100,2616000,6813400,5186100,2854800,2407800,2365300,2791200,2212900,2370000,3980200,3304900,3228000,2551900,2246300,2612700,2257900,5304000,5586600,2653100,3268900,2798900,3468300,2651200,5936700,2427700,2278600,2808200,3979800,4276000,2335200,2518000,3397500,4595100,5133500,5454900,2565000,2326000,2993100,2913800,3844300,3717500,3924300,2384400,6091700,4039700,2283000,2979000,2813900,2885300,2483300,6287500,4162700,2435500,2883300,4145600,3906000,4807300,4199400,4832200,2583600,2714000,2889300,2195300,3115200,2461500,5913500,2920400,2465500,5685600,3121000,3051600,2798300,3870800,2513800,3264400,3579800,5183900,5539800,2663000,5170900,5490200,3666500,2793000,2389900,4539800,2335800,5372800,5020500,5648900,3943300,4955400,6467100,2054500,5566700,4328100,2576600,2865100,5543500,3692700,4987900,5455300,2754600,2823700,2599600,3443700,2565900,3121000,2301400,4851700,5135700,3931600,2598500,5198100,2353700,2646600,2694300,2467800,2866900,4217100,2825700,5255500,3025000,5221600,2293000,2741000,4007300,3240900,2777700,3768200,2859300,2583400,3142800,2796900,2795600,4184300,2902800,2495600,2956200,5856600,5725800,2564500,2987600,2819400,2869200,2539900,5314700,2756900,4831500,2726200,2550100,3304300,2433200,2534500,4849200,2802600,5293800,3183200,5434000,2358100,2647300,5382800,2742900,2202000,2432200,5499200,2739000,2635000,2651900,3090900,2987400,2327900,2626500,3114800,2366100,2563600,4252100,2573800,3849800,4146100,5154300,2523100,6546600,2671700,3990200,2779300,9307800,2574100,4491400,5692200,3111200,4408300,3708200,6289700,4884800,3074200,2446900,3007000,3524100,4796500,5133200,2390400,5269400,2664300,5443000,5468700,2833900,5930900,2930500,5796300,2677600,2746800,2606900,5046000,3894800,3594600,5440500,4949800,3099800,2751000,3701800,5313400,2249700,4967900,2781500,5191500,2517800,4385000,2882300,2580200,5724500,2567500,2798100,4745600,2476200,3057300,2457800,5221500,5148100,4168900,2288700,2887100,2911100,2393100,2631800,3725300,3207500,3934200,2326700,2880800,3981200,5328000,3735900,5118900,2498500,2884200,4873700,2607700,2472300,2564400,5777000,5018900,2551000,2699400,2612700,6411200,5066300,2253500,3410900,2261100,2530700,2393900,3962100,3846100,5514600,5069700,2955100,3049900,2614200,5138700,2771100,2334800,3748800,2398000,2525400,4170200,5066700,2269600,2564800,3985800,5482100,3891200,4354200,5313900,4910500,2467100,3355000,5654500,2626300,4879300,2649400,2422200,2747000,5057600,2533700,2650800,2597500,5293500,4839200,2771800,3962200,2547000,5960800,2538300,3433500,2260100,2650300,5079000,3944300,5341900,5725300,5252800,3065500,2430600,2596200,2651100,2518600,2445600,2573500,2385700,4208800,2816800,5603500,4614000,3911700,2493800,3748700,2452600,2787100,4780800,2674500,2416700,2533200,2680200,2684700,2756500,3958200,2370200,5131100,2569900,2484200,2669500,3523200,2709800,3102900,2882700,4226800,2657800,2874200,5834800,5633900,3709600,4610500,2394300,2267500,5401500,2937200,3901300,3433600,2924800,2460800,2364600,4736600,2844000,2439500,2705400,3721300,3618400,2661400,2806800,3151800,3755800,5935900,2193700,4820400,4899700,2421400,2355000,2745100,2869000,5271200,3289700,2456400,5342100,3832400,2786300,2610200,5077900,3796300,2786700,5355400,3611000,2570600,4958900,3474700,5571700,2482200,4380700,3014200,2400200,2808100,2210300,5214800,2699800,3602000,2376700,2833000,2310200,5265000,5409800,4787300,2252800,2565400,2570400,4184200,4104900,5060600,2229200,4527500,5011500,5391900,2785200,3867500,3882900,2393500,2975400,2947500,4014900,2328200,5278800,2438700,3174100,2643400,5409800,2720300,3412500,3385300,2980200,2811900,4871700,2616000,3127400,5390100,5913200,4100900,5395000,3814400,2523200,2457800,5241800,2211000,4017300,2650800,3431200,4419900,3487800,2359800,2759000,3674200,2690000,2850400,5061800,2839000,5119100,2645500,2631600,2389300,5092300,3588300,2922200,3910900,4893000,2585400,3948700,2786400,2924200,3643600,2548400,2575400,2932400,3688900,5593800,2848700,4682500,2517500,2749100,4173400,5053900,4969000,2665500,3836400,5004500,4499600,2515700,2298600,5867400,3079000,2710300,5409400,5271100,2581300,5678800,2726600,2786200,2232900,5706500,2764900,4026100,3091100,4144500,4106000,2893000,2986400,2753200,5420200,2846300,2740800,2530300,2949500,2743100,2585700,3826800,3844700,3146100,2236900,2540800,2872900,2504500,3697500,2505900,2602200,2520900,5737600,2715700,2955600,4895300,4306900,5372300,2572800,2499600,2256200,2920500,5038800,2456100,3066300,2393900,4584100,2353700,2853500,6705500,3262000,3910200,2589800,2201500,2597900,5276400,5795200,4836300,2613100,5995400,6082600,3174000,3416500,2335000,2267100,5009900,2809600,4946300,3547800,2639000,3758300,2500400,4173000,3963000,4945200,5653200,4857000,5565700,2295100,5341400,2789000,2257500,4549100,4842300,2671800,4200900,3129400,5596400,2303600,2912300,3993600,2783600,3735800,3437900,4971500,2785800,2739700,4615900,2372700,2567000,4249200,4113300,2779000,2249100,2653600,3513800,2753300,2584300,4220300,3161900,2494100,5072100,2428600,2472800,3605900,2608300,2524200,4910600,2520900,3063300,5309100,2735700,2827500,4198800,6987600,2413500,2500100,2646300,3457600,5480000,4002200,3113100,2434900,2589400,3921200,5535600,2969200,3908400,2395300,1998800,6319900,3917100,3777300,3021600,3128100,2262200,4718500,3676100,4010400,5275200,3334900,2603300,2500200,2702800,5322800,3734100,2895500,4070400,3041800,5859700,2430500,4254800,4500900,3431600,2790600,5847400,2804900,5370300,4921000,4846600,3944500,2769000,5381500,4890400,3302200,2463900,2433300,3191700,2543600,2539400,3303600,2214000,2658800,2594600,2458900,2863800,2797200,2534900,2748800,5200000,6162600,2169500,2565700,3904100,2721000,3798400,2686500,5177000,2636600,4079400,3040000,4960600,3862000,2895500,4870600,2456800,3256800,2822700,4786400,2531500,5365600,2316200,2887500,2666500,2840900,4583700,2804000,2983300,3393200,2566100,3094100,4953900,3084700,2235800,2644800,2402900,2533900,2235300,3575300,2553500,2492300,5929000,3779400,3077600,5370700,3011000,5474300,5389000,2632900,4309100,2205800,4649000,2457100,2673200,5496500,5114200,2570400,3608000,2493900,4354200,2571800,3916800,2892300,4052400,3171200,2830200,2805200,2518200,3081800,5008300,2945600,3662700,2539800,2905200,5038600,2486200,2606300,2704100,2494400,2872000,5947500,4098700,2411800,5316900,3289800,5430200,4503500,2670400,2707000,5400400,2818800,2266100,2752700,5368600,3176100,4294800,5154800,5466700,5830600,3605900,3425700,2581700,3845000,6140000,2765000,2380500,2758500,2588100,5271600,2965800,4847000,2382100,2845200,3884000,2737800,4135900,2317500,4333600,5073600,3355300,3006500,2633100,4908900,2612800,4029600,2813200,4078700,2535200,2976000,2340700,2397300,5463900,4836400,5408600,2950800,2845900,3004200,5346700,2780500,2571800,2707600,3554700,2507200,2668500,3712900,2351400,2482000,3466800,3093500,2476900,4224700,2445700,3786900,4278900,3965200,2617500,3211600,2364200,4003200,4338800,2808600,2538000,2955700,4027500,2339200,6020600,2576400,5538200,2471500,2729900,2632800,2751300,4058100,2638100,2701400,2767700,3845400,2517600,2784800,2692600,2476600,2978300,4135100,2654300,3310400,2872900,2976000,5295900,2360100,4298900,3375000,5819600,2853500,5086400,5187900,2607500,2774400,2813700,5002800,3911300,2309700,2198500,4358300,5198100,2839100,4561000,2543400,2640000,5741400,2455900,2910300,2750200,5819100,2167300,3139400,5884500,4947300,4343200,5741000,2308400,2324400,2701500,4957100,5607300,2839200,2345800,2464300,4254100,2519700,2906200,2410500,5031500,3971100,4447000,5486400,2755400,2912500,4876000,3909100,2373900,3956700,4552500,4354200,2690900,2845800,2711600,3898200,2487100,4072700,5247500,2772300,2763600,2701900,2407300,5386100,2772200,4257900,2065200,2544200,2676700,5191300,2491400,2876700,3849700,4584100,2792600,2365800,3359900,2661400,2405800,2881300,4329600,2339900,5562000,2844600,1958700,4102400,2529600,3027700,3142300,5069300,5061000,6060900,3855700,2572300,3165700,2739200,2611200,5318300,2518000,3638100,5000500,2490600,4235900,3922100,3118700,4249400,2521800,5413300,2952000,4324700,2510200,2656100,2924000,2474000,3871500,3020100,4320600,2751500,3028900,6135400,2193900,4981200,5566000,5384800,2683100,2270000,2465700,4795600,3010100,3591800,5233000,4567100,3607500,2502100,2583000,4271600,2492300,3431900,2833300,2893500,2515300,2330800,5551000,2603400,6003700,2269800,3038300,2460100,2538700,2727800,5511300,2378100,4167400,3092300,2945300,2869800,4031700,3927400,5252100,2985100,3544000,5167300,5474800,4635000,3090900,2458300,5086500,2326800,2896000,5363000,3778100,5195500,2643300,6001900,2895100,4130800,4155600,5724400,5423300,5154100,3897500,2752700,3886500,1994400,5245600,2981400,2792100,2599400,3898700,3589500,4352200,3368400,6535700,2593300,5200200,2648200,2712100,2687600,2684100,4264200,3141200,3728900,2360400,4091100,2523000,3457400,2459900,5786900,4738100,2669100,5285800,3854500,2767100,2494100,3034500,4593100,2595200,4277700,2688400,2563700,2549200,2511500,5614900,4312400,2624100,2566900,2704600,2333000,2489900,4173500,4258200,2671800,2767300,6272600,2858200,2856400,5107800,2456800,2403000,5431600,4296200,2834100,2627100,5370100,4155300,2276100,4313200,2592500,1967200,3704400,2910800,2757000,2539400,2338700,2581000,4317400,3977500,3070100,5186100,4685900,2701200,2556200,3690100,2931900,4428900,6966000,4671300,2786100,2648600,5799400,3722100,4651100,3787900,2697200,5385200,2416300,3985400,3281200,4427400,2737900,5418500,2938800,2490700,5774900,5079700,2368500,2796900,5265600,4726200,5886200,2516400,2409700,2509300,2563900,5106300,2601600,2952300,4955500,2624800,3524100,2310400,2762500,2712500,2423900,5176800,2682100,5421900,2464500,2414000,2626500,2462500,5420100,2886200,4990100,2877700,3359800,5893600,2367500,3200800,2537700,5351400,2541400,5686100,4952600,2570900,5222400,2628000,3522500,3628000,2754300,2253100,3843700,5329300,2426200,4412000,2521900,5230200,2643500,5445600,2464000,4795400,4553500,2320800,2347600,4226000,4793100,3213900,2445400,2426500,2538800,2518900,2607300,2988300,2389800,4230800,2519800,2673200,4752000,5899900,2471800,2449500,3922000,2914600,3766200,4308300,2888700,5382600,2547300,2034400,3885400,2305600,2732600,5068200,3829500,2614700,2828000,3937800,3286400,2193400,2321800,2710200,1931000,2681100,2557500,2052000,5513400,2819700,5147400,3430800,2833800,4918700,5349600,5046300,4863800,2855700,3833600,2979500,3152600,2009200,2982700,2717600,2418100,4147100,4309300,4326600,2787100,3116800,3949500,2555900,5191800,2273000,6414600,2580900,4238400,2505200,2711500,4352700,3618500,2414900,2120000,2722500,2255500,5616800,2503600,2996400,2756600,5456700,5069100,2577700,2319700,2555600,4159500,2690800,2898400,5561800,4622000,4404900,2762800,2383000,4639600,5623200,3666100,2664800,2916100,4846300,2791400,5575100,2277100,5108800,2961900,2618300,2952300,2563900,2621000,2367600,2618300,5575500,2623800,2825700,5183500,3973400,2608700,4870900,4424700,3353700,3768600,2261100,5401800,2104600,2885500,5523500,3185300,3701800,2520000,2694500,6277200,2664100,2743000,2585400,2445600,2835100,4305800,3350700,5053100,5063900,2647500,2568300,5620200,5434500,5564700,4653200,2308500,4002500,2976700,4168900,4699400,2466300,3074500,5024100,3599700,5080600,2936400,2268500,4201500,5405100,2438100,3819300,2668600,4020500,2975200,5201800,2573600,4681400,4261400,3968300,5892500,4868700,2488800,3214900,2980300,5249700,2802800,5377100,3825900,2963400,2646200,2720800,2409500,5144900,2452200,4700000,4720500,2270700,4211700,3599000,5157600,5712600,2236600,3963800,2650500,2688100,2526700,2842000,2775000,4269300,2673300,2984300,3728200,4731400,4137300,2370200,4347300,4851900,4140000,2889100,2708100,2744700,2923400,3651700,2555900,4179000,2751700,2531000,2193000,2746100,4619500,5761600,2183500,5339800,5704700,4222300,3589400,5645300,2524000,2778100,2939500,2742900,2701100,4117800,6147200,4000900,5368700,3846500,5159300,5264700,3342800,2646100,4741800,2894000,2905500,2700500,3247100,5204300,2629000,2428200,7014300,4960200,2683900,2592000,2982200,5547800,4405200,3534600,4355700,5011700,3287700,2846500,2547700,2176500,5030800,2305300,2701600,2886200,6179000,2920500,4963000,5688700,5326100,4219500,3541800,2721100,3790800,4077500,2761300,2656300,2897500,5122200,2911700,2497100,2613900,3567200,3867300,2842500,2515800,3750900,2938500,5144700,4190800,2616600,3689900,5183700,2958700,4019500,4324700,2507400,2684200,3133900,2806700,3904000,2468100,5537600,2968600,2981100,4391500,2482600,4810100,2270700,2429500,2654500,2962100,2177500,2598300,4101700,4068600,2840600,5969400,5195500,2384800,2730900,5172200,2523700,2601000,2252200,2336600,2688300,2343800,3218000,2675200,5820100,2915600,5018200,2474500,2686600,5208400,5483300,4401700,2641100,3189700,3288400,3355600,5588700,4992100,2511500,2855900,2495400,7518700,2870300,4016500,5170800,2768900,5313000,3860600,4826600,4782000,5915400,3687500,5827300,2675700,2861400,2753300,2559000,5320000,3505000,2338700,6023300,3336300,2228000,3032700,5614300,2889400,2754800,2609500,2642100,5761600,3034600,5492400,2800000,6214700,2532900,3367900,4204100,4167000,3881600,2517700,3187700,3651000,2497200,3938000,2982200,2652300,3762500,2879000,2675800,3710000,2536500,2262500,2594400,2814500,4781800,3669500,2715100,3097800,2146700,2909600,4015300,5449900,5328800,2752100,3967900,2569300,2656700,4880900,2695600,3793900,2412400,2458900,4332300,3685900,2766800,6632900,6580300,2473800,3194500,3794000,5017500,2271200,2192800,5433400,3050100,2967000,3682700,3974000,2502400,4243400,2772900,2533500,2757500,2678800,2518300,2543400,2058600,4398500,3522000,2826900,3172900,2906400,2688600,2832000,5682400,5252900,2786600,5136300,5261000,3869100,3968900,3869700,2808100,2764300,3887500,2799400,2882600,2376100,3870500,4747400,4838400,2632100,3959500,4657100,5161000,5213100,4758500,2653300,5333800,5224400,4598300,2625800,2422500,2494600,5171900,3864800,2710500,5697300,2289300,2553900,3039700,2483000,2715400,2562200,5320100,2902500,2614100,2477800,2798900,4836700,2524100,5409600,5935300,2613000,5275100,2527000,2457700,2226400,2589600,2751700,2577400,5622300,3991300,2876600,3771600,2269600,4237600,5139300,3221900,2491800,4264100,4246400,3812200,2444200,2456500,3840200,2912200,5978800,2745300,5413200,2561200,5947600,3021600,2816700,3910900,2879700,5312200,2867400,2558200,2614900,5134100,4227900,5558700,2515900,2431200,3901700,4734000,2321400,2423400,2251000,2621800,2699400,3433500,5394600,2934600,6251300,2319400,5735200,2566400,5226300,2459800,2655900,2572600,2681500,5089900,2727800,3967800,5659000,4903600,2944900,3894400,2601500,2769000,4208800,2771600,2607300,2514800,2580800,4783400,2793500,2571200,2399000,5910900,4206200,2527100,3119200,2612900,5607800,2936900,2703800,2450200,4486800,2511200,3859400,5279000,2673200,4167600,3107000,4725100,2791000,2693600,2409300,4150300,5725100,2621000,4773100,4580200,4419100,5811200,2546800,2723500,4308400,4697200,3156800,2559200,3075600,2254900,3226800,4705800,3670000,2520300,2805800,2519100,2459300,2687200,4471500,2282300,2407000,2278600,5294400,5691300,2415600,5045400,4110900,3744300,3797000,5393600,4607800,4779900,6053400,5247000,3469600,5520000,4781900,2255000,4594600,2743100,3035500,5361600,2631500,2549500,3016000,2672100,5199900,4975600,3056800,2652000,5436900,2721000,4564300,2529000,5182600,2631400,2431000,2273100,2510700,2611300,4980500,6298800,2425800,4016100,2342000,6440500,5608400,4431700,5194200,5301800,2552200,2382400,4905100,5503100,2906700,3094800,2830100,3935600,2454100,2932200,2947100,4045400,2468300,3445200,5782100,2804200,5312700,3842400,2280600,5280900,2690800,2836200,6684100,2271900,2652600,6202400,5123100,2746700,4073300,3655800,2727600,2279900,2486700,3212600,2329000,5106700,4414400,2366100,2529300,2832900,3168200,3009000,2979100,3987200,5390400,2799700,4110400,4838300,4152600,5449000,3999400,5040900,5087500,2763000,4262300,5085300,3081000,2503300,4440400,5162400,5162100,4615500,5598300,2940900,2589200,4735500,5773700,4621800,4398400,5031600,3900000,2666500,5933900,2765400,4813900,2445300,2795700,2223500,2647000,3819900,2474600,5178200,2595800,2859300,2655200,2640000,2861700,2493800,2277700,2768100,5438300,2989000,5405700,2245800,3694400,5149500,2675300,5221600,3689400,4803400,5143600,4976300,3508000,2511300,3741300,5917000,3946700,4290800,4189700,2790400,5175300,2324800,2572900,2797300,2997400,5271000,4039700,2515000,3110000,2842200,2062200,3844400,3454000,4576100,2228900,2839900,5478200,2727200,3750900,2492600,2051200,2580700,2512800,2258000,3452500,2588400,2930500,4074300,2513000,4669200,4623600,5231200,2699400,2806600,2765700,2282700,4887700,4258300,2778200,3967300,2977800,2947000,3758500,2334600,2232200,2729000,3900400,2631300,5129200,5854100,3116700,5366900,5816300,2929600,2661200,2423600,5987600,2921400,5270600,5584500,2588200,2576500,2962300,5497300,3156600,2403900,2311200,3671100,5168600,2959300,2977900,2485900,5792200,3942300,3066400,2754200,4273200,2791700,2478100,3622700,3960000,4011800,5283600,3122200,2926400,5544300,2279600,2734000,2535100,2750800,2532800,2775500,2782900,2978200,3228300,4731100,5466600,5791600,4291500,4326500,5114000,2656000,5280200,2383300,3033000,2735900,2476300,5529400,3097500,2467400,2464300,2352100,3299200,5535000,2745400,4547400,3828500,3653100,2443400,2847000,2777200,3062000,2358000,2766400,5015200,2535100,3428000,2691500,2631300,5378100,2986300,4344000,2396500,4123700,5014100,4369300,2830600,2466300,2669900,4085800,3882300,4452900,3045700,5463300,5016900,3091500,3067600,3085900,4149900,2408500,2581200,4808200,2423900,2936400,2338300,4291100,2667400,5122500,4100900,2746900,2706300,4604000,2343300,2548400,2475000,5141700,2960000,2569300,5228800,3813000,4597000,2547800,5263200,4894600,5053900,3713300,6212800,2268600,2512800,2546800,2370800,2677300,3970200,3753900,3976400,4076100,3726100,2389100,4119300,4678000,3608100,5617900,4057500,5660100,3938300,6383100,5100000,4402000,3889900,5218500,2689400,3291500,3296700,5622000,3480500,3550700,2531200,2722900,2801400,4335300,2519800,2671600,3271000,3992400,4664100,4659300,5945800,2429000,3880100,2331500,2567700,5384100,3335500,3804700,2567900,3000000,5374300,4292600,2406100,4171500,2669000,2823400,4607200,4017600,2847500,2796400,2622600,5227200,3910000,2477700,2375900,5145900,2615800,2425600,2265500,2570600,2511900,2111500,2927200,2816900,2890600,3605300,5737600,2738200,5456900,2512000,2977000,2464500,2905200,2603700,2694000,5433000,5385200,2729000,2846400,3005300,5165000,2392900,2642600,5182800,2818800,2815900,2774500,4167300,5885100,5135200,2551600,2396500,5217400,2918300,2562600,5232100,2809900,2725200,3199100,2062000,4324000,2509300,2353300,2859800,5024700,2785100,5358700,2523800,2413800,5556800,5004100,3652600,2449100,2671000,2449300,2741200,2321500,2516500,3551800,4735500,5122100,2477900,2746900,2522100,3158200,3722300,2306700,2627100,3995300,2134600,5641500,4199300,3278300,5724800,3099100,2886300,3743800,2897100,3116900,2618700,2685800,2725700,5075100,4950200,2899600,4503000,2896900,3117400,4436700,3771300,5201100,2660900,3684700,2336600,2328700,2799500,3040600,2488600,8140200,2462700,5592600,2743600,4851000,2253700,2864000,5651100,3058200,2209300,3186000,4868200,3802300,2704600,2616100,4163000,4741200,3386300,2600100,2226200,4362400,3716500,2925100,2557100,2258200,2963400,4870600,3530500,2643600,2726000,4600900,4918200,2805200,2609500,5349000,4215200,2419800,3581700,2488500,5094100,4156700,5432900,2556900,2770400,5801000,2533600,2720000,2169900,2293100,2799800,2558600,2828200,2488200,5508700,2238200,5219000,5304400,5333900,4424500,2995100,2853700,4266000,5552200,4729200,2844500,2251600,4667100,2362500,2514100,4072000,5512000,4436500,3591400,5079000,2580400,2276100,3934900,3291400,2442800,2596600,4852700,5147200,5629200,3419500,2723600,4398900,5251800,5243400,3657900,2499000,3037300,5669500,2931100,4802700,3145400,5312600,3032200,5215700,2583000,3872100,2472300,4560600,5074300,2548400,2614700,5114200,3819500,2548400,5425100,4544400,2313600,3765300,2341000,1995800,2372900,2650000,4059500,3865500,2237700,4600600,2464500,5329800,2838400,2762900,3015200,5065200,3093500,4164400,4752400,2907600,2801600,2683800,4019000,3966600,2870900,4061400,6352100,3856200,2754900,2612400,2523200,3535000,2584300,4985900,5154300,5143500,2809800,4264500,2084600,2822600,6234000,4822600,2883000,3123900,3691900,5450200,5127000,4325500,4431100,6572700,4863800,4106900,2876100,5956300,2426700,3849800,2519600,3553200,2388900,3868300,3004400,3389200,2660300,3814400,3759000,2255400,2774300,4696800,3882600,4680800,2556300,2955400,5321300,5021800,3596700,4765000,2584200,3158600,5537000,4107100,2832500,2538500,2826600,2606100,2350800,4211000,5894800,2716600,3013200,2672000,2683700,2872700,2370800,5495700,2075500,3645300,5442100,2864300,2991600,5376500,2676200,2819600,3910700,3256500,2580300,2692300,3228100,2529300,3610400,5810200,5112600,2840400,4324500,4620900,6142500,2623700,2507000,4954000,4166200,2183700,3271600,2475800,2667200,4012000,2503500,3112200,2202800,2613700,2956100,5575500,2992200,2599700,4382200,2977400,3124600,4183400,2738700,2360500,2463300,2527700,5025300,2747500,2472200,5131600,2558600,4617700,4107600,2349200,2523900,2807700,2414100,2763900,5615800,5428800,3945800,3670000,3716300,2433200,1880500,2561400,2526600,4715400,2595600,4287400,2623200,2299200,2788900,5966200,2438000,4529100,2693700,2836400,2625900,2801900,2596100,3015900,7057700,2777500,2516600,2273000,2527300,3665200,3143400,4293800,2802100,5467200,2613700,2297200,3548600,4783500,3038100,3074100,4628100,3115600,5095500,2920100,2517300,2555500,5253800,2765400,2941300,5302700,2453300,3236800,2317300,4147300,2607900,5966500,3899200,2132500,4406900,2533200,4106100,2751700,3175300,4229000,3538400,2237000,3282900,4477000,2603700,2060800,4642000,2358000,3859200,3991400,3143100,5084200,2762700,4164500,5795700,5130800,4787300,4265900,6086800,2602300,3035200,3220500,2212900,2823800,5700400,4999200,4424600,2574100,2833400,3217600,3927600,2478200,4578200,2792500,5035000,5512000,4908900,2738000,2591500,3692800,2220600,4295500,2746600,3783000,2858000,5168800,5345300,4746700,2766200,2188100,2980500,2473900,4131200,3542100,2719500,5047500,4911400,2527500,2290000,4213600,5605700,5763900,2423700,2911000,3490000,2949300,2184100,4081100,3151500,5748900,2414600,2817300,5139800,2935600,5833500,4940000,3463300,4205600,3523900,2548800,2859100,1962200,2613100,2554300,2536200,2659600,2969200,6086000,4669700,2816000,2973600,3700000,2546400,2714500,5199700,3152500,3862200,2848800,2907300,2618900,3840600,2764900,4305600,2825100,2601900,2999100,2532900,2531900,4182000,2596400,2338300,3364200,2630300,3478300,3996200,2585500,5626900,2619400,2927800,2339200,2327500,4564900,5510700,3011300,2704000,3086700,2808200,4067500,5021600,2589300,3730900,3687200,2466900,3871300,2456700,2472400,3762700,3081000,2736800,2706700,3127400,2328000,5064400,2419500,5236600,2702400,2788300,4144800,2497300,2529000,2322300,2958700,4521200,2494600,2449700,5970100,2853900,4446200,2533800,2349200,6070600,3769500,4355100,4712500,5182400,2696200,4381800,3979400,2759200,2401900,2853200,3489100,2699200,2603200,3842100,2647000,3146100,2639000,2283700,4999700,2465800,5616900,5699500,3333100,3686400,2570700,2594900,3458200,2893700,2563600,5750200,3998000,3888500,3698000,2681300,3957400,2622600,2760200,3222900,3718600,3862300,2673900,2344000,2605100,3026500,2021700,2761400,2688000,2326600,2571800,2273200,2804400,2722400,4419400,3699300,3527500,2893000,3090400,4221900,2619600,2699600,2685600,3027100,3885500,2583500,2437400,3018400,4497100,6171000,2765200,2509900,6226200,3090400,5634200,3483200,5069100,3811100,3010100,5326000,4614100,2333000,6118400,4970100,5962200,5199600,4944600,2602400,5412900,5188200,2336500,3870600,5634800,3758700,3527800,2743800,2428300,2836800,2801000,2475400,2436700,4919200,2098700,3170800,1990400,4867500,2544400,2665200,2369600,4658600,2776000,5941400,2451300,4389500,4496200,2825000,4829200,2425300,2467500,3038800,4146000,5302300,2932800,2659500,2906400,2245900,4937200,2447300,2559800,2824200,2647100,2706500,5648100,2297300,5361300,2529000,2661600,4595800,3145200,3829900,2673800,6581500,4199500,2560400,2471800,5211400,4217600,3710600,4355500,3002200,4732200,5264500,3861000,5451000,2661000,2412400,2894100,5170200,2521700,4795900,2300400,2066600,3477500,5044100,2601800,3632600,2186800,3511500,2746500,6462600,4582700,2533400,3877400,3961500,3581800,2251900,3699100,2919300,2710300,4991300,4503000,2834200,2839800,3474700,3002300,2956900,4455400,3983200,4446200,2508900,2530700,4028200,3101400,3165900,3130800,5044700,2573500,4069300,3740000,3704200,2299000,2879100,2766300,2632200,3136700,2348600,4085100,2639800,2892500,5569900,2794200,4569700,3053200,2567600,3364200,4677500,2708300,2414900,2778800,3755800,5652900,2514400,3991000,2735100,2699000,2473200,3170400,2776200,2607700,2543300,3951600,6012600,2367900,2799900,2892500,5518000,2916900,2596800,3393400,5986500,5787200,2541100,2574500,4265900,2918800,5337500,3693900,2542500,2406500,2688400,4370100,3896100,2649700,5824600,2448800,5054400,2764500,5345400,2970300,2666500,5316700,2891000,5004800,2685500,3474400,3027900,4256600,2820700,2808200,2802800,2513500,4137800,5414900,4329200,4910300,3073200,3969000,2631400,4371900,5588900,2929200,4093000,2877400,3523900,2718400,2489300,5485800,2227600,2615200,5480600,3682100,2343700,2362300,3468100,4298200,5392500,2718900,2201000,2247700,2828100,2753200,5816600,2804000,3666600,2679200,4899700,2303000,5223300,2628500,2791700,3057500,2803400,2942700,2824900,4077100,2746500,5211400,3182100,3169700,3196900,5263900,3652900,2539200,2794500,2569800,6116500,3277800,2660000,2877700,2756700,2390200,2559300,2845600,4043300,2549400,2720700,2522400,4988300,2816800,2916700,4912600,4380600,2663200,2333700,2468300,2834900,4330000,5492300,5320700,2570600,3696800,3204800,3026000,2856800,3700300,2734000,4257300,4301800,3054900,2508900,2992300,3642000,4898800,4246500,2414700,3949700,5647800,4200100,2660000,5588000,2349800,2994000,4990100,2779400,2632200,2876400,2348700,3830700,5062000,2878300,2533700,2828300,3578300,4661800,4774100,2526900,5702700,4449100,4708300,2853900,5578900,3426400,5691600,2618300,2866800,5387100,4372600,2314800,2444700,5017100,5961200,2451600,5264200,2886300,2854100,2579600,3344700,4995100,2738500,3444700,5296900,5938100,3223800,2452500,4438200,2936500,4719900,3871000,2252900,2016700,2428100,2230500,3011400,2719400,5189700,3496900,3751400,5282800,5041300,2269500,2552700,2671500,2713900,2557100,4492600,3220700,2496500,4050500,5655400,1892300,2702200,2656900,4400100,3540800,5030000,4524100,4503600,2587100,2737800,2523100,4199900,2501800,2390100,2511500,3183200,2619500,3636300,2204400,3848700,5259600,4644700,3471300,3432400,4891100,4654700,2921000,2549200,3449400,5094200,3191500,5366100,2814700,3720300,3614600,3313600,5127700,2623300,5669300,2442900,5349400,4313100,3030900,2672900,2572100,5657200,2405500,4913500,4875200,2731500,2220900,3850100,2628100,4008400,5922300,2569500,3010400,5193900,2681600,3126500,2310200,4078200,3099500,3993000,2791500,3692400,3678800,3706600,2587000,2252700,2913200,3153400,2283500,2919500,2782100,2400600,2469000,4426900,2462300,2583400,2822300,3038500,5348700,2301700,3565500,2826200,3465100,2662600,5442500,2451000,2403200,5085700,2495900,4024700,4423700,3237900,2684800,4915500,2517900,3517400,4109200,2979800,2258900,2527000,2947500,2573500,2608100,3174000,4304500,2638100,2901900,2349300,2379800,2336300,2597200,4568700,4702200,2968300,5661000,2831900,4348600,5321400,5244300,2729400,3492100,5798500,3442800,2434000,3388600,2817800,3391300,3135800,2289300,3857900,5596900,2803500,3743000,2938300,4353400,4269500,4019100,4424400,2427900,2904000,2894600,3509100,2665600,3846400,2644500,6228100,4158200,2342700,4817200,5360000,5316400,5256700,2810800,4168400,4186200,2806600,4866000,2557800,2971100,2670800,4209700,2814400,4799900,2698300,5593100,2167500,2670900,2307100,2792900,2567300,4812100,2597500,2504800,2516800,2825800,2540300,5603900,2575300,2777200,4587500,2689800,3545000,2463600,6055400,2508300,5826400,3996200,2760400,4054200,3575100,2410500,5696800,5738600,2487200,2649600,2578600,6284800,4472500,2477800,2891400,2435800,2490100,2621300,3162100,3143700,4528100,2312800,2800600,2557200,4836500,2619700,3664600,3446000,2797200,2669100,3676700,4663500,6203100,4342100,2851400,3873500,6060500,2656000,4060800,2193600,3035700,2458600,5623100,2657000,4661600,4841600,5653300,2619100,4751900,4879000,4939400,5656900,4945600,4282700,2663200,3281800,2501700,3040400,1922000,2816800,3473600,3993500,3019000,2563100,4017200,2041600,3960400,4048800,3837900,5201200,3480800,3463700,3945100,2284100,2702400,2420000,3318600,2596100,3011900,2454500,5137700,2528000,2824400,2394600,3978100,2536100,5314800,2720700,2367300,2439600,2376700,2592800,3784800,5081900,2588900,2393200,6140200,2320700,2479500,5633200,3686000,5619500,2294600,2333900,2854300,2896500,2713600,2294400,2779400,3494900,4618300,3060200,2424000,2932200,4250300,6246700,2959400,5161500,2395700,3068500,2329300,2729800,2377700,2671400,2543200,3138400,2669000,5876500,3751300,5443000,6945800,2473200,4962900,2562500,4228000,5369600,2672800,5575600,5364800,2845700,2831000,3878400,3041500,4279800,3590300,3528300,2592700,4300400,4401400,2774100,2314400,3214400,2635600,5775900,2889100,2625000,4402700,2916900,2755200,3362200,5739600,4053300,5529700,3802800,2908200,3599400,5031500,2659500,2453600,2790600,2802800,3658200,2426400,2624500,2730100,5489700,5370000,2763900,2836600,4417400,3832800,4027500,5613700,3148300,2790000,2518400,3824100,4788500,5357200,2497000,3215700,4951600,6711300,4552100,2704900,4921600,2646600,2944400,3791900,5684500,2854500,2624000,4605600,4893000,3690500,3850600,4112200,3156100,2189900,2641500,2891300,5881900,4577600,3073800,3515600,5124300,4520200,2420900,2504500,4102000,4775100,5643800,2626700,2521100,4969800,2888900,5727900,4749800,2694000,2713900,5634500,2917400,2595300,2590400,4301300,3083800,4149600,3786000,2591700,2585600,2339500,2872700,2921000,4686100,2510000,2810000,5913700,2525900,2456400,5573300,3705400,5449300,3145300,2713700,5482200,4852300,2388000,2438300,3669600,3735900,4078900,3036400,3165000,3366800,3858800,5235600,6118700,6087200,2945900,2646100,5452600,5217700,2626500,3089400,3126300,2264600,3145800,2698200,3982900,2940900,4769500,2700700,2534200,3507400,2789100,4653900,2626700,2658200,3757300,2628900,2499300,4041700,2561500,2492500,4576000,2556500,4204700,3170700,4763600,4839400,6142100,2803200,2023100,2688800,5032100,3861400,5179700,2545300,2837200,2802100,2955600,2994500,2709300,4175800,3874100,3956800,3274200,2790800,3906100,2484000,2981000,2435000,2868700,2554700,2269500,2868700,3800700,4470100,6086500,3262600,2444000,3013600,2816200,2649300,2856200,3078900,2672700,2641200,2377600,3809000,2521200,2945400,3709300,3676000,2529100,5060500,5258200,2570300,3901800,2486100,4246000,2449200,2423500,5294100,5987100,2606100,2880000,3386400,4072100,2571100,5607300,3097600,5174800,2797000,2284600,5299000,3389900,2807000,3515200,4268900,2773000,5209600,2889300,6476500,4205000,3031300,3988600,4736300,2528400,5145300,2700700,4859800,2244000,2229500,3814400,2567300,2757200,4217500,2629000,5415200,4004000,5083300,2523300,5641600,4956400,4852200,3429900,2633400,5056600,2311600,3643700,2783400,4510900,2546500,2817400,5624200,2606700,2637400,4368100,5258100,2602400,2207800,2821200,3012000,2800500,2534700,2242100,5809400,4902600,5394500,3901200,4853700,3815400,4434000,4848900,2882800,2607500,2701800,6276900,2890500,2486300,4603400,4272500,5595900,4866200,2969500,2374300,2667900,2531800,2880300,3512600,3399500,2848300,4678200,2851100,2527700,2339700,2758000,4808700,3143600,3549000,3745100,2961300,4451000,2734400,5665000,4030800,5190500,2840700,2454600,3841600,5525600,5589400,5328600,3138100,2717100,5219500,4960100,4141100,5785400,2707800,2771200,2299600,2621800,2838700,2201000,6075500,5470800,2717800,2542700,5294000,2350800,3355400,5419400,4147800,4963100,3853400,2523700,4377000,5049200,2722700,5683000,4697200,3202800,4137700,2547400,4427800,3049500,2242800,5163000,3495200,3383800,2663300,4815900,3057900,2552100,5810100,2223100,4809900,2702800,4201200,4261700,5110500,5784100,2527100,5531100,5298500,5043700,5031700,2648500,5844200,2307300,3873000,4277600,3944500,3058600,5565000,4125100,3120100,3756200,3871300,4356300,3327600,2880800,3711000,4810400,2461800,2293000,3687400,2826700,5252400,3602200,4934000,3833100,2536200,3604400,2419100,2521400,5302200,2397300,2463900,2534700,5676900,2621000,2587300,2578000,2651100,2796200,2595200,4886700,2880500,4904600,2375300,2813900,3862700,3128700,2241600,4337400,2578600,4106200,2855900,2382300,2560500,2913000,5701700,2789000,3775900,5329000,5357400,6027100,4918600,2398600,2527100,4699100,3120300,2283300,2351600,2424100,5500400,2479100,2260200,5136600,3014900,2887800,2837000,2897200,2941000,2324300,2737200,2784300,3031400,5542900,2724500,3983400,5755700,2629200,3843200,2146600,2343500,3612500,4857700,2738200,4852800,2711200,3987200,4868600,5566300,2873800,2621500,4179200,4243600,2627200,2708700,5700800,2480100,2776200,3827900,2274400,3261100,3849900,2594700,5528100,3749100,3018100,4248700,2464900,2649900,2251100,5430900,2388400,3854700,2813600,2618900,6348900,2681400,4590900,2478200,4834100,2768000,2552600,5155200,2658800,4314100,2457700,4783500,2561400,2970800,4103600,5195100,2824900,4714700,2561900,2307400,3092300,2418800,5572000,3957300,5176500,2727000,2904800,2441700,4339800,2549100,2857400,3055800,2576500,2346500,2805000,2572300,2749200,3806200,2683200,2916200,5504100,5203400,3730600,2449200,3902200,2479000,4739500,2479000,3911800,5587100,2357200,5292200,5042600,1977000,3865700,4231400,5267100,2960600,4437500,4158300,3756000,3731600,3845300,2923100,2637600,2932800,4985900,2487500,2466500,4052800,2592900,5382200,2975700,4375600,2652000,2916700,2271100,2450200,4973400,5654700,2539400,3074700,3291400,2790900,2491000,4819400,5356500,2745400,2449200,2649600,5647900,2863900,3018300,3360000,2617600,5638100,3792100,5065900,2210500,2715400,4587000,4870000,5391100,2362900,2632100,2501100,2870200,4324700,3755200,2157000,3711200,2579900,2809600,4350000,3018200,5744600,3505400,2830400,3960500,2840400,2382200,4255400,2691600,2293700,3161800,2767700,3708200,5670000,2532400,2374300,2875200,2692200,2508900,2218100,5096300,5252900,5388900,4747100,6198900,2870100,2729900,2300200,2844000,2625100,5258500,5741600,3842700,5378700,2889100,2475400,2668500,2746100,5023900,2770600,4897000,5646300,5459200,2662100,2674100,5003100,4376000,4428500,2991800,2651500,2706900,2802600,4941300,3154500,3977900,3907600,6464100,4928500,3992100,3425900,2811400,2211500,2542300,3003500,5089600,2378500,2929500,3887200,3115400,5243500,2792500,4943900,2670400,2524400,2377900,5501700,2153000,2817500,2723400,2753200,3048600,3684100,5287700,3370600,3894500,2884200,2505400,5165800,2666400,5184100,4163400,2589000,3917000,2202000,2551900,2314600,4412300,5342700,2757800,4463000,2602200,2891200,3714900,6243200,2637300,2635600,1832100,2170400,3008000,2424100,3739600,5038400,5741600,2611600,2593700,3056300,3829300,3372000,2186000,2285600,5635700,5348700,2455700,2413300,3123400,2764100,3091800,2852500,3635600,3267600,2263300,2902200,3171300,2691500,4130200,2393500,2497100,3608900,3112500,5795400,4146600,2633200,2744900,5427800,4500200,2529800,2831100,5732800,2451100,3756700,5190300,2443200,2509000,5343100,5798500,2147100,3103800,4326300,5179200,2604500,2733000,3158000,2865400,6024500,3910000,2526300,2479900,2261700,2491300,3045000,3730800,5204000,2707600,5559300,2903900,3653800,2982400,2342400,2245700,4642800,2574900,5159500,2683900,2844300,2443400,6175400,6135800,2561800,5361900,2483700,3988100,2427100,2788400,2530300,2456800,5318000,4190800,2740300,3321200,2586000,2829700,5527600,4168600,3910500,2220700,2578300,3922000,2515300,2338400,5526200,6308500,2949800,3139000,2736400,2503400,2058100,2703000,2919900,3863500,5206500,3178700,3066300,4252500,4144500,2522900,5070200,5599400,4186100,5773600,5669600,5364100,4330400,2771500,3080000,5321000,2568500,5246500,2700600,4180100,3943900,2699900,4916800,2825200,2781800,4798200,5224700,3167600,2621200,2857600,2620500,2772100,4894700,6215500,2510300,4982000,4013900,4628900,2666500,2546500,5219000,2473900,2492600,2338900,2795400,4974800,2738200,2577200,4135400,3458300,4014400,3045900,4570900,4890400,2466200,5047300,2613200,5198700,8593500,2443200,4584000,5154900,2712700,5208200,2537300,2364700,4200100,4100500,4699500,2836900,4512700,2333000,4383100,3656300,2535100,2315100,4115500,3959400,2942500,4606100,2134900,5183400,2804600,2857800,2597300,5333100,6609800,5511600,5189600,4236600,2290500,2814000,2627200,3256100,4443700,4446800,3894400,2353300,3100100,2299800,5126900,3059300,2204500,4947600,3881500,6141200,3259800,5651400,3844800,2532800,4191000,3344500,3824500,3287000,2492700,5383900,2801600,2966800,2679500,2849200,6289900,2843100,3287300,4234100,2247900,2561700,3633400,4757200,3061100,3761600,2421200,3781600,6152100,2844000,2441300,2678500,5042000,2325200,2655500,5386000,3977300,2771100,2248600,2831100,2480000,2807600,3936300,2394600,3926500,2442600,2920700,6106800,5663200,3355100,2255000,2907900,3016800,4432300,5177500,5471200,3205700,2809400,2818200,2547900,2383000,5419900,4270900,2626300,2554500,2391700,3131400,2891600,2407300,2456600,4953600,5242000,2458900,4099400,3000200,2653200,3138800,2802900,2703600,5211100,4026200,3120500,2566600,5194100,5334500,2421600,4686900,4531900,2135000,2456800,2504800,2491900,2828200,3940500,2863300,3568300,5632300,2484600,5601500,2219500,4770300,5258900,3136000,4445600,3620500,2562500,5503300,2807300,3213900,3076000,5269500,3387000,3726800,3575100,2683900,3165200,3863400,2427700,2752700,2335800,4492700,2635500,2458200,2832100,2569000,2623900,2585300,4941400,3013800,5629800,2617300,3708700,5437800,2318800,4645300,2420700,5331100,2783000,6476500,2812300,3646400,2693100,3810600,5095300,4045500,2535500,5232000,3655700,2832900,5337400,3039000,2887300,2637500,3078600,2277000,2097200,2517000,5191300,2577000,2479800,2211600,4851000,2747600,6274800,2893800,3124000,5323800,5248800,3888000,4991100,2456300,3045300,4021700,2620700,2675300,2580900,3969100,2472100,2890100,3489500,4302700,2869700,2762900,2619800,5437500,3049700,2678100,4533100,3134800,5124100,2826400,5127700,2608400,2518000,2503000,2235300,5250900,2935500,2517400,3205700,4611100,2519700,3896600,2799100,2885600,5060000,4661500,4724100,3375800,2832100,3949300,5331600,4276100,3867900,5545500,2585300,3166200,4925800,2334900,2572500,2804800,4563000,2577700,2730100,2512400,4059500,4246400,5611400,2616200,2984800,4283600,3072600,2971300,2834400,3839600,2526800,2657300,2453500,2685200,2981100,3037200,4559500,2673600,5332700,4849100,4145100,2499700,2412100,3679000,2810400,2462200,2620200,3813900,5123400,5628000,3195700,2379700,2865600,5561200,4225000,2530600,2809900,2873700,5369600,3605300,3107200,2116100,2497200,2522900,6529900,2784200,2522500,5646200,4918900,1988900,3422700,3709700,5151600,2636700,3546300,5457200,2776000,3745800,2503100,3050100,4933000,5740000,5277800,2659800,5557700,2340400,2572100,2298600,2773400,5878200,3578300,4440200,2620600,5106100,2822200,2429700,3766700,4866200,2586600,3798100,2367500,3810700,5463900,2914000,2285700,4926300,4826600,2760900,2546000,3457000,4434100,3947900,2456600,2355000,3584500,4783800,4154500,2624600,2956700,2715800,2606100,2826500,4991500,5341700,3116000,2830000,2698000,2743300,6207900,4267100,3849400,5136000,2844800,3170700,2555800,3753600,2557700,4688900,5746200,2596200,3890900,4542500,3923600,2694500,5423600,3216000,5102600,5824100,2671700,2817200,2748100,4352100,3678100,3798100,2506100,2709700,2409800,3675100,2508600,4049400,3947000,4816600,5058700,2565200,3820800,3823400,2585600,3559900,2438900,2430400,5480900,2815600,2753000,3453100,2952700,2582200,2639800,2519800,3873600,5796800,5560300,2510400,4810700,5432100,2290400,4756800,2594100,2779600,2821500,3615500,2482600,3930800,3726400,2935200,2527000,5014300,2305700,5285900,5657800,2232800,5306800,3755200,2662700,2955500,5025000,3161300,2668300,4044400,3482200,3604800,5009600,3872900,2475400,5216400,3911800,6209700,2469500,3539600,4276300,3974000,4021800,2349000,4066500,3810100,4520000,6105100,5085200,2966400,2628200,2728000,3394800,5718500,4168300,3948500,3904200,2582100,2390700,2794500,5617400,4587800,2747900,5976700,2711400,3788400,3684600,2613300,5899700,3134800,2817500,4433100,2290600,2785500,2704200,5421100,4123400,2761900,4113700,3781300,5751300,2604700,2505700,4320000,4797200,5114400,2830700,3007500,3202700,4562700,2384300,4805400,3719900,2732800,4572800,5827300,2768400,3672600,2810000,5531200,2589500,2211800,3708200,3409200,3091400,3464500,3088400,2724200,3873800,2518900,5102800,2747800,3090700,3099000,2488200,5474000,4665700,2357700,3704500,5640800,6095500,5255300,5783400,2225000,2480200,3497200,4870800,5091100,2595800,5952800,2673600,4090500,3380800,3736500,2024400,3615000,2547700,2443100,2376900,2638900,2976900,5192400,2972800,4834700,2436400,3998200,5758300,2658800,4052700,4316800,4080000,2319000,4350200,2654000,2594000,3027200,2386500,2941200,2408900,3053600,3400900,3834200,3951500,4021700,2984200,2754100,2755400,2545900,2440200,2485500,4461500,2536900,3855400,2079400,2585100,2569400,2356100,2240200,5558800,3433800,2826700,4129400,2733000,5268800,4302600,4138700,2426200,2761500,2605100,2286200,3622500,3779900,2717400,2495400,3011700,5397500,2957900,4753400,2411400,2818000,3082400,2772400,2984500,4775600,2541600,4703900,5526400,3855500,4459500,5473400,2758000,2516200,3776200,4195500,2347600,2595400,2763600,5694100,2286600,3650800,4471000,4504700,2827600,3984800,2316400,2576100,2444300,3573100,3780700,2182100,3486400,2762800,2869600,5566600,2785000,2969800,2843400,5828500,2996400,2383000,2274900,3839300,3073400,2357300,2380600,5796900,5372300,5373600,4287900,2525200,2444200,5871100,2302000,3073800,2934500,2601300,2489900,5286300,5532200,2458300,2225300,5223500,2817800,2460500,2738700,3895200,4186200,4027200,2669700,2758600,2724200,4301400,2204800,5410800,3817300,2600600,2781400,2365700,2567700,2758700,1992700,2948000,2660800,3506400,2536100,4949100,2804200,4075900,5993300,5441400,2691100,2575300,2309300,5116600,2336900,2774300,2010300,3094400,5459100,3849900,2556800,2816900,4850400,2616100,4128500,4597400,3615500,3541100,2647200,5071000,3669700,2819600,2148200,3979300,2265300,5395300,2714300,3237100,2476700,5720200,2658800,3182100,3621700,5132000,3956400,2492400,2397700,2794000,2520900,4190400,4692700,2502200,3381300,2134500,2622500,4614200,2918500,4413400,2552000,4292000,2200100,5078400,4037200,2306200,2459400,2713500,4125400,2852700,5037000,2561700,5241500,3183500,5438000,5324300,2510800,2219400,5081200,3237100,2748600,2579600,2831100,4763500,4275900,3958800,2345900,2630200,2642300,4052200,4769100,3582700,5217400,2391300,2251300,2859400,3053500,5113300,2508000,2637800,2839800,8511400,2733900,4302700,2367100,2350000,4277800,2476200,5047200,2998300,2349400,3866500,2354400,2328700,3190700,5449100,2693300,2850900,2378900,2847400,2234200,3769200,2994800,5410300,2939200,5401900,6128400,5155500,2629000,5696800,2209700,4459800,5384600,2704400,3193900,5250600,4265400,3927900,5594000,4088500,5203200,5516700,2641600,3197500,2580400,2610300,2528900,2767100,2730100,2502300,2234800,4165300,2881700,3154500,4379800,5685900,3980500,2711900,2760000,5271200,6274000,4210600,3485600,5294300,3369400,4071000,2506100,5687000,2583300,5038500,5788200,2655000,4980800,2575500,4178100,3105900,4295000,2564300,2379400,4295700,3642600,4136100,2371200,4122000,5789500,3199600,2615000,2878600,5121100,2705000,2397000,2700600,3030300,4545900,3191500,2506700,2733100,4358500,3751900,4138200,2443600,3925100,2648500,2556000,3129900,2777100,4316600,3150800,2560000,5401500,2629800,5140900,2717000,3380500,2312200,2492800,2261200,5346200,2737600,5615400,2422500,3636800,5195200,3021400,4451300,2664800,4011800,5061900,4964300,3513500,5493700,2489200,3743600,2808400,5325700,3896000,2490800,3479400,3677200,2693400,2840900,4021400,2491400,2241100,3912500,2832500,3909300,3970900,2993700,2233800,2523600,3177700,3787000,3750500,2925700,2304200,2455100,3532500,2395900,2606400,2887100,5399500,6447800,3461900,4987600,5979900,5382500,4307100,2512000,2457300,3607100,5853800,2377300,3273800,2885400,2842400,5750600,3148900,5577900,2765200,5300100,2435300,2529800,4188900,2752000,2602300,2459400,2924300,4706800,2388800,2989800,2409600,3382200,2373200,2570700,2565000,2806400,5679000,2617800,5288500,4878300,2799700,2696500,2655200,2254400,2197000,2723000,3625100,3594100,4739800,2337500,2702800,4216400,3052000,3797400,5120600,4715200,2401200,3732600,3954300,5385200,2668300,3059900,3780200,3028300,2887100,4211700,2480500,2528400,4196200,3367800,2362300,2520400,5270100,4433800,5030100,4471500,2994200,2882800,2334300,5101800,5938000,2758700,3142600,6226000,3109400,2487000,9408600,2544100,3203100,2318900,2602900,3489200,2615900,3366800,3867700,2897400,2296500,5129300,4200800,9207200,4635400,2880700,5742100,3817400,2403200,2277800,2444300,6217300,2853100,2290000,4465800,4285700,4593300,4314200,5691600,4884300,3612700,5671700,2802900,2651100,2868100,2570300,2571200,2555400,2383900,4644900,3037400,2417500,2459500,4131900,4602600,3571900,3113300,4198700,5536200,3466100,3696400,3902800,2564400,4969200,5699300,6096300,2715200,2567000,3780000,2310600,3815200,4180400,3073800,2792400,2340400,2467800,2733300,3036200,2285600,4094900,2536400,2415400,2557200,3825800,4835900,2875700,2887600,3038600,3334800,2374700,2739200,2422400,3600700,4377500,5448400,5845300,2552600,2287200,3811100,2779700,5875600,2730500,6534000,2494000,4496400,3973800,4134300,2344800,3937800,5474200,3040200,2456100,2559300,6054200,4785800,2591800,2442900,4197300,2448400,2281400,3120200,6174700,4976500,3432500,2481200,5186600,2478500,2623100,4516200,6094800,2241400,3039000,5717100,2450500,5124800,2445300,2988100,5937200,4733400,2346000,2776900,4446100,4288900,2588500,2267100,5001900,2830900,3922900,5505400,4548300,2327500,3260100,2804300,2486300,4144200,4929600,2638700,2383800,2752100,2723000,3154400,2319600,2859800,4590400,3546700,2419000,5129200,2223800,2650100,3640400,2641600,3368700,4228800,2565200,5073900,3290900,2814700,2688400,3343500,4892300,3501200,2524500,2529900,5186900,2849100,5694200,3585800,4932600,2410000,4287900,5283600,4072300,2847700,2578000,4699400,4725500,2741800,2896400,4953000,5611500,4151200,3588100,2529200,4767200,3611800,2616300,5417000,4711600,3186700,2627400,3161000,4476400,2629100,5724900,2467500,3618200,3707600,2548300,3493300,2692700,4038600,2342700,4645000,2559900,2783500,3303700,2941300,2545600,3843400,3762100,3134700,4609500,2785800,5618800,2354200,4138100,2674200,3541700,5376000,4244300,5102600,3436300,3935000,3842600,4032600,4707600,5471800,3843000,5339800,2846900,2827000,2375000,6286800,2603100,2149300,4402400,4713600,3712700,3344800,5846700,5302400,3730300,4711900,5529900,2426400,2576600,3119300,2890600,3409000,2112700,2896800,3646400,3683800,2944000,2761300,5691500,4149100,5802000,5347900,5070600,2874500,2707500,2239400,2527200,5567500,2383900,3916700,4818100,5205200,2440400,4753400,4960500,2704900,3477100,2613500,2521100,2590100,5540500,3623800,2808300,2712200,2585800,3392600,2531300,2422700,3824100,2577300,2623400,3059600,3167200,2295100,4359300,2903000,4000500,2581200,2736100,2700700,5152800,2448900,2701400,3423000,2326700,3764200,3518900,2661700,2700500,2765300,2426200,2552800,3759800,2782000,5187900,4791600,4171000,2327900,6080000,3153000,2559800,4272100,5008400,2856500,5175300,2512500,2664100,4318300,3653700,5578400,2528800,4471000,5364900,2605600,2536400,5768200,3256800,3658700,5069700,3073800,3708400,2974400,2963400,3047800,4462100,3663900,2701000,3396900,2530200,3428900,2726800,2480900,5733900,4360500,2528700,3058200,3246200,5772700,4344300,5649400,2265700,5123100,4340700,5244000,4907900,5036300,2599100,3574300,2820400,5233300,5839600,5404400,2499700,4368400,3818500,2824200,2273800,2559400,2508200,5157500,3528100,3024900,3727000,2541900,4826200,4911600,2899800,2617300,6148500,2245600,3709300,2578600,5128800,4452700,2548600,5960200,2523800,2379000,3934000,3890700,4544600,2490200,5309500,2397300,4604400,4337500,2447700,2563700,2578100,4699800,3093300,2723500,2270300,5701800,5296500,2570900,3617500,4191700,4652000,2583200,3207800,5699300,4538900,4743000,5586400,5742200,5214900,2301900,2475400,2385600,2715600,3846300,5102900,2630300,2866300,2787600,2368600,2434300,3968800,4898100,2799200,2610000,2094800,2948500,4422700,3525600,2822600,2712900,2671300,5544400,3866500,2386500,5815800,2646900,2521000,4146300,3731600,5847300,5589100,2899400,5523300,2572100,4361000,2603900,2808900,4984700,2934800,2579700,5027600,2968500,3441300,5151300,5240500,6084200,2408000,6213400,2497500,4999300,2944200,2408100,2687000,5278000,2448100,4752800,2158000,4787600,4906800,5028900,2377300,3817900,2403400,3185300,4643500,3587800,5557400,2971200,4042300,4362500,4271400,6142800,3879600,2859100,2566700,5648600,4458200,3703400,3891600,3357400,6290500,2500800,2720200,2531600,2523500,4441300,3226700,2824400,4240300,2797500,3089200,2991400,4419500,3212300,2459200,2775700,2374700,5082800,2592000,2296400,2838600,2725100,2498100,3607600,2376700,2768200,2498800,2456600,5878200,5741600,3917400,2609700,5356100,2720100,2479900,2664700,2381600,2381700,2965300,2585800,5581000,4890700,5230200,3037500,4250700,4788900,3889100,5962000,5477600,2861200,4466800,3777700,2906700,2506400,3010500,2579900,2711800,4286500,4476300,3923700,3510300,6680200,2846200,2897800,2945500,2385000,3543600,3616100,2632400,4488300,2956300,5676800,2746100,2749900,5097500,2540000,3911900,3373800,2287600,4118400,4035100,2876100,2906400,2692000,2671900,4304800,2660600,2771700,3808300,2504100,4833000,2710000,3148200,5193600,4787700,2868400,4005800,2547700,5137800,2157700,3925400,5391900,2936000,2601500,3834100,6821800,2933800,3735000,3376200,3028500,2445800,4042300,5274400,4121600,5433500,2258500,2662000,2501800,4900200,2600000,2673700,4864700,3146500,4478500,4470600,3839600,5399700,2988900,3447100,3019100,5389800,2297800,3579800,2521300,4746000,4463500,2953000,5182900,3633700,2496500,2554200,5907000,4641900,3844500,2327400,2184900,5712500,2706700,2526500,3269900,2614900,2905100,4764900,3393600,2699900,2403600,2713500,4420200,5707300,5007300,4313900,4471300,4137800,2852200,3846500,2731400,5015900,2672400,3147600,3895500,3033600,3352100,2406300,4813900,2269500,2597000,3474000,5628900,2543000,2667300,2444200,2965400,5399700,4014500,4112600,2819600,2594500,2371200,4649100,2311600,2563700,5752100,2659900,5851800,3299100,3038100,2899800,2693300,5560600,2258600,3047000,2540800,4289100,6194500,3091800,2637000,3513500,4194800,5019600,3902500,2726100,2710700,2393800,4756000,2760000,2521300,5808800,2488400,5720200,2635500,2870300,3039300,4639300,5777300,2667200,5000300,3081300,4916100,3815200,3749100,4355300,5228900,3576900,4242300,2647600,2859500,3444200,4147200,2975900,6436600,5106800,3949600,3275800,3878000,2594400,4864300,2406300,5333900,2586200,4833300,2718900,2399700,2568000,5584000,2343600,3466100,5217700,2586900,6206000,2843200,4135900,6283300,2716900,3487200,2833300,2614600,5351400,2462000,2907500,2283000,2774000,3145300,3780900,5398900,2859000,4544900,2907900,2764200,5433800,2579000,2568000,5324000,3047000,3354200,6291800,2670400,3256000,2181500,2546800,4280500,5421300,5003900,4045700,2804800,2719000,4174800,4661600,2660000,2358000,2775800,3552300,3075000,2153100,2720400,5529200,2464000,2788500,2633800,3072100,5099900,5342000,2421700,2414000,4511200,5053600,4423400,2754500,4199800,2216700,2324800,2537100,4825900,2617600,3020300,4064900,2456500,3213900,4642100,2669000,2880800,4103300,2815500,3421500,4944400,5401800,3157400,2654000,6558700,3094000,3181400,2782900,2391100,3958100,2504200,5059000,3881400,4261300,3844500,2816700,3409700,3421800,2540400,4482300,2556400,5391600,2458700,2369800,3804400,2204200,2524900,3686800,2266900,3818900,4068700,2972200,4488800,2491200,5837400,3880800,5955100,2289700,4947200,2811200,3010700,4936500,2508700,2643800,3614300,2749900,5405000,2550100,3951800,5422000,2348000,2804800,2476800,4133000,2590700,2172300,2295600,2761200,2360500,2824300,4606000,2384900,2604500,2865600,5486500,2453100,4176500,5694900,2106700,5034900,2435800,4279300,2486000,2333100,4627600,2914600,3868800,3815800,6566800,4234100,2906600,3693400,2407800,3766700,3130900,6250300,2527700,2134800,2728100,5061100,2622000,2111100,2673000,5506300,5265700,2802500,5162800,2810200,3448200,2665500,5741000,2789300,5063700,2616500,4014000,2752900,2719700,3696900,4182400,4393400,2523200,2512300,2540200,2205400,2969100,2488800,2713000,2588300,5436600,2994000,3487600,3377400,4042800,2897800,2726500,5462100,3827500,3018300,5256500,4797700,2876700,4061400,3663100,2517300,3066300,6456000,5093000,4177700,5178500,2543700,5786900,2441300,2973600,2405200,2681600,4216700,2003100,2417200,4197600,2804200,2635000,5005600,2348600,2742700,2213200,4765700,2654900,2624600,2706400,3843500,4532900,2557900,3977100,2534800,2566500,4665100,3829200,2461300,4979700,3955700,2940900,2571000,2966000,5282400,4264000,2847800,4731100,2318200,5700900,2719600,3011000,5233100,3221300,4045400,2707400,2726000,4608600,4109800,2661100,2865800,4543800,4462400,2532100,2134400,6290800,2556900,4835700,2288000,3531400,2744200,2732400,5292500,4932800,2591000,2725900,2564200,2755300,2540100,3302100,3473100,2824000,4544700,5348800,2571700,3252200,2269200,3395100,5402200,3893400,2707200,2797600,3957000,2817800,4063100,2913700,2453400,2664600,2200100,2513600,4174100,3001600,3936900,4937500,2804600,3037200,3985000,3521400,5059400,2654700,5548200,5700500,3593300,2840300,4756000,2648100,2452200,2453000,4050700,5558400,2539300,5250800,2524500,3802700,5329900,6262800,2605500,4189800,2589700,5313800,4949600,2685400,4201700,4396000,2875100,4281700,2546100,5848200,2371800,5292300,5023600,2984500,4032400,2759800,2362600,5248100,2640100,2748300,2940800,4235900,4007900,5197200,2498200,2447200,5677500,5056300,2788800,4910500,5224300,3317600,4634700,3809800,5268200,5372800,5419300,4808000,2886500,2461600,2749900,5034700,2426600,2748300,4189200,2599200,2404300,2241700,5446000,2603100,5804200,2697500,2340000,2907900,2582700,3440600,2384600,5598700,3044800,3316600,3904600,5035500,2469500,2596100,5811500,3948100,5335500,2593600,3097800,3505300,2983400,6006500,3607900,5265900,2404600,5749700,5565300,2730800,2851900,2730500,2744300,2554100,4090400,2719900,2732900,3753900,6049500,4291400,2804700,2480000,5972000,2668700,2760400,5794300,2990300,4099600,2550800,2376800,2363400,3241600,2625200,3896600,6165200,5254500,2329400,4920000,5389700,2428300,4409300,6047000,2814900,2491700,2467100,2622100,2352600,4983100,4371000,2369300,2523800,2521400,5095500,5279200,3664000,2546800,5300200,4251500,2234000,5239700,3132400,2442800,2467800,5429000,2517100,2586000,4324800,3488600,2941000,3251200,4021700,2627600,3057600,3129700,6038400,2762000,2883500,4824100,4931500,2611000,5988200,4260200,2623200,2549100,3023500,4516600,2669100,2334100,2461300,2056100,2476400,4525100,2509700,2504500,4036700,2306600,2649200,4858800,4230000,4750000,2547300,3174100,2569900,4907300,2721800,3688600,2311300,5960200,5387500,3882700,2593800,3685100,4760300,3117300,2398600,4101200,4032900,2833700,5896700,4715000,4983100,2238600,3773700,4241700,2782900,3751800,2426600,2113700,2799600,2268200,4678100,2502400,4413000,3414900,2813200,3140000,3973000,4287100,5811900,3532900,3480400,2333200,2488800,4344100,5912300,2793500,5093400,2835900,3485200,2504500,6735100,2780500,5014000,5736600,2945100,3508700,5500000,2715400,2939100,3978400,5606300,2661700,5194300,2489700,5354000,2608000,4142500,2550200,6128900,2860800,5346400,2470800,2507500,6132700,2245600,5191100,2312300,2546300,2915500,6202100,2629200,2427900,3925500,2651800,2835300,2454300,5726700,5744100,3199100,3501500,2435400,4067500,5042200,4585200,2420900,5372900,2841400,5066000,2982700,4825200,3868300,2541700,2613900,2272800,5134400,3831500,2602000,3027100,5826600,2428700,4819700,2353200,6068200,2443400,2836200,2518400,2468300,3540500,3239000,2557300,3452700,4927700,4479000,2475600,3019000,5425300,3799500,3143000,5696800,4011800,4832600,2504700,2879700,3003900,3024200,2420900,5408800,5582200,3518900,2866600,2981500,3148700,3661900,2379400,4478000,3987100,3094700,3217200,3203600,4249600,4286000,4108400,3519400,5482600,4580100,4478500,5304800,2757200,2541400,4938800,2926400,2577300,3734100,2550500,5620900,3935500,2866300,2699700,5295900,4030800,3161500,5384200,2572300,2298100,3865300,2972000,2501700,3319300,3753900,3474000,3149400,2464600,4520300,3052200,2828800,4926200,2420900,2358200,2417800,4955700,5104700,5956600,2750000,2757300,2839900,2724700,5555000,2495500,2669800,3585700,2551100,4708200,4730200,4236800,2788400,3700200,2808400,2632500,3034300,3707800,2670100,5345100,2752300,3836800,2424900,2374900,4940800,2185900,3882200,2619600,4834900,2557100,2765400,2946500,2483100,5022100,2794500,4713000,4797100,4857800,5893700,2049600,2904300,4854200,2544600,2405800,2747700,5121400,3684200,5294500,5265000,2251800,2549900,4389500,3032800,2587100,2936900,2558800,2655400,5060200,2687900,4107600,2558200,2742000,6353700,2526000,4543600,4871300,4213100,2774800,2461700,3746400,2523200,2774900,5659500,4569900,4491700,3134000,2407900,3873000,3949600,2560700,5576200,3522500,2578400,2566000,4437200,2762300,2203000,5898200,4429900,2164900,2494800,2442900,2364600,5218000,2554500,2339900,3503400,3099000,4165100,3818700,3730600,5763200,4962900,4079900,2393100,5006700,5911700,2442600,2603500,2459800,2370100,2837000,2516300,2927800,3926700,5899700,2327600,2742200,2472800,3240700,5514400,2393000,2552100,5105500,2915200,3050000,3527100,2943800,2437300,2179300,2364200,2786200,4678800,5152300,2646100,2888500,5700600,4979400,2843000,5358000,2423900,5068600,3953500,5119200,5448500,5722500,5279600,3582400,6336900,5063700,3811400,2694800,5547800,2623200,2390300,5490800,2884800,4119800,2578200,3147600,2655500,5716500,2884800,5343700,3960200,4737900,2409900,2523900,3660800,4547200,3237200,4035300,2623300,2652800,5916800,3745300,2812000,3621100,2687600,2882300,5318700,2227200,3107500,2946300,2572400,6181200,3249500,6614800,2938000,2909200,3968000,2388600,2615100,5623400,3261700,4338200,5628500,3164000,2566500,3744200,5463200,3066100,1982900,3548200,3210100,2814400,3312300,4984900,2313600,5276600,2996200,3293500,5302000,2356000,4471200,2488800,4173800,5512300,3015800,2935600,2867600,5182300,3919400,4837300,4416000,2578100,5653600,2759200,5400200,5575700,2520600,2779600,2958100,5199200,5137800,5131200,2778400,3445800,5273300,3794100,3095500,2323100,5796200,5877500,3736700,3085100,2474300,5225100,3275900,3707700,2695500,4684100,5699700,4186800,4365800,2399700,2871900,2775400,2548400,2944600,4322000,2657200,4138100,4946500,2499300,3609700,2448900,3929200,5418000,3726600,5411700,2872000,2443500,5299100,4999400,2722000,2340400,2958400,4681200,4657900,2947100,2300300,2983000,2500400,2543800,2976000,3942100,6613000,2531200,5682400,4890400,4690000,5124700,3364600,5160200,2642900,3069200,2506500,3742700,2539300,4906600,3055400,2264000,2934700,2633200,2762200,3351200,4227900,3189300,5053900,2545900,3044000,4174300,3728400,3111300,5215200,2569100,3145400,3961200,2613500,5431100,3512000,2651300,2323400,5686400,4796600,3950200,4935000,2256400,4558000,2812800,4283600,3980500,4801700,2418400,3022500,2226800,5247100,2489000,5588600,4169000,3335800,4440200,5824000,2582300,3053000,2466100,2855800,5166000,2449800,6280000,2880800,3095800,4854700,2928300,6310600,3829800,3132400,5823900,2348700,2737400,3396100,4938800,5660600,2678700,5326000,3186800,2903500,4297100,3655000,5235000,4315600,2717000,2287600,3088800,4013600,5114500,2626200,6786800,3857300,2827100,2834300,4399000,2401500,5169500,4052200,5375300,3245400,2709100,2491400,2845300,2474800,5163400,2314400,2129300,3549700,3750400,2216000,5032100,5412700,3980300,5827800,3553700,3863000,5927700,5041300,2312100,6269200,2206600,3041300,4605600,5221100,2998200,4199600,4509000,2650900,4332300,2249800,2444300,2570200,2677800,4377000,5169100,2464900,2399100,4183700,2571200,5242800,2784900,4703500,2308400,3675300,2645300,3088800,5293200,2509500,2775100,2445100,2274200,2341300,4930600,2546900,3609400,2189700,4447900,2591400,4199100,4891100,2505400,3817200,2595000,4789000,2756600,2547900,4068200,3055000,2812600,4903000,2506200,4075700,5393200,3718800,2936100,4066600,4200500,3889200,3563200,4355200,4832600,2704100,2712800,2259400,5059000,3129500,2668100,5372100,2775100,2660200,2422400,2401500,5767200,2805300,2180600,2679000,2688500,3459200,5405700,4960800,2694800,2351700,3157900,2826600,4831400,3400400,5105800,2586400,2724100,2947600,2304600,3790200,3756200,3910800,3405400,3202600,6359200,4683800,5173300,2975900,6120900,2741200,2868800,3496000,3916600,4617400,3702200,3119700,2860300,3892300,2573900,4462400,2988300,3553300,3882800,3931800,4803500,4211000,5154500,5277300,4045500,3153900,5321000,3479400,5318500,2981900,3610600,2633200,5096200,4632200,2644400,5374300,2780300,2308300,2822700,6486200,5501400,2811500,5381500,3038700,2592900,2569800,4628900,4012500,4052600,3143400,2671300,3679300,2509400,5743000,3873900,2483300,5222200,2318000,4898700,5301700,3012600,5522900,5604700,5546300,2571700,2691500,2360300,3022400,2299500,2498100,5210900,2606800,2921300,2511400,4606400,3018800,4286000,2505600,2778100,5148600,4842800,4977200,2829200,2699800,5286700,2490400,2562800,3200700,3992400,2355900,2352200,3305000,3539200,4053500,3771200,2612200,2839000,5631000,2802600,3941700,2555700,5307600,3531800,4251000,5166500,2430900,2961700,2788000,2970200,5149300,3088000,3823000,2723100,3659600,2662700,2553400,2435400,2631300,2894100,4276000,5251100,2643500,3967000,5281900,2625400,2717600,2644100,2837200,2648300,2499000,4041300,2359000,4272000,2845400,5599700,4011500,2560200,2560200,5274000,4351300,3500800,2669200,2899600,3790300,2474700,2774900,4624300,4841700,5243100,3797800,4610900,2434700,2177800,2610800,2805400,4131500,2592000,2275900,2919500,3172900,2743700,3725000,2473400,3902100,2940200,2684500,2269400,2650400,2583000,2470400,2774400,2757400,2475200,2762800,3799600,2280100,5382500,2467000,2402900,5724900,5135800,3254900,4342800,4092300,3557100,2537600,2879100,2920200,5276200,2784500,2801000,2392100,5815300,3280800,4888800,2980700,2405000,5036700,2531000,5588900,5758800,4985300,4223700,2541200,2755800,5111500,2908000,2596400,3064600,3523900,2245500,2929900,2489500,5123700,2491800,4682200,4302600,4244900,2758200,2518800,4856300,3614100,2438100,2748000,2714500,2564300,2568200,4071500,3178700,2444500,5093900,4071200,2612100,9325800,5320500,2830000,5127300,2885900,2435700,4470800,4857600,3152900,2910600,3530100,5332500,2491300,2837100,2535100,2717700,2560500,6142000,2932300,5158900,3923800,2589000,3737600,2411500,3837300,2711100,2385800,3663800,3806200,2925200,5594200,3982500,2525500,2946800,3015700,2935500,5166600,4373000,5704100,5412000,3282000,2598800,4994800,2662500,3170700,4547400,3319400,2658200,2531300,3390000,3812900,2964400,2158700,2568600,3417400,4382700,3043700,4200200,2783200,2434500,2633500,2681800,2479600,2678800,5573300,2790700,2677100,2599300,2508600,2637600,2708300,2758200,5186800,2535700,3936300,2740000,4067800,4102200,2389600,4739800,2815100,2578400,4420900,2540900,4948300,2299900,2784900,5431900,2491400,3999100,2678900,4813000,4347000,6327000,2861400,2410300,2932400,2804100,5248600,2687700,3709500,2496800,6313100,2314900,6184900,4252400,3455200,4684700,5294100,2777000,4370200,3606000,2961400,2531300,2220500,3212900,4131800,2434400,5207300,3192700,3915300,5705800,5536800,2932500,5264600,2668600,2391900,2311100,2222600,4758900,4129600,2280300,5311800,2622700,2534000,4982900,5537600,2530400,5790300,2987300,2306500,2629200,2422900,2974700,6620700,2318200,2726700,2436900,2391700,2449800,4652300,2767500,4494000,2326900,5698800,2112000,2543400,2421300,2936900,5183600,4320300,4266700,1926500,2977700,3034000,3110900,2445600,6211900,3050300,2831100,5360200,4156100,2934700,2460500,4983000,2969900,5382100,3656100,2814900,3799700,4547100,2584900,5580100,6874900,2583400,2896800,1971400,3942100,4902900,2998000,2570600,5248100,2543400,2292700,2745600,3816700,3094500,4110600,2788800,3788900,3027600,3666700,2980200,5576900,2397100,4845000,3581400,5251400,2497500,2615700,2826500,5491100,2792500,3503600,2837300,4307000,2693000,2520700,3782800,2724400,3881500,5372900,2748600,3824900,2203200,2506500,3437400,2860400,2179300,2839500,2711700
7.5e-06,0.0050000000000000044,3950200,2750000,3599700,2672300,2737300,4557000,4948100,11773800,2758200,5228400,4987700,11987800,3696800,12637300,2592200,11324000,4897200,5490600,3298400,2811000,12453500,4734200,2585400,11817900,2622600,4407400,5447500,3537100,3090300,12747900,2450700,2643000,4871100,10987900,3480600,4720600,3502100,3657100,2564800,2564600,5125500,2618400,5489600,9405600,11457200,4132400,11797500,4276800,10169600,5591200,4945100,4024300,2540300,12363600,11320600,11316000,3006900,3882200,3736200,2499900,2620400,12810900,11017800,2613600,4368200,4481600,4895800,3745800,4412400,4296800,2957100,11420100,11216200,2942400,4690000,3063600,2933800,3819600,4743900,3567500,12290200,12365800,4505300,2456900,2426100,4911400,12628100,2468000,12245400,2573300,12660200,12848000,12141000,12741800,2499000,3213100,2595300,2422200,3635500,4738700,3656800,5851500,9542500,12381600,3656900,12761600,9653600,3503700,12588000,5443100,3630800,2616900,12271000,12651700,4273900,2591400,4579800,3638700,4003800,4150400,2474700,2335000,3369700,3116500,6268000,10293300,12121200,2716100,4869500,4265700,3535400,3344700,2602300,11166200,2531000,3883300,2604400,6008300,2613400,2573400,3975000,4724800,4820400,3500800,2673200,3748900,3769000,11085800,3550600,3505500,4780900,3293100,4993500,5260900,2481500,3736700,2448500,12123000,4867800,2503900,2414200,12531100,4077100,3932200,2634500,2532300,2472000,3032900,12801900,12764800,3964800,4992200,2577500,4088400,2542500,3483600,11190700,3751300,4687600,2993400,4397300,3222600,3471400,12776400,2864000,4801600,3345700,3565600,12626300,3414400,12110800,11045700,3077200,4328200,5098700,2607700,2542100,2641500,3952000,2781000,3611600,3687300,12297000,3169600,5152600,4138400,3772900,5072800,12123300,4414900,2685000,12691300,11504500,11416400,12097100,10817700,5167300,12228400,3647100,4771800,3318400,9508700,2617200,12166200,4966800,3575800,3602200,5483300,6134000,4714100,12284200,5413000,2469700,12229400,2497000,2482800,3390100,4898700,12381400,12258900,5055500,6044500,4708000,3051300,11295800,2983500,2594900,2644200,4594900,11861300,2631200,11528600,4731500,11833600,2790600,5618800,4513200,3670200,2634000,5294700,4867200,3645900,2604200,4733200,2737200,3782900,2566800,4286300,11841200,3524200,2604400,4445700,5068900,4800800,4889900,2922400,4093200,2703300,2561600,4469800,4756500,4738600,5796500,4570100,4393700,4309700,11664000,4311600,11171400,4722600,12350700,2861200,4902700,12308300,11041000,2584600,2462200,3675700,2658800,5148500,3447500,3507700,3546100,2444800,5688400,11810000,2694800,4741400,10793200,12683700,5182100,12512100,3200400,11744200,5281300,3949400,3399400,2780800,2735000,4376300,4131600,11884500,11849700,8239100,11537300,5371700,12624900,2941800,11642500,12741200,9699500,5404300,3414800,5016400,4711900,2753400,2444400,3856000,12755500,3800900,3188000,12442600,4785100,2804200,11134600,2837900,11605200,12304300,10998500,3526100,3538500,2868400,2720900,2665200,4728300,3862800,12608500,12786200,3608800,12438300,11945400,5212100,4371300,5018700,3314700,10163200,2680700,12815700,2582600,2853300,3798400,3703400,2428000,5569400,3795200,3171300,2473200,2570900,2807200,3678400,12550800,3067500,2560100,2757400,3937600,2576100,5428100,3030200,2475100,12460100,3299700,3428300,2722700,2564600,4472700,4538200,5982200,12250100,2552800,2488700,4083400,12536300,2691400,5319000,3397100,4341100,4707900,11179100,3704800,2710900,2430200,11422900,2592500,3297100,3577500,5319700,5344000,4576800,2433600,4445800,12281300,4095100,3947100,2665400,12211300,2547200,2452900,10960600,3615200,2489600,12109400,4925400,12745800,11864300,9327300,12518700,3786500,2755500,4253000,4879400,12387800,3249500,5029600,4658800,2770600,3449600,2544500,2956700,4950900,2759900,4755600,2515800,4955300,2761900,3959500,2534300,2510800,2455300,4789600,12698000,2441800,11237500,2525800,3477700,12707300,2701700,12530400,2476400,10206400,2624300,3479300,4544000,11250100,3327100,3505600,4330300,4254600,12099600,4161300,2519300,4567500,3574200,4948000,4278800,2990100,3341800,2645100,3616600,12163000,3309700,4639100,11426100,3950200,3467700,3674700,12193700,10620400,12457000,12514500,3549000,2428200,4533900,3636200,3942900,2504600,2644500,2685100,2441400,4821700,4229500,2824300,3500900,3930000,2866200,5236800,3636600,2880100,4756500,10538100,12737800,4456300,3444900,3571700,11709600,2920000,2672700,10852200,4906000,2709500,12327000,4802100,2487400,3531700,3540500,12419400,3105400,4063000,11050100,3608400,2589500,4089000,2645300,4865800,2497200,10549100,2435700,2800500,2783500,3416100,2479600,2502800,3434800,12092300,5121500,11739600,2668600,2660400,2731800,4893600,3906900,2473300,2483600,9872100,3505700,2630100,3220300,12657900,2512700,12055500,2451100,3480600,2501200,2870900,5378800,12286700,4670100,3787500,3277700,4787000,11620500,3643600,11003500,3826900,3580700,3366600,2489200,11880300,2805800,2550300,2508300,3818500,2433900,3440600,11486000,5354400,12716800,2539900,2537200,5099800,3376600,2660700,2586000,12534300,2762900,2660200,12635100,2915900,2481800,3274600,2639600,2596300,3611600,4873200,2960100,2508400,5592300,3498000,3756400,11206100,3640600,12165100,3707100,12626300,11738400,12075000,3989100,12092800,3101200,2605600,12623200,3706000,12502500,5799900,3063100,3632200,3354900,2736900,11708900,4243500,4446100,5394600,11359500,10356100,4931100,2627700,2506500,12377600,2685100,8747700,2445600,3818300,4275700,4398900,3684200,11809800,11045400,12275700,3429600,2658500,3551700,3893000,12521000,2859800,2485700,5178100,12039900,2484500,11218800,2478400,12459400,12457100,2546200,4137900,10901300,4044100,12576800,3795800,3798200,3502200,4810900,5207700,4594800,5764200,3860200,3088000,12102400,11142300,12436500,2584700,2845500,12626200,3221800,3085300,12591700,3612400,2445300,12232000,4855800,12668800,4844600,4780100,11379900,2471600,11997800,12203000,2431700,3434500,2914200,2956500,2773900,5470600,10463000,3809100,3594400,4991200,2931400,3444400,5470600,3689500,5346100,11251800,2482100,3564300,2444500,4773700,2517900,4217900,3889900,11572800,2432400,2805200,4174300,3340800,12437700,12669300,12511200,12271300,12035800,4512200,5021800,4093400,11550100,2776000,5174300,4773800,3473400,12283500,2969800,3621200,9892000,4714100,2737000,4352400,4817700,2972000,12550500,3653600,2483500,2587900,2533800,12834300,2423200,3858800,2911700,2436200,3789700,3304800,4323800,3863000,4661100,4818200,3791500,2487700,2465400,3901200,5375600,12801700,3920300,2522900,12098800,11720600,4548800,3662300,2579300,4994400,12552500,12655400,10805300,2753300,11044900,12727300,4818300,4948600,2461400,5407400,4670600,5014400,4917500,12389500,4042100,2830300,4539900,4970900,4788300,3576700,3582200,12714700,4535300,4930900,2483400,5752200,2471500,11626600,4858400,12417800,2480000,4555500,4770200,3367800,12619900,2640600,5067900,12448200,3880400,3958100,3915400,2832600,3230100,4538300,4350500,2739900,2412800,3670900,11990300,12570500,5474700,3767700,4640800,3110200,11907900,3478200,12064000,4757400,3776100,11020200,4649800,4502100,4609800,4545700,4301900,2993200,5079300,10810100,5084700,3587600,2921900,2620200,4680600,2613800,3183500,10728300,11428400,5867500,2816000,4519600,3356000,12441800,11043400,4695100,3351800,10869800,4635000,5441200,4929200,9869700,2713600,11839400,2618300,2891700,4620700,12074400,2599300,2616400,12797100,3154000,2533400,5009300,4231000,12738300,11054200,3618000,3449500,2767600,2623000,11833400,10713700,4157800,3475600,3447900,2455500,3422900,2457200,7042000,4617300,2435500,2741600,2842500,5030700,11344600,12777300,11558300,12813600,2433800,2627000,4139300,4450100,12196600,3420200,12212400,3387700,2750000,12352200,2561000,3463300,5935400,5080900,4699000,11751200,12638900,2487300,11752600,12328500,5093900,3481300,2739900,4934300,2483000,2748300,10670800,2682800,10910600,3104000,4728200,2792900,3523100,11389600,4895600,2781600,2501900,12626100,11765000,3798000,12656900,2852600,4971000,3554900,2898100,12200900,4304800,4275600,12805300,2544200,3344200,11436400,5327700,4518600,12188100,12690800,3060300,2592800,2658800,4055100,2696300,3334100,4018900,12094800,2891500,5412000,3781000,5634600,2667300,2573000,12174900,12739000,10809900,2833100,3671400,2771900,11021200,11426500,12322600,4686600,4652800,11870800,4001100,3324800,4948800,2673900,2518800,12444800,4941600,12589000,2596200,2718900,2647400,5334400,4188500,4501300,2483600,2557300,3559500,4929800,12836400,2502000,3596100,3874000,11243400,12083200,3364200,12610100,2434200,12567600,12389400,2480300,2487900,2700900,4975300,3393700,12351300,3609100,11351400,4985500,10896800,2578400,2719800,2686900,3380900,10705500,5553800,12345300,4268700,2620100,2891100,5775300,4747800,12090100,4577100,10069100,3376400,12465400,4900400,4956200,3644800,5146400,10571500,2503300,2448000,11326200,4915300,3726200,12274300,4088100,3805500,2767000,2433100,3993500,2737900,3750800,5356700,4987200,2492800,2581400,12359100,2545000,4925600,4166000,3494400,4618400,11975800,10983300,4500200,3144200,2687700,4471100,4025600,2995900,12561000,3690100,10324200,2556100,4903600,3001500,4815400,5066800,2424500,11972000,12168200,11634900,12576200,2793600,12039800,4453900,12575400,2480300,3548200,12603100,4616000,2570700,2728200,12151000,3234200,11921900,3584100,3723800,4573800,3984400,2656300,12678200,2980900,5266100,2667900,3580500,2499800,4808700,5470800,3077000,5422100,12524900,10526800,2684300,3718200,2428000,11792900,4690700,11997900,10660600,3989100,11381600,2474500,2653600,10228900,3907900,3286000,4594600,11490000,2693900,5204800,12141300,3305100,12511100,2886400,3096200,3330100,12336800,11355400,4798500,3204600,2745600,4599500,2939500,3516800,12596700,2552200,2415100,2971500,10567500,2906800,10651800,11521900,12440200,5348900,4169800,2990400,4714800,2913000,2669500,3375400,2752600,2812000,2422400,12786900,5685000,4214900,2900900,4696600,4139000,2738800,12687500,12492000,3387800,3607600,12218800,10946400,12485100,10307800,5062100,4720800,11525200,2843800,4827600,11624600,2812900,9753000,2583600,3962300,5243700,3728200,2453400,3580000,3506100,3977400,5088300,2606000,2567200,3884600,2759400,4270500,5644700,2453100,2737300,4778500,3965500,5747600,4595400,11798800,11308400,12491000,3480800,11038100,4963500,2791200,11974700,2434300,4815800,2427600,11627200,2821000,11940300,3158200,3210200,9736500,3775100,2747300,12247500,5576300,4508200,12791800,3425600,4306600,11624200,11145700,4866700,10525300,2584200,2507500,2500000,12588300,2914200,2415800,3311600,2612400,4704400,3856400,3782700,4254000,2548400,2537300,4604700,4997300,5243800,2528200,2436000,3042300,5861300,11233200,2603200,3233900,10676800,4943800,11993500,11080300,2508500,12432200,10989600,3810300,3808400,4819600,12006000,12274200,3503000,2717100,2742200,2534000,2600200,5300200,4620600,10927900,3546200,4133100,5216800,2761400,5455600,3203400,2816600,4928800,2958700,11381800,3304800,5151200,4656700,11869400,12795600,2448700,12382700,3771300,12443100,3031300,2646200,11769500,3536000,4135000,12204200,4582900,3131100,3241900,11826300,12394300,3700900,2480000,3248300,11564000,10740000,3535900,5229000,10776100,2810400,4332500,12662300,4495400,11775700,12756000,2789000,3963700,5112500,2786400,4644000,5162800,4101400,4231600,3553900,3346900,12738100,3089500,12329300,2598400,3600900,5041700,3627300,4472800,2449300,3263200,2760300,5592400,4017000,4872000,2642200,3551200,3583500,4828200,2711500,11647800,2727900,4533700,3655400,2749400,4246700,5164400,3297400,2445700,2496600,5147500,5058200,11936000,3479700,2544600,11311100,12766100,2692600,2438400,4153500,10195200,3321200,3595900,2676800,11848800,3285500,3308900,3089500,2769100,2749700,12802100,11919400,3870000,3911600,11889100,4898000,5357000,3515100,3402000,3961600,2432400,5104900,3647800,3260500,4166900,4828300,2583100,2869600,4953600,2424100,3876400,12353300,11689200,4681900,5049400,11985400,3363100,12247600,3488700,11010400,2641500,12083800,4220000,3631600,11580800,3539400,3613600,2810200,4581900,3644400,3749000,4534800,3874400,12305100,12752700,2699300,5189000,3276000,10600800,4439000,10888400,5830500,12310300,4464600,3752800,3661100,3379900,11734200,2646700,2515600,11025900,11621500,12819200,2542700,2805500,4615700,3289700,12354300,2630000,4640300,3979400,3537200,3981700,4948900,3177900,2635200,3240900,12014400,3491900,3419000,3518400,5155900,5073000,4205800,3108400,4622100,4766500,2447900,3443800,12476300,3963900,4849100,3601200,3580100,4394000,12592900,3832200,2637300,2983100,2715600,3781900,2575000,4918800,4391300,3874100,3610200,2760800,2977000,4215600,2528200,3848200,3885200,3010400,2500700,2726800,12496400,3627400,11009800,2557700,5651900,11141500,4957700,2759900,2419400,2514400,3795200,2657600,4597500,2597900,2807200,4072800,5273400,12522200,12469300,9983700,3753000,12614000,3321000,2905900,4151900,2446200,2494200,12851100,3666300,11850800,4110800,5002400,2437500,5336800,5868300,3842600,2532100,4916400,4932200,2536400,12345700,5574900,2816600,5361100,2578900,12488700,11812500,11695700,11413400,2681400,3936800,2422700,3697900,2501700,2461800,3440300,4291100,3112500,12636000,5003300,4565300,10980400,3708100,2520800,3990000,2448700,4413300,3953100,2437200,4880700,12057300,2504100,4396900,11882800,11583700,12257500,12511300,5194800,2579500,11931900,2431200,11957600,3362600,2704500,5162600,5588600,3791100,2550900,4434800,2517900,10744600,3727200,12676000,5256600,11813700,4891000,12795800,4129300,5090200,2638600,4794800,2542900,4356400,2463800,12781400,3188500,4549400,2542100,3173200,4667300,3696100,3588200,2799500,3958200,12024100,2718900,2964400,3319000,3951400,2540500,2437900,12605000,4234000,12401900,3743500,12293900,5148300,4533200,12128000,5459700,3866300,5569600,2418700,2945500,3379900,10895600,4712500,2642400,11933900,3666600,3996900,5203600,2712500,11291400,5109500,2665500,4872100,12361000,3918100,3257400,3767400,2427900,2917600,2676700,4802300,3765000,12286300,4642100,11566000,11432000,12353000,3715500,2124900,4815200,2741200,4757400,3604200,3593800,2489200,4631300,5186800,2871300,4934500,5383100,2573200,4573800,4794000,12796800,2473100,11451300,4578000,2512500,4863200,3252800,4221700,11840600,2428600,3588000,4144400,3510300,5291800,3719500,3201800,2823300,2682100,12734300,3855300,10054100,2557500,12671600,12193300,3422000,11394100,12408000,2448200,2901800,11563300,4313500,3302200,5640100,3136100,2431300,12442800,11509900,11443000,2980900,3475700,4788000,3865800,12438000,2483900,3490600,3168800,2664400,5252000,4183800,11745400,2531100,2483200,2464600,12352500,4408600,2647800,4616800,4921700,2684500,2710600,3376500,5100200,12162500,4129000,3722400,5339300,4915800,3457300,2520200,3921800,2669900,12092000,2750300,2559200,3695600,3536300,12575400,3554800,2452000,11788800,3577400,2678900,10402500,2513100,3517700,12502800,12372100,4712200,5142200,2471100,2875400,12755100,4837400,4506800,4882100,12822000,3490700,11681900,2726600,2455200,12639600,11757800,12497400,12200000,5685300,3278500,3642700,3194700,4208500,11489500,3063800,11124000,2629100,4437200,2573200,12739400,2743200,12346800,12482500,2556300,4880000,3338600,5074400,3849900,4615500,10839300,10959000,3315400,3361500,2696800,5199700,3442900,3713000,2484900,11706700,4841900,2631200,3120900,5306800,2851800,12239700,2540000,12765500,11285200,3382400,11762500,5400200,3580300,11331000,3309000,3367000,5001500,2860900,2562600,3356900,4712000,4605500,2613500,4498000,2937100,2542100,11113400,12554400,5385200,11729300,3286400,4655500,12232900,4452700,4263900,12210100,3559300,4734200,12082900,4291900,3845100,5105900,5374100,2428200,3254500,11600100,12578800,12104200,4256700,2844800,3110300,5411000,2610700,12497700,4278300,2620800,11679100,3042400,3644100,5070400,4909100,3829700,12405700,12782800,12383900,4185600,4731700,3621100,4175100,2478500,12552900,3598600,4698400,2953300,10942100,2769000,2763300,2955800,4873700,12686400,3363600,12166900,3188600,2532100,2606100,2679600,2474500,4689100,2511200,4266800,4563600,11549200,2490400,3220900,3507300,2481700,4249100,5056200,11859100,12211800,4040300,2470600,10473300,3404400,4547400,11399900,11669000,4228900,2754900,2593000,11303300,2547300,3798600,2522700,3526400,12755800,12857500,2852900,5181600,3363400,2597300,4923900,2638300,3313600,4031500,5255600,5225900,3969600,2515100,12624500,2652600,3612700,4441100,3425000,3749600,2443800,12199100,12647400,3032000,12039800,3842400,2567800,4355000,4234200,2652400,2615600,2730000,2442000,5218500,3040000,2748400,11307200,4217300,2960500,2880700,4723700,5435300,2668800,2678800,3288100,2412800,11593900,4457900,10900700,3294500,2572400,11858500,4805700,2865000,11828500,5592300,2474800,4537600,2659600,3629400,12371300,2697900,4018400,12585500,11790400,12685300,3573700,3636600,4014500,2444800,11438200,11280200,2755800,2668300,4809700,12288300,5106700,12497300,12831500,4298100,3179800,4017400,4535000,3887700,12498700,3099100,2820300,11841000,12659400,12176900,3999300,2461500,2497900,11108200,2542100,4526300,10861700,4708100,12822200,4849100,11244200,2705700,11639200,12372600,11866900,12082600,2881000,4706900,11904800,2425000,3614500,2924600,4799300,2919300,11687100,3438400,4892400,4519100,5203700,11269700,2564100,4525600,11647900,3599200,3976600,3574900,2819000,11789600,3759500,3132800,4241300,2475800,2766100,4631400,2513700,4630700,3778100,3203400,11778700,3974000,10964300,2655100,11410600,11233500,2579400,2484400,3924500,4332200,3341900,2630800,2789000,5024300,11019500,11239100,3967100,11248600,3471100,3517700,11929200,2592300,2764900,3399700,11572200,4543600,3431600,10977900,3367300,2944900,4535000,4145600,3614200,3592000,2929100,3943800,5421100,4444100,2573000,3146400,2484500,3589900,2524000,11738800,2572000,2442500,4451700,2646900,2758000,11762400,3239100,4742200,11993200,2870500,2762700,2475600,4180700,12641800,2745100,11169600,11904200,3331800,12184900,5065700,11422100,11264700,4255800,4573900,2554200,2436600,2466200,4243700,3511900,3666900,3397300,2691300,3969800,2491900,4955000,2622700,5174400,3542600,2593600,12735400,11840300,12378700,12322300,5447200,2541300,4022300,4710000,11525500,3932900,2759100,2523400,3283800,9534500,11577300,2578300,5370300,12515400,3279900,4389500,12479700,11915100,3514700,2457600,12006800,2678100,2843500,2715300,3622000,3078200,5938800,3006800,4226900,2901900,2771600,2835900,11151300,3584300,11015900,5653700,3269000,2842200,2481000,3849600,11570200,11894600,3686700,3494900,4993800,4853200,4184700,3815000,2838300,4338000,2544100,12064700,3622500,2449300,11249600,4683700,2719500,12734000,2655600,2470300,2634900,12711000,2505500,11917400,3331700,2446700,4408200,4043000,2445500,12032000,5421500,2430200,2439900,11005500,2525100,2422700,2793100,3826600,10487000,3228300,11952100,4943300,12684100,2539400,5126900,2931700,2557800,3076900,3705300,4452000,3255400,5107400,2551500,2559600,5065000,3735800,3566100,4602000,3147300,2652700,4542600,2434800,9863600,4159300,2753500,4515100,4881100,2563100,2702400,12651400,11657300,10393700,3936000,5242300,3014800,2657900,2986700,4990400,4922300,3156800,2636800,2731000,3243700,4368400,2839000,2423000,3904400,2488300,11951600,2989000,4176600,2595800,2430600,3807200,4343900,2720500,11643500,3401600,3290900,11222200,6164500,12200000,12372600,3802800,2506300,4502000,3390600,12575400,3099400,4041200,3202600,3357300,2537500,3926500,4674200,12115300,2483100,4320800,11227300,11818100,4379500,2650300,4768800,4401900,2459400,5472000,12453100,3856800,4955300,2447300,11980700,3638800,4230100,2600700,4767900,4136000,2808900,5555000,4002000,2779100,12630500,3522000,4851200,4966000,3920500,11494800,2607500,3737600,3697200,2433800,3414300,12564600,2472100,11921700,4873700,3586100,2575900,4080000,3219500,11215500,3547400,11978400,5102800,5082200,12501400,2663800,3573100,3895500,2896100,2539800,2589700,2459400,3250300,12576000,2545200,2611700,4026300,2637300,3565800,4574200,3288600,3485500,10677800,2871500,10487100,4646900,2433000,3314000,2481300,9682400,4284600,4510100,12497200,3667900,12295800,3895400,3797600,4529300,3513600,2569500,12550600,2537800,3780200,12762900,2499000,2418000,2513200,4435800,4763800,3888300,11816800,3719000,4355500,11756300,2850400,5130700,12634900,4625200,3537000,12285800,12492300,3558200,3302400,2767600,5447000,3784300,10837800,3542900,5201000,5142500,4584700,11825300,3277200,12059900,6305300,11828500,9781500,3710000,3726100,12150600,11525600,12237400,4698600,2426500,5014800,11765900,4561800,5001000,11364800,5276700,4037100,9528400,2766700,3285400,3442200,5380500,2898100,4296300,2793300,2455900,2749200,10847900,3706000,2548800,2604500,5931600,2425700,5402800,2479100,12431700,4607900,3924800,12762700,12345400,2517300,12146900,4934500,3320900,2716500,2169100,2741200,2591500,3526400,3209900,2921800,3042400,11290400,12388600,3987300,5416800,5765000,12512100,3620700,4566500,5481100,2938900,3555300,2557800,12665300,11177300,2643200,2495200,3513800,12161000,2968000,2426100,2953900,4305800,11308100,4509100,4899800,2704700,11414300,2806700,4638200,12106300,3965400,2441300,11398000,2673300,5257300,12472200,11261200,4423400,2453000,11661600,4413500,2454000,11897200,9346700,4521100,5057000,3478200,12207000,5078400,12778400,4178200,2587100,12625000,3249200,12333900,4265600,5328400,3620700,2667900,2681400,5340300,5122200,3502500,4418700,4286800,3665100,3922600,12572200,11388800,12421400,11705100,3812500,4679000,4394500,5141600,12040600,12637100,2513100,2488900,2467200,2896500,12529200,11232500,2462400,2582300,2718200,3844600,4574800,5381800,3169300,3204500,3455500,2746300,2580400,12343000,2704000,4325500,5638500,2544000,2725900,5257600,3321000,11054700,4988200,2736400,4582500,3782800,2415800,4940200,5673600,3606900,12315400,3036200,12042900,5118200,2505900,3202700,11455000,12278100,12651300,2478400,4670900,4941600,4518400,10669900,11375700,5319000,5081000,2671500,3364500,2726200,2689300,3372400,3863400,3939300,3216900,3807900,12372500,4131300,5064400,11621800,2434900,2573200,11665100,2828400,12064700,3867000,8665900,4468400,5164400,4816500,2540200,2830400,12734600,10719700,11293100,11752700,11927000,2775600,11863200,11899200,3240400,5779600,3020500,3289700,3051700,4645200,5324300,12628400,2560400,2976200,2655500,11685700,2818500,4169600,4280300,4141400,2802200,4767100,3534700,2961300,10771200,2664800,11964400,3783900,12264700,5680600,2565600,12651700,10896700,2846300,2649400,12656700,3892000,4859000,2530300,3550100,11989100,4178800,5507000,6091900,11754700,3192000,3794400,10524200,3625700,3814500,5052200,2678600,11842800,5336100,3211100,4292100,4733100,3861700,4573200,4507800,12435900,12373300,12419600,2512100,2496500,11860000,2667700,4957100,4804800,2684800,5222600,3919600,3477600,2668800,12641600,9247200,5470400,3277100,4685500,12560300,2698300,4724700,3543500,3688800,3718100,3166800,3206700,11668100,3347200,4546500,3279200,12740600,2667500,3329100,12001300,12640600,3617900,2463200,3516800,2642400,2449800,4750800,6023900,5144500,2550800,2632100,4838000,11879100,12519500,3539800,3734000,2513400,3933400,4753000,3935000,2530400,12419900,3662600,2671600,4711400,4083200,2627200,2466200,2685900,12156900,2636600,3550500,3567600,3370200,12605800,2526900,2775600,4848300,11925600,12551900,2445300,2438500,2564700,3502300,3618500,2651500,3445200,3305500,12017700,12464000,3921400,5303700,5029000,3585800,4907000,2596700,2735400,5861300,2502600,2864500,12777700,12336500,3836200,4830800,11365600,2529900,3282800,3601100,4244900,3206000,2898300,3588900,4825900,4354300,3996500,12558600,4229900,3228200,4479000,10643800,3508700,12243600,4771500,4379700,12291500,10998400,2425000,2421400,12717300,3331300,12700000,2432100,11317000,10630000,3517300,4839400,12636900,3957100,4760900,4503900,2997600,2523000,4439100,2436600,3701700,5106900,4795000,4980900,2894700,12334200,11503400,4046300,4068000,11319700,2441100,2590500,2727800,12565100,11182500,4855800,3580200,4692600,2424700,2491600,2502700,3261600,2430200,4498700,4578000,11987800,3794800,2718500,4298500,3476900,12173800,4734800,2505500,11575000,2966000,2752100,3155400,10949300,12518700,12321300,3450000,12369600,3849000,11928200,3483500,2549400,4932200,12284900,4161000,2418000,3542200,3683400,4972200,2666400,4834800,2995600,3304500,4311900,11954300,11116700,12504700,10260300,2393800,12327100,2515800,3685400,11614000,2416000,5100400,2788400,5489100,2639200,2445200,3352000,2707000,2433500,2533200,12386000,3549700,4432200,4604200,4806900,5028200,2633300,3734600,3772800,3657800,2592900,4240700,2695300,12197800,4351600,12354700,2467300,4360400,2489200,4355000,4886000,4237900,12648500,12841700,11361000,11840600,3245600,3756400,12682700,3444800,12345600,4016300,4418600,12314400,12595900,2827100,3216600,2475400,4138300,12176000,2621800,2670700,2798400,2906300,2639000,5591200,11400400,3817200,3279400,4789900,11631400,11403800,9196100,12500800,5455100,12262300,2422000,4807700,4514200,2587900,2709200,11713000,2885200,2747200,12763200,3845200,3137800,12299500,4170500,3547800,3768200,3610700,2510800,10485300,2866200,3541100,10889800,4830800,3372900,12658100,3917600,2445300,12592500,2435400,4939000,4727300,4341700,12261600,4548000,5133600,5451300,2483600,11979000,2473700,4655200,5375700,4163300,3116100,5023300,12703500,5076200,12076200,4379100,12460200,4478800,5382900,4619000,2523200,12583200,12230600,2496800,5202100,2609900,12654400,3212600,4681700,12203900,4978200,2561700,2801000,2658200,4351800,11236100,2612600,3196100,3181100,3493200,11245000,3793400,5123400,2871700,2586700,3589100,12384300,2763300,12794000,4491400,4837200,4127200,11982400,12654600,2922900,2732000,4332700,3753800,3400700,3559100,5168400,2532700,2566500,11554800,2909200,3944100,12155200,11519300,11896300,2635200,12481100,12770100,9661000,4486900,11835500,12808000,4294800,3645500,2625400,2700300,4813900,2585200,2821200,5217500,2424400,3727600,4028000,11020600,12503600,2680000,2975000,2478000,12385900,10924300,2460800,11802400,4484800,3231200,2443100,3238500,5190000,2614000,3278000,5765900,3015800,2506600,2450800,2424600,12406500,2867400,2555900,2653700,5126900,2582700,3134500,2563600,2417400,2764000,4133400,3118100,4121400,2496900,3623500,3365900,3699500,11311300,3307300,3235300,3586200,2474200,3738200,12233800,4913800,3261400,4737900,10703600,2749800,4102700,2805000,5141500,2843000,11247900,5019400,4207800,2458600,4152400,2450000,5124800,3260300,3325700,11351300,3285200,5102200,3315400,3851800,2525300,3768100,9315300,4266100,12851000,3159700,2474000,2703100,4990800,12570800,2571200,11918400,2877700,4707300,12618800,4589500,3024300,12364300,2875100,4595400,5342300,5501200,3709000,3461300,4886700,4077200,3447800,4956600,3857400,5392000,2694800,4625700,9470300,4866700,11585700,4075600,4969900,4804900,2419500,2559000,11114700,2661700,2564200,4555800,10949600,3440600,4924500,10901700,4836600,5376700,3358400,11505800,4118700,12541600,5206200,11824700,3847400,4617000,2762600,2411900,3067100,3737200,3377700,3890000,3526300,3244000,2674600,2950400,2629100,3961600,5234500,4946800,2426600,12496200,12764300,3298900,4705300,4383700,11686500,3892900,2612900,3319200,11238900,4437700,2467800,4487400,3660200,3253500,3802300,3289000,11869000,12502900,3553300,11751800,4911100,4157500,4061400,5312600,11678300,12148800,11203200,9757200,11985400,11875500,4270600,5197100,2849000,4866400,12706600,11524500,2579600,4645200,2573200,3983900,2496200,2416000,2499000,5473800,4449000,11305100,2566200,2691900,3545000,11974000,2475400,5036800,2525400,3370700,3991800,4405400,2487400,4209000,2516900,5509200,2544200,12426000,11651000,12432100,2433600,3617000,10675500,4709400,4130600,11107700,11967300,3271100,3541600,5040700,2472900,2444600,3579000,4492000,11667200,5452200,6134300,2510500,10553300,5805100,3818900,12403600,4897700,5119500,2496500,2491400,3587600,3617700,3688300,4792900,3452200,3768900,12375400,12344700,2422500,11743900,2534200,10238700,11094800,2469600,10484600,12435900,4795700,4272600,10616300,4290000,2485000,12451300,12036600,2931400,4669500,4713700,4290100,12518500,4559200,4435200,4890600,2440800,2998000,4812000,3463400,2529200,2942200,12499900,2520500,12746600,12259500,4951900,3222400,4900900,2418600,11643900,2865700,9686000,5224700,3358800,4219400,2427100,11439600,2670100,3643900,3310500,3377100,2704100,12712500,3764800,12100700,4783600,4774900,11267500,10585100,3513200,2593600,11898400,3441100,11556700,4484000,2420500,2675300,11605200,11273500,2484800,3337600,2479300,12058400,2473300,12553200,3611400,2607500,3126600,3035800,11577000,2473400,12046100,5667200,4080600,3485000,2680400,2913500,4433300,5304800,12536000,5116600,12499100,11808900,3218400,3259100,3926000,3297600,11470300,11512800,5158900,3767300,4009600,5935200,5559100,12218400,5123600,2954100,3670300,2963800,3375400,12695600,2524100,2419800,2635800,5108900,4303900,2624700,12677000,5400400,4223900,3625700,12736200,4489900,2509800,3648900,2719300,2721500,3284000,2092500,2419400,12389200,12412500,3143700,4266100,2429200,11050800,11982000,4568100,4051100,2457400,12560900,3663900,3188200,4577300,4245600,2696300,4671900,3814700,4747900,2490200,3631000,3390500,12067400,11962200,3502800,4656800,12730900,11490300,4287400,2982700,3784800,10880400,3131300,2495800,2464900,11916700,3868600,2593100,4727500,2423700,2749300,3429600,2441400,5325400,3093500,2538200,4522600,2594900,12482500,4916100,12790100,2615400,4131700,3297900,2425800,3221900,2431500,12655600,4272800,2424700,2654800,12138900,2896100,3647600,10474300,12809600,3633300,2950500,10930800,5181000,11585900,12744600,2742100,4525700,2981200,12236000,12656000,4990000,11277800,12597200,11950000,3626000,11596100,11208200,12593800,11675900,2576300,3608000,4771300,12381300,4149200,2719000,3952700,4128100,12278900,11401400,10694800,2678700,12786800,2634100,5053400,2598000,2473400,12088700,11278500,11913600,2803000,3658500,12743500,4118700,4993500,2715500,5427400,12345800,4974800,2913000,3197600,2703600,3602400,2771700,2900700,2655200,12394200,12297700,4093700,5157700,3528100,4888500,2604600,3595600,11249000,11329600,2881300,5383400,3787900,3556400,11252700,3870600,4602300,12105000,3518200,3545300,12282700,12819000,3389700,11594200,3596100,3919800,4325200,5067400,2606300,3107800,11132800,4869200,2481800,2610700,3743800,4632600,5060800,2700500,2552800,3423300,5695900,12214600,12266600,2508200,4438600,12325100,11891900,3653600,2554700,2582600,2452700,11590600,3842800,3954200,12236500,3730400,2419300,2628000,3400400,2651200,11519300,2666200,3343800,4283700,2462800,4771600,4787800,4934500,2682900,2467500,11990500,3285100,4189800,12030700,3373300,2670300,4640300,3283500,4963700,2412300,10133400,2446400,4865000,3587500,12109500,4993500,5042200,11713800,4061900,2461200,12661000,3019900,2446800,3591900,3604100,4797100,5012400,5073600,2694300,3402500,3008400,3586000,4414100,2703000,3485200,5184600,3345100,2851900,2744800,2545300,3566600,11581100,3124000,3433800,10000100,12144700,4649300,2793500,2437800,12433800,3565200,4760700,12402700,11795200,2877600,2589300,2759300,10320000,4481200,4465800,3998900,3957000,10827000,5404500,2792800,3711100,2436600,12208100,4434400,11863600,2435900,2552500,2826500,12525500,3626900,5572000,12098900,2651000,2520300,4901600,12092400,12826100,2668100,2567100,2536400,3323800,4358200,11854100,3308000,11414800,4059400,2762600,2576900,4814900,4333200,3080800,12372800,4996800,9283000,2485600,2610400,3208300,12672200,4282000,3380600,9971700,2913800,12654800,2481900,11625800,12707500,4189100,12540100,12765600,3466000,2604600,3800800,10761900,2460500,12809900,3604700,5354800,10853800,3311100,12352000,4902400,3301400,4645200,2465400,2710300,11476100,4552400,3643500,3671700,3240300,4231600,3344300,3036600,2503300,3161700,11418600,5234200,3560000,2551200,4481300,12200400,3469300,3852000,4755800,5065100,3834300,4353100,11691300,11146600,3477400,2536000,3810500,4144500,2656100,12497700,4086200,12327100,2818000,5065800,2986000,2848300,12407100,2453500,4835800,11129500,2567200,4269000,4032600,3824000,11492300,2582600,4043500,3633200,3758900,2699600,2651400,12063100,2491100,4527400,4740300,5433600,2616100,2599500,3010700,2576100,2627500,3674200,3862500,3846300,3199200,12615400,12334900,11755900,4331100,2439900,3550800,3864100,2824300,5180700,5005100,5447300,11428000,5843800,2516500,4217100,3920200,2672300,4326400,2445700,3969300,4942100,4893800,9718700,3981000,2560800,2771800,12655900,2587100,11170000,4926100,11092600,3977300,11365700,3848800,2450200,11739700,2441400,12354500,4405200,4646500,4954900,5616000,4015200,4409200,4092200,2460400,12316400,3306900,12481700,5089500,12347600,4586500,2917000,3873300,12334300,12662500,5168500,4641200,3346400,12116600,3019600,5329300,12815200,2610500,3527600,3523600,5509500,5081200,4424800,3593800,11381900,12350800,3018600,2528800,2687300,4717300,4638100,12070500,11457500,3012600,4841500,12792800,3398400,3556500,2790400,12807400,2917000,3668700,5101700,2461800,3737500,3887100,3986800,10283000,2746900,2723600,10910800,2565400,4391500,4439700,2484100,3241200,3572300,4183100,3831600,4761800,4291300,5408600,3860600,3524200,4793200,5038800,5074100,2639900,11392600,5228800,4118900,3346200,2657200,5476500,3615000,12357300,3670000,12695900,4767000,3105500,2761900,4475200,12172300,3258800,11017300,2514500,2658700,3269400,12556000,2557000,3754800,2500600,12596400,12336300,3748500,2433400,12565500,10738000,2668300,12369300,2600300,3303500,9978300,3076100,3714100,5264500,2428900,4381000,2697100,2659400,2697700,2670700,4174700,12410000,4695000,10430200,12877300,2521100,11753500,12556600,3595200,2470200,4608800,12284000,5044600,11977400,2797000,4420700,4671800,5421000,12757700,3180900,2673100,4748000,2535500,2441600,3490500,2511400,3810000,5771200,4217500,3496400,4090500,12559800,5264200,3505300,2739700,11932100,5473600,11544600,3737900,3330200,4615800,2446900,12782500,3067900,3852100,3072900,2928800,2414900,12280600,4875800,11246100,2582800,5201200,5357400,4249000,12484400,3547600,3135400,11913900,2702700,2432800,10959400,2951300,11371400,4554800,9568000,12555600,2811400,2609200,3630000,11844600,2581400,3398800,2699600,2975500,12751400,11267200,11304600,2763900,9603400,12091800,2887700,3480900,12468200,3966300,4963400,5564500,2713800,3923200,2609400,3930400,3617100,2542800,5470400,12245100,3238000,12453100,3236800,12211700,9392000,12670400,2600800,4372000,3599600,4675900,11047700,2462400,2467900,4182200,2600900,12421500,4162300,12387400,2930400,2900500,3624500,3231500,3496900,5301700,5910700,4288600,3768000,3516300,3970400,4546100,10892900,3836800,10734000,2425400,3812200,3518500,10644900,11250600,4155000,4941800,4386200,3516800,10526100,12701500,3378100,2803600,3228200,2499300,11707400,2547000,12521300,4960600,2456200,3155400,4695400,3069500,12565200,3864600,12804500,4025900,11572200,4709000,2558000,12074700,2446800,3061200,11107000,2569400,3168800,4115700,2440900,2417000,4916400,4275900,3735900,3762700,11985400,5198200,12000100,3486500,2579000,2534700,11095000,10537000,12452200,2871500,10463400,2612200,5252000,10067700,5523700,2445900,2527200,3272200,12701500,4002100,2462900,2649100,3813000,12804000,2675900,11633600,2965200,2858400,11039500,12866000,10705400,4336400,5224500,4970000,12705200,4752600,12145300,12414000,11795200,11055400,3586900,2721200,3807300,3950200,3699000,2553200,2717000,4751500,2559400,3971000,12809300,2602500,5067000,12168300,2644100,3709400,12025500,4999900,4001400,4953600,2767400,5346900,2602300,3558100,11370400,4678500,12259800,3869600,5779500,3712000,5368500,5161000,5025400,4657900,4123600,11933300,12864500,10748500,11046100,2582300,12571700,2442700,3792800,5065800,3809400,2601500,4531500,3344100,12123400,3655400,12474300,4400200,3263100,3571000,12198100,2966500,2500900,3827200,2442000,12036100,12752500,12428500,3430800,2467500,4671700,5602700,2572900,2505200,2789300,4026900,4414300,12341100,4783400,11897800,11956800,12654300,2591800,12218000,12421900,5415600,12142200,4988900,2716900,5171800,11986000,4904900,2441700,3385600,4812400,2834500,12377700,4233900,3863100,3519800,3507500,4587100,3970400,3394500,12563300,3308200,2478800,2776900,2591200,4354600,2669400,3160700,5468900,5331500,3962600,12154800,4941600,5164000,2539200,3834200,4182800,2486200,3901000,4662900,4708400,2412900,2438100,11912700,4823300,2442200,4109300,11461000,2670800,12451300,3357200,12206800,4749900,3950800,5528500,11992400,2557700,2995900,4396400,4448500,3313100,11709500,3636200,2518600,10790400,4985600,12439000,2656800,3747300,2724700,2608200,3626200,2650400,2486800,3371400,4565600,9871400,2567400,4417500,12716200,4963300,5673700,3811500,4977100,5071900,4129900,5201900,2582800,11761300,12138500,10879700,2636700,3772800,12671000,2592100,2568800,2493500,12739500,4947500,2504300,3697900,5356000,2449000,12505600,11567800,3047600,3983100,4733500,3327000,2830300,2604300,2565100,2492800,2513100,5122300,2795100,12538200,3604700,2438200,4069500,2610400,2904100,4813300,2890200,12096600,2549400,2509500,11564900,3939100,2627700,12378900,10382000,2434800,5903900,3288500,11802500,3326900,5912300,2567600,2515600,11254900,4840000,3471100,2509400,2441500,4621600,3297100,2467400,12473700,3655100,12645600,12690100,12743100,4675200,12203200,3498400,2552800,4574400,4248100,4611600,2668300,3317500,11135200,4173700,2942300,4764500,4367900,3556000,4536300,2422400,10942100,2677100,11083400,4999800,2793300,11128300,3193000,4456800,11866600,2501100,5003400,4342100,4733700,4403600,3406500,5020700,11694300,3999500,11395600,4028400,12198100,3287400,11937500,11585300,11899400,2633400,3407400,2565400,3816200,2774000,2505800,4679800,4419300,4673900,3332200,12293100,12522200,11319200,3659000,3308500,3969100,2596000,2836700,3607000,10888900,3729300,2585000,2421800,2467300,2530400,4267400,11692600,11719100,3352500,3176400,3394600,11558200,3071900,4155200,5017500,12503800,2435300,3484700,12820600,11608600,3262700,2428300,3142000,3856100,3521700,3615700,4663000,4719700,12354700,5896000,3004700,3295100,11251200,5268500,2519200,11830800,4993000,3836600,4944100,4071400,5038300,4762100,2529700,3576900,2600900,3441400,11820200,12101200,12468200,2736200,2836400,3941200,12736400,3895300,3295800,11691200,3927000,4274600,11361700,3030900,2662000,2425000,2489400,2692600,2463600,4442300,3432300,2593300,3662800,12407600,12804400,2672500,2556900,3771000,11301800,2580600,4623900,4779700,2793700,12470500,2367700,4138300,11848800,4787700,12548000,3875100,11514300,5843300,4403000,11990500,4437400,11593500,3503600,11239300,12260700,10757300,5296000,2686300,3624000,4287700,3923000,10744200,3902800,3796000,3772700,9395700,11282600,2594400,12226800,12732600,2442100,2442900,2440500,4576900,2575200,5311700,5688500,3667400,2802100,4297000,3364000,5344500,2447100,3853700,2501900,10723400,2645300,2670400,3941300,3643600,12753700,2473000,5249200,3376600,2564700,4875100,3937700,2507900,2581900,2696100,4818300,2471500,11640800,12264200,4973800,5023500,12317000,10266100,3118800,3382200,3700200,4378100,3637000,4289200,3348600,2927100,3766700,3490700,12284400,11872100,12613000,3626100,4768800,2577800,2631900,3326400,3077100,10615300,5442500,2437300,3885200,3225700,12334200,2539600,4756700,3954900,4023300,12856900,4954100,4966800,2439900,4643200,4268300,10370300,12021700,12442600,11381400,2665800,2496000,2968600,11611800,3321700,11039900,2679400,4105700,2460800,2449400,4794000,5149600,12660400,5289200,2662900,2790800,12774500,3995200,3579000,2645100,11703100,2523700,4704000,12661800,12077300,4661400,4957600,4837500,11189600,4901300,3607200,4953500,5094300,3534700,3615700,12110700,4605000,2499200,2599200,3834600,3507600,2451800,4916400,4616500,12632300,11925000,4266100,4714300,2899900,11606500,4946200,3742300,3286600,2661900,3001100,12286500,11266600,12417100,2908500,3404800,3594600,10863300,12391100,3643500,12149600,5050600,5010800,2717700,3566500,4750900,12611900,3651800,4898200,2536700,4137400,11302000,5025700,2675600,2585800,12539300,12175500,12474000,11875400,3061500,2450700,2441400,3172400,4387100,11991200,12789600,2668600,3846300,12130300,2506300,4579300,4262600,2832400,11220500,2761700,3528100,12478900,10082900,2482800,4310000,2581000,4718800,5034000,2586900,4623800,3900700,3063100,4761600,3630500,12532300,11583400,2514000,4523800,2413900,2625400,4482400,3289100,4632100,5499500,4561600,5122400,3591000,3639100,4843200,12288700,3783100,5567100,3202200,3101000,12654000,2793800,2469800,4433400,4748000,2682300,2512500,3335200,2809200,11288200,3558300,11564400,4384600,2418900,4258600,3946400,12502100,3944900,3693400,5376500,3316200,2433700,4297900,4781500,10068200,5193700,3845700,12344800,3594800,4301100,2742500,11725100,4545300,5129600,12284600,3705600,2905400,5625800,2868300,2947500,4450300,11885600,2450300,11413800,2706600,2476900,4352100,3505600,4665800,10737300,2847100,2736500,2620900,3751500,4440000,2652900,3309100,2536300,11775800,3844700,3726400,5226400,4219400,4755200,4891500,2977700,4895100,4961200,2457900,5322300,3559300,5161500,3530900,4581100,4723700,12342800,4937800,4420300,4835200,3382500,4016900,2428500,4615600,9880300,3788800,4790600,3125400,2937000,2530900,11485000,9908900,5373000,3263400,12120100,2727000,3482200,4536500,2628700,12049700,4638400,2739500,11073800,12435600,3696700,11755100,2442900,12794100,4050400,3600300,4738000,3921700,2485900,2737600,9956900,3737600,2512500,12076600,5133800,4326100,2643400,12507800,2615100,10658400,2655500,12653100,5473800,2869300,2421900,3973200,2512200,2459900,3259500,2544300,12179500,5413100,12856100,12573700,2752400,3299300,12807900,12626900,3751500,5041300,12436800,4501800,2817700,12184200,2460200,4901900,11738900,5081200,5561700,5582700,2498200,3585900,4953300,5793500,2493300,2914000,4851700,4047600,2901500,2416500,10988700,2674400,2514600,5314400,12400900,3954800,3467500,2450900,12287600,3725700,4330000,4809600,4118300,3928700,3504900,2739700,12510900,12270000,4166800,3431000,11724200,2484000,3663800,2694800,12274100,4946700,5598100,2489100,4720600,2898400,2442900,2596900,4039300,2727100,2615600,3478200,3519100,2576300,12262400,4635100,12516400,3473900,11982900,4180700,9530500,2860400,11914900,4046600,4022000,2801200,5086800,5648900,2983400,2884700,12139000,12815700,2850300,2977600,12485100,4934500,12423100,3448200,2717200,2931200,12628800,4247700,2445400,4975800,12056800,2606400,11158700,3877800,4853900,4525100,4832900,12493000,2845000,12491000,3801400,11249000,5196700,3568100,2456400,3303300,3960300,12363700,12811500,2595000,3527100,2688200,2995300,3870200,2451700,3725500,2487400,11962600,12634700,11670000,12644300,3453300,4156000,5003700,2459200,3346600,4525900,2451400,5154500,2541100,12723700,4475900,3346300,12698500,2645900,12356700,12090700,2683600,11503700,3683600,5522600,2454300,3560400,4189500,2469100,10565600,4627300,3989200,11767600,2509700,2505600,5047000,3532200,2478800,3500000,3706400,5193900,3754800,2607400,11153800,2524500,12620600,3469900,3398800,5421200,12336700,4956600,11953000,4256300,11601000,3553400,2506500,2845500,3794200,5146500,4622500,3964600,12042900,2445000,10750400,12439300,2613200,11969600,3560800,2655800,4486400,4163700,2559700,3684500,3744500,4096500,4657500,3123700,11016800,2601000,4870400,3195300,11938700,2660800,5187600,4492200,10739900,3769700,4081600,4276100,3811300,3603700,4640000,11672500,2506800,2740300,2464000,4555100,12176300,11791100,2456200,12380700,2509400,2508400,2452600,11417600,2613100,5454400,4066300,12386800,3762600,4337100,4985000,2523000,2503600,2762600,11262400,3219600,2434300,2496400,4266700,12163100,11911700,12539700,2480100,3238500,11596200,12424400,3663100,3888100,4046100,4789000,4225200,3585000,4194500,3300800,12377000,12310600,5122000,2716100,12203900,12426300,12316800,10677200,2730800,2717800,2933700,4696500,12623400,4490200,4419200,12397700,3817900,3724300,3819100,12760600,2452500,2815500,4838800,5012700,2665200,2639200,3588200,12728200,3764900,12740500,4979100,4810500,3584500,3800900,5675400,12598400,4615700,12725100,4009200,3230300,4335100,5039800,2928600,5106100,2491100,4922900,3810600,2786600,2733700,3884600,2701200,3808400,4742100,4793200,4567200,4033800,5081700,12235500,11228900,2698100,3601300,2488500,5317700,4241200,4706300,12352600,3304700,2439800,3394400,3604900,5542000,3965500,3575400,2526500,3721300,3222700,12732400,2817500,2644400,2646300,11406100,6137000,2867700,3530000,12526500,5426900,3257000,3872300,2901200,12443000,12677300,2574900,3575100,2437800,4222200,3953300,3440000,10916900,11504700,12186800,2825400,3925100,2459200,3222000,2742000,3708700,4257100,2603600,3851700,11013600,11868800,12079400,12396900,9949100,11370100,3662500,2872100,12719000,12643100,4944300,12204600,3751600,2605800,4047000,3430200,3271800,3599400,3673800,2435000,12788200,5265500,11376600,12376800,2802900,2952100,2581400,3705600,12416600,5662400,11998800,4526900,12021800,2712300,4769700,5045300,4032800,4700700,5398800,11696000,12725500,2836500,4536300,3286200,2756200,3189800,2427900,2662700,2920600,5920100,4786700,11356300,12391600,3432700,5502900,12577000,11206300,3392200,2494000,4007200,2792500,3688800,12013700,3142200,3916100,4673300,5019700,3993100,12619300,4322900,3363800,4675700,12484800,5357500,11444300,5345300,12598600,4654100,12101400,12695800,2570400,2673200,2718300,3691600,12629100,2966700,2750800,4601600,2511200,2609800,3427500,12550100,3517200,2797900,3679800,4945700,5159800,12094200,3425200,3007300,4065200,4079500,2838000,3704600,3337200,2596300,4557500,4959500,2687500,2674700,12461500,3194700,5379700,5020400,3599400,4611400,12532200,12310600,3708200,5079400,3248300,4877600,2490400,3070600,4500600,2719000,3556400,12107200,2417300,12698800,4686300,4555900,2944600,11094300,5122400,5293400,5439000,2524800,5244700,11122100,3174000,2433200,2728400,4984900,4153400,4573400,4090100,2462700,11936500,2524200,4585800,12407800,2708200,5020100,12715300,11728000,3590400,5085200,4572800,3472300,6403100,12751400,10642800,3098000,3607400,3864400,4878300,2467500,2768200,2732200,11227400,5885500,2643500,12607100,2798600,3992200,2509000,2624900,6083900,2729700,10905200,4187400,5076900,2525900,2815100,10947600,12043300,5556000,4504600,12341000,3171200,2618700,2590800,4861700,2803500,12167500,11065100,7626100,4882900,5524300,4100200,12123000,4865800,3601400,5218600,2930000,12809000,4858600,3529800,3370800,3469700,3972200,5007300,11257200,3799200,3569800,2490600,5567600,3514000,4920700,2459800,2566800,3914600,2661500,5386800,11909500,2588400,5148500,2475600,2674900,4489000,2993400,5441400,12186800,3662600,5285300,3136500,3646100,2622900,4126400,3897200,12522700,12549700,5063800,11140700,5110300,2767400,12296200,4608600,3308200,5709100,5197900,3854000,12746900,2446700,2836500,12792600,2435200,4912700,3397100,2814700,4479800,2435100,4263200,3622200,2420400,2581100,4107200,11941100,3597100,3676000,2957300,11557000,4461800,12717100,3311400,3810800,4000600,4592400,4801200,12072300,2805000,12528700,3734000,2684600,2514400,2687500,3465100,12287600,2435000,2573500,5960000,12788500,4741700,3368100,3317300,12238500,2978500,5179300,3402800,12193200,2797100,2471200,4455500,2487200,12048800,3059900,3888300,3402500,3137200,2566000,4195700,11335400,4405600,4269400,2537500,12838500,12810900,4993000,5635300,4096300,11846700,2927300,12722200,2814600,12013900,12517600,12765200,2831200,3620000,2490700,12203600,2432300,12146400,2621200,3859400,11400000,2460300,12412600,12125700,10968600,3996200,2459100,9897000,2665200,2465100,10151400,4461900,12786800,2531200,2851300,2497500,3490000,3063000,12383700,2566900,11049900,2952300,4941700,3485300,3665000,3671400,2677300,3922500,9993100,12622000,3719100,2570900,2831600,10912800,2641700,5224000,2465400,12253000,12315200,2471700,3816500,2455800,4542500,4129200,11473500,5257100,5278700,5451600,5317600,12762900,4426900,3840200,3237100,5094300,3818900,12128100,5236400,11534800,3326900,5155800,3458400,11560600,10841700,3685700,5057000,2890200,2782700,3715700,12663900,4055300,11581100,2668700,2617900,12035000,12082100,4593100,2442000,3956500,3723900,4129800,11698500,5551800,12564900,11947800,12106100,2462300,3019600,5385900,2720500,2720900,2474900,10424800,4344700,3248300,3484400,4024100,12750700,2621200,11130600,3692700,12323000,4237000,2834500,3968700,2527500,2640000,2594700,2881500,5274200,3662300,2953900,2549700,4434600,3332300,3981900,12460300,11065400,4758000,2928800,12720500,2990900,4855800,10726200,2704200,3555900,4035700,4243200,5562100,2547700,11274300,2855700,4595100,3965700,11621300,4044200,2580600,5978700,5195500,3395900,11264600,5462700,10788400,12673400,3500500,4932200,3846400,2589700,2558300,4152500,2858300,5432800,11298400,3425500,2886600,4572600,10116200,3705400,2435700,12117900,3052800,2729400,4620100,2784700,11174700,11231500,4486400,2590200,12317900,3548500,4824900,5106900,11156200,10972400,2707100,2425500,4813100,12459100,3904200,3197600,2669000,4374500,4327600,2562700,11913100,5003000,2426600,4932100,12490100,3552500,10107600,5431900,12440500,2634200,4331600,12270400,2630200,2449300,4989300,4064500,10560100,3728000,2855800,2705300,2532400,3293700,5318800,2558900,5082100,2594800,10995700,12277600,4696000,4824900,2458900,12032400,5024200,10821500,2806100,4265100,3961600,3306400,3434500,12659400,4592600,12136400,12741200,12537000,2449800,4466900,3037100,5001300,3666700,5188900,12707300,3422100,3466400,2809400,5330200,12436900,11770100,2957300,2573200,3394400,2921300,5731900,5209000,2706200,2554300,4811200,3880300,5440300,11879500,5193300,2639500,2751000,3638600,4604500,3135600,2488300,4463600,2659400,12359600,2568800,3107200,5497800,3199200,3380500,4178800,4576800,3237400,10944800,3516400,3382300,4474200,2995200,3413700,12056200,5103600,12088200,11497200,12531600,3742900,2494100,12129800,12584300,2679400,4619500,12317600,11952300,12164600,3429700,12363800,12265200,2686400,3302600,10964300,12776200,3118100,4249000,5020900,3753300,3294800,2583900,4932500,11126100,11002200,11663000,2694000,11669600,3738800,3561900,2745600,11867200,2743800,5177000,5442400,11145500,12384600,2750300,4541300,4118800,4618400,2500400,3585900,12740100,12309200,5043000,12836600,2670200,3961900,5115200,2897700,12174600,12422500,4440100,4483600,2610600,2564100,12067600,3319300,4166000,3423500,4779800,12573600,12288400,3757800,5466800,2461000,4681000,12625400,3038200,4905900,3070400,2517200,11648500,2498000,2583400,10729800,12806000,3366600,12301400,2643600,3425300,12644200,3259300,11789300,3640800,4196300,10864700,2544000,4133700,5400000,12655200,9212200,2527400,4660200,11772700,11092600,4923500,4718900,10797900,5097500,4826200,2657600,2497400,4075500,4974600,3614600,11717100,2848100,2704200,5861800,2495700,2601300,12367700,4688900,12614200,2429500,3831200,3539600,4421200,3549800,3814500,2592000,3282100,2432200,10661900,5104800,2440300,2925800,3653500,3132600,3512200,4762000,4174700,11870600,12257700,4061200,10947100,3658000,5700700,3176200,10918000,3611700,4341100,12104700,12539400,3586700,6179100,4445800,5409500,3448700,2529000,5614400,3246200,3408400,10792600,11272600,2480000,11546200,3758300,11192700,4597500,3753800,5407400,12805100,4898900,4448900,4007200,5845900,10805600,12370900,3848400,2584300,6460400,2835900,3643300,3496900,2452300,2581000,3289100,12430000,12223600,2495100,3706700,3819400,11681300,4365700,3266800,5061700,3562500,4524800,4153800,3361900,4427000,4583000,2513000,4548900,5093300,12183800,9904000,5132200,12639400,12283300,5229500,3332600,2455000,5255900,2466800,4043100,3392600,4754000,2701000,11173700,3959900,2438500,2708700,4864300,2635500,3603100,5133300,3525800,12666500,12064800,3803400,5134100,11454000,4513000,11251100,4508400,4579300,12710100,2421300,2565400,2786000,4019700,2598800,11636400,2474600,4244400,12748800,3400700,5011700,5097600,4559200,3714900,3143100,3222600,3974500,2735500,2514300,12144300,2787100,4671400,4887100,5011400,2741100,11859200,2753900,2477800,3343700,2422300,4603900,2687700,4072900,5324600,11205500,2590600,3727300,5221800,3956200,2628700,2541000,12727400,2676600,5043100,4799300,5095100,3685600,12748800,6054500,12835200,4603500,4891100,2806900,2856600,5512100,3721600,2537500,12681200,3583600,10478600,2799200,2654000,2455700,4584000,3901400,3083300,4816100,2832000,4470300,3869900,2870500,4825000,3898000,3667500,3880900,11344200,2920800,3376700,12550000,3413500,5306900,5189000,3222100,2424500,4231700,5782400,2696500,4778900,4013600,12002200,3419600,3824800,10654400,4961500,2725600,2896000,3741200,2743600,4922400,2452900,12575600,2498200,2432300,2512600,2548200,3209600,3791300,3440700,3354300,2652600,4703600,4284100,3707000,3573600,11157400,2680100,2968700,2846500,2517300,4228100,5386300,3763700,12459700,12444200,12032600,4427900,2455900,2422000,3692100,2567000,3846100,11505600,2791000,3708200,2484000,12213900,3564200,12045900,2551800,2703800,4020900,4071000,12557000,12552000,4653400,2502000,11640400,12314400,3635900,3000200,12386300,3866400,2735800,2733700,4560900,4325800,11573200,4517700,10824800,3131000,10732100,4561400,2530500,11656100,11973200,2548100,2673700,2595800,2461800,3559300,3224500,12757000,12430400,3690500,12778900,4840800,9233100,2625100,3020100,5174300,2713200,2468500,2556900,4862300,12601700,10335800,2583100,3311600,3049800,3675200,3360700,12588500,4430100,4646500,2545100,11261700,2434500,3621000,5372800,3255100,2712300,12090200,11597100,2927400,3868200,4094300,5909200,11644900,2454400,3584800,12457000,5198200,2426400,2661900,4239800,2581400,3841400,2613500,5098800,3659800,3959500,12389400,2777200,2364700,2691500,11473700,3389500,12534600,2628700,5419000,4516800,12727900,5018700,2571100,3529600,3036100,3886700,4288300,12779200,4334800,5120000,12409000,12688600,11359400,3465600,12656600,2785900,3030300,11355100,2442300,11296700,3329900,3542400,2492200,3644100,2901100,4093400,4267000,5380400,2990900,4754500,2921800,3265700,3081300,2693000,12130100,2886500,3206200,4798500,3981200,2632700,12643100,4990800,12785000,2698400,4446700,2469300,3100500,5666700,3108100,2794200,3446800,4873500,3185900,2429500,4577200,2568200,5237800,3846200,2559600,2453400,2571300,4282900,12116500,4148300,2526200,3725100,4151000,10791000,5131100,4655900,2745200,5166500,3772800,2603000,11288900,2635500,2450800,3584400,3743200,3666200,2977000,4164500,3703400,2579100,4867700,3239400,3746900,12759200,3597100,12728500,2464700,5111200,4460600,2562400,2418000,5244200,12123300,5418200,12508100,10443600,2810700,2616500,9395900,11680300,4016200,5330900,2582900,2480800,3776200,2745200,4955400,3540600,4038300,2658400,10841900,4575800,2610800,3723300,3336100,4940700,11706500,3962600,2708000,2829800,12864300,2667100,11983100,3584200,3505800,3709900,5415800,4974700,2448600,2875300,2669900,4766500,2570000,3423900,10939000,2595200,3631600,2492800,12336200,2647100,3286600,3304100,2438100,10410700,2425600,3614800,3498000,2496300,4464700,5414200,3255100,2501200,12088000,2581800,2412400,3305200,3886200,4730200,4301500,12185700,12644700,3333200,3984300,11272400,11887800,12429800,4923600,5219400,2855900,4802400,2466600,9838700,4056200,12366300,4716400,2603300,2598700,2414000,11069700,11467000,4638500,11532300,3799700,12423900,3514200,3935100,5222400,2451300,4164500,4904800,2562600,2776500,2576000,4400400,5934400,3421700,4338300,4137400,12293900,3591000,2475500,2503500,5491900,3916200,3999100,3015000,3994800,4284300,3613300,12613600,12009300,12531400,11528500,11399800,4463900,11318100,10691400,11178900,2486300,2569800,3805900,2602900,2954300,3300300,11369400,3733300,3796900,5766000,2779800,5076100,11215100,3573900,2892200,2985100,12447600,2844800,4678500,2480600,2827800,12716600,4559500,3289500,2745900,2882400,11704400,3284400,4116500,12375200,2438500,11402700,5096700,3253300,2416000,4525600,12525100,4477100,9473200,11520600,11675200,11199400,4174300,3720800,4544300,2623600,4463500,3800000,4116600,3851800,2478900,2268400,4541100,3813500,3683700,2557500,11910800,2735800,4587600,2434800,2685200,2676100,3832600,2923100,2450100,3812000,5296600,4755700,3642500,4838600,11148200,2518700,12702000,4795800,3277700,11821400,2495200,4701800,11406600,11567600,2652600,3046900,12265700,2504900,10082200,4737600,3528000,3570400,3623200,2461100,5152700,2446700,5463900,4586000,11913700,4971900,12429400,3933300,2543900,12356900,2485700,3038200,4617700,3390500,2618400,4931400,12294400,3536100,11210600,11640600,4110500,2460600,5212600,4701300,4133000,12786600,2995100,4000500,2716900,2576400,5275300,5564200,5264500,12221200,11718600,2650300,11980100,3505700,2555100,3459200,3896900,3450300,4878400,11728700,5672200,12125500,2534900,5397500,3831500,2999900,10483700,4058800,12415200,12557000,4059800,12226900,12699000,4262500,5757600,5195600,12562900,2490200,4262100,3076300,4281700,12719800,3646300,5660300,11754500,3316300,4533600,5259100,10801300,2506800,2459200,4537000,2621600,5534800,3265200,9849900,2506000,5000200,2525200,10221600,2791000,5006300,2588700,2670000,2815100,4188200,3919600,5311400,2468500,4912400,2637500,3714800,2507000,2731400,10608000,4328300,3713200,5149500,11150400,3256600,12303900,3888300,4199800,4441500,2446700,6085200,2622400,2518900,2579900,3262500,11785000,3241900,12792200,12033200,2545300,5200200,4986400,11589400,2519800,12619800,2630700,3747700,3041700,4525100,12789600,2636700,2455100,2457900,10781800,12502700,4199600,2994000,3708800,12052400,4436500,10939800,4401500,12742100,3685900,2578400,2457300,3816100,3711000,4196600,4472600,2463300,4238700,2916300,2423400,2506400,3934500,4309300,3427100,11281900,4187400,5517300,4870300,12498400,12324900,11824100,3682600,3662400,2754800,12068000,12091800,2763900,8598300,2793200,4059400,5006400,3479000,2662700,5091000,4170800,5317000,12198200,3442700,4579700,5468900,9506800,5127400,3929100,11530700,4949100,3769000,3173800,12452000,3201700,2617300,5770400,2756500,12248400,2596600,2569200,12148700,3039500,3946800,3398400,2801200,3383500,5061500,2559300,2506500,2902600,4187300,4327300,2431900,2481700,4905300,2672500,11752100,3375600,4993400,3844400,12451200,2481800,10522300,4257800,12530900,2611700,4762400,5776500,12712400,12544200,4117700,4379100,4481500,11196500,2905800,11876900,2663600,2641600,4559000,3793900,12220200,3362400,11968600,2863300,4520200,11485900,12103700,10795200,2456500,12525500,5608600,2420400,2738900,2628600,5109100,2547100,10371000,4656200,2486900,4344300,12689800,2564100,5146900,4288400,3893300,3988300,5373400,2568800,5224600,12725400,2697900,11593800,5010700,2629500,11300500,3466100,12768400,5444500,11850000,5120900,5514000,3680000,3549800,12365100,3496400,3835400,11399300,10661900,3807800,12720600,11527700,10657000,3822400,5318600,2950000,3280100,2625400,10634600,2639300,2433800,4712500,5904000,11719000,5236300,2470500,3846300,3303900,12513000,11866500,4740300,4045900,4967400,11695900,2463400,2428100,3449000,3645200,3150300,3310400,12672500,2484700,12513400,2639500,2605800,2486500,3174700,11257100,2886900,3550100,3874200,5912600,12656400,2462700,3695400,3699800,12441300,12533400,12025300,4817500,12555000,4993000,2773000,2756800,3865900,5093900,4769800,3691200,3532000,12174400,2666600,11323800,4046300,2418200,3453000,12015000,2707500,11131700,2500500,3784100,11416000,2587500,4039400,2727500,12167300,4604100,2901300,4395300,4616000,8355300,5106700,12858200,10313700,12465100,11497700,3394500,3697500,2761400,4768800,4424200,2481500,3320900,10958500,4540300,3742100,4584600,4744900,5048900,3431400,5370700,12256800,4496600,3435700,12143400,10875900,12763800,2491700,4247600,2507700,2465200,4206000,12293700,12660700,3210500,4851000,2942200,2926200,3606900,12015800,3703400,2756900,3253600,3699200,12243200,5456200,2678600,2632400,12709600,11447300,6129400,2544200,2655000,3803000,5377100,3561000,3041200,2455800,10411000,12802800,4402800,3386100,4812100,10781500,2727500,2433200,12049600,2949200,4383500,3276800,11890500,3628300,10032300,12471400,4036000,3414200,5609200,4578100,12106000,12393800,11088100,2582800,10830200,4557400,3065000,4439400,5162100,3902000,4348400,2670900,2592900,2773600,3345700,11271700,11538600,3473100,10987300,11488200,2714100,2473100,2591100,2447800,2576100,4950400,11131400,2476900,2553200,3636200,2461700,2919100,4320500,11566800,4294400,2711500,2635200,11314700,3009500,3592600,2710900,2740000,2495800,11978400,3359300,11299900,2520200,2463900,4220200,2873500,10023800,3640700,11806800,2566800,4025000,2715400,3918700,2453600,11428600,3432100,12597500,4897000,2427900,4432200,3289800,2799300,5097900,3656100,4486300,2440200,2529400,2780600,3077500,2560500,2773400,12108800,2632500,3322800,4827300,2552400,3944600,3876000,4656900,5412800,11154300,3909500,11393900,2442600,11025300,2777000,11810500,4483200,4859400,10669200,2628600,3233300,11372800,4520900,2518800,4799800,2573900,3080100,5074800,3314400,4795100,12617200,3417200,5081000,2462900,3592400,2504400,2969600,5934100,2912700,3525700,11572200,3365000,3199400,2890500,3112200,11615600,2441300,12341400,3262800,11334600,3200700,12469800,2543700,2979500,4477100,2453000,3054800,3773100,3139600,2430700,12403400,2750000,2732600,2785400,2466400,4444400,2717400,2749500,4534300,4703000,2825600,2463200,3285700,4802800,4858100,2674100,4497300,3792400,4704100,11856600,3228000,12323100,4475600,5093600,2553200,2518100,2458300,12014500,3611200,5832500,3914200,2488900,4853500,4802600,11090600,4368300,3700500,4433200,3133000,2697300,12677100,4098900,2769200,2705600,3340600,2468300,3135600,12335900,2785400,2602800,5073200,12152200,12301900,5271500,4498700,12787100,2631100,2466100,3576900,2599700,11091600,3568700,3464600,12620300,11179800,4210400,11370600,4120700,3087500,2490400,4889500,12087000,2542300,11456200,10949200,2917100,2472400,4360700,3520600,11908700,2715300,3313400,4504500,3556800,2682800,3284100,2490100,5060100,3550700,11894500,4611600,4297400,11487800,11532800,11266300,3995400,2693000,12615500,3058400,3672900,2637800,3566900,4928200,3455600,4164700,2512900,4363800,3676400,3688700,4924900,2552700,4380900,3562200,2509900,2781900,5558700,12450300,12421000,2621300,12348000,12359100,12538400,4606900,3594000,3093500,4990600,2720700,3924600,5051200,11220500,5637200,2452700,3661200,11395700,3042100,11644100,4818900,4264000,3743700,3907600,5196300,2484200,3998000,2515800,5170000,3579200,3703800,4370600,4934300,5985900,2678100,4199500,2444900,3899800,2523900,4833400,11902000,3912100,12358600,4839300,12644200,3625000,5757300,4703700,2660800,4858200,10517500,3890800,3605200,2504900,4373200,3707400,5799300,12579600,3715100,3559200,4491700,2429900,12775200,4908600,11952600,3991600,4702300,10341200,3737200,4466100,2436300,3552500,2699800,5019300,2845500,11926500,2782200,12081400,2943900,12418400,2471100,2593000,2514500,12168900,2598700,12304500,2523900,4733100,3465800,2428700,5548400,3709600,4032200,2800900,4625500,11105600,3797000,12590400,2608700,11533500,2987600,2761900,3603800,3937800,11510200,4550100,2624200,12741900,4680400,12424800,12672100,2692400,3457100,2744800,2413600,5344300,3412500,3382200,3953200,12680500,3567500,11424100,4898400,12590000,2748900,4331100,2828200,3688000,2589900,5317100,11542900,3227000,4192700,3239800,5496300,2642200,4126900,12081400,12833300,2522800,12245700,3531600,12585900,3854100,2753000,2717300,2451800,3491100,4079800,12255900,3565700,2711800,3920400,12227200,4531400,12187500,12231800,2839000,4354400,12722000,5541700,10823300,2655400,11114900,3156700,5126800,4412200,3142700,12784200,11370300,2709900,11544000,5330200,5307700,3392300,4377400,12511600,12667500,11949800,4188300,3668800,4097800,2425700,5064200,2434000,3338600,2480000,10887300,2563800,5077900,11494200,2421800,12313200,3781100,2525900,10928200,2442900,4882100,5136700,10441500,2727000,5538200,2464000,5322200,4517000,2581600,2653200,2516000,3462100,3717100,3901400,12734700,12151300,12738000,12512200,4732400,5014500,3556200,11306900,12318200,2513900,2698800,5139000,12226800,3885800,2752700,3668900,2520400,10668800,2960900,3020300,3721600,4852800,4394200,11350300,10825500,12075400,2611700,3904600,3379800,2663500,12521400,10759500,4394800,3568500,3610500,2666100,3176300,4597800,2425300,2787400,5405100,2714200,12350200,2475600,4699300,3416300,12466600,12452500,10612900,11756300,2655900,4009700,12654700,2594100,3395700,4310700,11419900,2628700,12681200,2646000,4273300,4139600,3345100,2431800,3356900,3161400,11893500,2688300,2624100,12668300,5038100,3983000,2617100,11047100,4465800,12339600,12766200,3269300,6769200,2492100,2543200,5154600,3289000,2642000,3271900,3350700,5149600,12197400,4217500,4786600,2597500,2487400,10441800,4102600,3850000,5035800,4639300,3745300,12375400,2602800,12750200,5206200,3935000,2557600,3825900,4618600,11995300,12697400,2954800,4039400,2650700,2735900,5182000,3870300,10897200,4301200,2531000,2994700,2700000,2489200,12016200,3924900,2540600,3644100,4510500,2953100,3683400,4018300,2639600,4338500,2494000,2553400,5221500,2822100,5415200,3345800,3310400,2606700,9913500,2636700,3630800,10070600,4812000,4115800,12793900,3417500,4077500,4001600,12436500,3510400,3701400,12295600,12684300,3282700,3390700,4870600,2715300,3598400,2735900,5437100,6117600,12648900,4785400,11988400,9433000,3803000,2536600,2718900,5637500,2443500,2727600,2619100,12170900,12820400,5452900,3481300,3064200,4634000,12764000,3501500,12378000,5041100,11481000,12414400,4643500,2698600,12705100,12567000,12590500,12244600,3868900,11722900,5103300,10603500,12662100,3863500,4166600,12497300,12649200,12737400,3687500,2460800,2594800,2663100,2435400,4580200,4351200,5458000,12137500,4291100,3700000,5204500,3902400,12498700,3598000,2438500,12650900,3272800,2470900,12327000,2533800,4682400,3583500,4388200,5170100,12511500,2479800,4863400,3836700,4971100,3835400,3889700,4002100,3627700,11656600,3805300,2431800,2485500,12570800,2583400,3845600,5231000,4872100,3960700,2864200,10918400,5158600,5284200,4392700,2958600,2606400,12317300,11907800,12436100,4660900,3592100,4310300,10287400,4219800,5778100,11496800,4408200,4094600,2557500,3569000,2992700,3487900,4512000,11367800,12114500,4310200,2416000,11062200,2888400,2680200,10654400,5129600,12203400,2648100,12081200,11656600,11043300,12596000,5026800,12492400,2691900,12345000,4412700,2528300,3946900,3100300,2495300,4954000,10598700,3329700,12522000,3980000,3002100,11389600,3872800,4069100,4816000,3942400,2722000,2501000,2715200,4461400,2644400,3429400,11278500,2454000,12187800,12056500,5387200,2481800,4468600,12028800,2505100,4760300,5074200,3578800,5302100,4926000,3043200,2520100,2810800,2524700,2502600,11358400,2512900,12567000,4909800,4069500,10830300,5068000,12788000,4484800,2525100,5299000,3622100,12143600,3211600,4377100,10690800,5316200,4961600,11936900,4798700,2481300,4344400,9686500,12580200,2649200,12537000,4494100,12699100,2943700,11698400,10585100,12821200,2582500,4892400,3672700,2759900,2553100,2438500,3806200,2682800,11383300,12427500,4814400,3027800,2635300,3016500,5059700,2459600,2814400,3141900,5177000,12717200,5273900,3670200,2685700,12426300,4853200,11065000,2517700,3586900,3521400,2432100,3385700,3956600,4153200,4310800,2742500,5438700,2568600,4998500,12417200,11205900,5160600,4914500,3637800,4993200,2826200,2452900,3368100,4527300,4497000,4947600,4449400,2818300,2542000,2412100,4242800,3848100,11126900,4664200,4866900,4532500,12454700,5658000,6154500,4906900,4971600,3236600,12374900,11341900,11118400,12004700,12711600,2514600,2920500,11971600,2636400,11256600,10741800,5014700,2559300,2477700,2664600,2691500,11283400,5072800,11855200,10930200,5219400,11360900,3868400,2532900,10857900,12689700,11994900,4668100,3313900,3900800,4724500,4023400,2577800,12050100,3700800,10574100,2498400,12772500,2824100,3108200,4627000,3704300,4760200,11395700,3897300,3838000,4326300,5066600,4649400,3656500,2619500,12137500,3530800,2802800,2646600,3209200,11418000,4415200,2643800,5319300,2534300,4688300,2418100,4743800,5383000,11309100,4675400,3416100,12577500,5215700,4237100,3357600,4152300,2598500,11543400,4112800,10878300,4171500,3401800,11596500,4362200,3877300,11208500,2777500,2647700,3071000,3499400,3683600,3762400,4424400,3503100,3584700,2440800,4918500,2662300,2916000,3313200,11987800,2810800,10404100,11857100,3088900,2594200,2877800,4677500,2526800,3242800,2544200,4875300,3314600,4329600,3643700,4940200,12178700,4915100,4852100,2483900,11190900,4815900,3187400,3157600,9974400,3716800,2609700,2841800,4654700,12562000,11129000,12553500,2449900,2700100,2611300,2978900,5417300,4961900,3471900,3227400,11235600,2881100,5891700,4241500,4026300,3606500,12401200,3752300,2537100,12293400,4688600,2289900,12472200,2507200,11566200,5798700,3510200,2415900,2668300,3193400,11933500,12771900,12388000,10904700,4800600,5076300,5395400,3083000,4553800,3669200,3882000,5286300,11407600,12270900,11086100,5224700,2843600,3936600,11150300,2574000,4016300,10947300,2451700,4355900,2532500,3971300,3742800,2422100,3623000,2743000,5510900,2478900,2970600,12197400,2461500,4626800,12523200,2485200,2685900,2444300,5015200,4314600,2729700,11668900,2905000,2613000,11509100,3530800,4677500,2648600,4782500,4126200,3784500,3573800,4759400,12436800,4248000,2628300,3372100,2734000,3930800,5115800,2454700,4914100,11884300,3440200,5684800,2671200,2456000,11688300,12802300,3930500,6001500,5057900,2613800,3662400,5504000,3533900,3509600,12806300,4058100,3962800,2586300,2526700,11680000,10592400,2554400,4592600,2651200,2964000,2421200,3844200,12854400,11846900,12101200,12039600,11899600,5131300,11186400,2438600,4372800,3392800,2689400,5664600,11579000,2540900,5318500,3020200,11259200,12646700,12852500,4781500,2705100,3682000,12208300,2506800,12651000,3915700,2511700,12432200,11301100,3032200,2949000,12594900,4473800,3989400,5554900,3442300,3614100,4147900,5481600,12393200,2476800,2443000,3960600,4947800,2506400,3734100,2589100,3539700,5349900,11459000,6367900,4998300,2607800,2885500,2415000,3304900,12537800,2946500,3098100,11466400,3584200,2534700,4977600,2454100,3490100,5106500,2832900,9566700,3856000,2557700,2633300,4105200,5368700,3542600,6289300,2713700,4140100,2442000,2500100,4279200,3563500,3161600,4819100,3337700,2431400,2659900,2656900,3621900,10864500,5108100,3425300,11293200,11778200,4918100,5063200,2475900,12099700,2486300,3271400,2426200,11738100,4075200,4214200,3611900,12488500,11322700,4260100,5383700,3267400,3623000,4082100,2601500,12532500,2500800,3815400,2635500,12263100,4604000,4713100,3516300,12446700,2489600,4378300,2688000,11305800,2422700,10988200,2418700,11293400,2460600,12224600,2501500,11567000,11181900,2706800,2973300,3763900,3510100,3407300,4057800,12475900,3217200,3567900,2462200,12751000,3035100,4145600,3341700,2446500,3576000,12039600,3614400,12276000,12635400,2958900,11269100,3946600,2762700,2449500,3277000,5136300,3680200,2699300,2670600,2667500,2823100,12303000,5467500,2628000,12611600,3943000,2475000,2524300,4751900,3853100,12043500,2516000,3202300,4648800,12491100,2726900,5804500,3950800,4931100,12698400,2747500,4850700,4087700,3124200,4380700,12661000,3990900,3541400,12092200,12517500,3517800,3871200,4199100,4516700,3756300,2562500,12577300,4781200,4987800,2439800,2677800,4011900,2740500,4831600,3761200,12669000,4735800,2438800,11563800,3264900,3604600,2418400,4646200,2425500,3627600,5441500,2412600,4123200,2513800,11149800,3436900,5224200,12336400,3362100,5111200,2605300,3776400,5355900,3738100,11384100,2654500,2873800,5178300,3769300,12649100,12122700,2561800,2521300,4945000,10805200,3786700,2564800,2655100,2688200,4672400,2991900,2572100,11418200,12618200,2702600,3658300,12258500,12510400,2488400,2596200,12195300,10279700,3598300,3414900,3666500,12600900,11979300,12766800,9510100,12620700,5026500,2600000,5274300,5383900,2657400,3413000,2583400,2474600,4499300,3577200,2554100,4472300,12640400,11849200,12330900,2452400,2717000,2585400,4371800,5034800,2936000,4152900,12530400,4105600,2458200,3986800,12230700,2642800,5776200,11646500,3574600,3340500,4479100,2520400,11191400,4620600,11673800,11183400,2953200,4747500,4046800,3203600,2849000,5480700,3828900,10743800,3763900,3940900,3059400,2687900,3529100,3036900,4638600,2511500,4411200,3006100,2820000,3732000,3348400,11508000,2515900,4007500,2638800,10619300,4777600,2534800,5577500,2517900,2696400,5416400,4783700,2571100,4900600,4818700,2831700,12406800,5325100,2898300,2870800,3584900,4729900,4467800,5649800,2699600,11801200,2927100,12135900,4340400,4550600,2510300,5019800,4260800,4934500,4339100,2719200,2595000,3899800,3588000,2620200,3787500,11994600,3661100,2720800,11137100,2776500,12753700,12487300,5401600,3289700,4881600,4599700,2444200,2918500,3657600,3298200,4865300,10981900,4291000,2438200,5017000,3710100,2648900,2759900,4930900,2712000,4299800,5203300,11420600,12527000,4183500,10897700,11841700,3315000,4870500,3390600,2434400,2793300,3362300,3617800,4866000,12741700,4988000,5451300,5137500,3867900,2467800,2902800,12188500,3537700,4576100,2432900,3314100,2750000,2549800,12286100,4143500,5740800,3727800,2660500,4026200,11131700,4885100,4978300,4307900,12780600,3823300,12594800,12473300,4528800,12352200,12826100,10697300,2510800,4557600,2462400,2572000,12733600,12760100,5046200,4894500,3762300,4061200,5399500,12738000,10809200,11639800,3777500,11720600,2437300,2492400,2784800,11574600,2437400,2426700,3580000,12554200,2754300,4875100,4053200,2434000,12112800,3047600,2515500,10156500,10490400,4595800,2474500,3502300,5031500,11640900,4091500,2453900,4540300,2467400,12440100,2647200,12623800,2995800,2718400,12432000,12787800,4839500,3832700,6489200,4687800,4833700,4172700,2487000,2512600,4456100,4295100,11448500,2585100,12367400,4936800,12765300,4930000,3535800,11468900,2687000,2691300,4437900,4465700,2551300,3287700,12778300,12682400,4619700,2589300,2570800,3540700,3928000,4422800,2972300,2441500,2466100,11721700,2971100,4268900,12146400,3727900,3112800,2861100,5488400,4569100,4306100,2532400,12598800,3416100,4953100,3408100,12229300,11896100,2433900,5147200,12570500,2890600,4082300,3907600,11361500,12442400,2992900,2502800,4007600,2912500,2630100,2430900,4305000,3490100,4125400,2412200,4249000,3130900,12072800,2538100,2599300,2514500,2535500,12304900,2637300,4536100,12455000,3613100,2795000,3287600,11983600,4129200,12779600,4712700,12372700,4011400,12673700,5041400,5001800,3668000,12108500,4247000,12097400,2743600,5372100,3018100,3910100,3793600,3617200,2748600,2818500,11623000,5386600,2150800,2688900,12459900,2655500,4211400,2678500,12521700,4427900,12837900,11588200,2542500,4938100,4170300,4577400,3484500,3559800,2475800,12743100,10093800,12750600,5381800,3514100,2558100,3482300,3729700,10379600,2695800,3628800,3759900,12238000,2657600,3516900,3723100,5020000,4329200,11296600,3548900,2826900,2465400,11670900,2460900,2476700,2525600,2418300,10127000,2527600,3476200,3594700,11905000,12252000,11148900,3288800,11629600,3489900,4981600,11604100,2760500,2690000,3473300,3318200,2467200,2590400,4027900,12428600,3231600,5680100,3435300,3596000,2416800,2451900,12174000,3101800,2584700,4376700,4701200,2653200,5250100,2448600,3628300,3320800,3291600,5049900,3239800,3367300,4211400,2545900,11760000,3797100,4806400,4681900,12326200,2891300,4288300,2463900,12428300,2528600,4376300,2457000,3417400,4622800,3912400,4873800,4561200,12575400,5642200,4961000,11101200,2778800,2899400,2506600,3711300,11801700,4467700,12240500,2626900,2896100,4974000,3421800,2448900,3309700,2894300,2469600,2553600,2650400,3770500,3726200,4750600,10914600,4894100,2715700,3560600,2594400,3480600,5197500,2663200,3640200,12736300,2476800,2626900,11643300,2708400,11448600,12538600,4522100,3479000,5261000,2439600,3592600,12150600,2515600,3419700,2643400,3606800,2571500,2553200,3957400,3500000,12408500,2424300,4513500,5543900,12420400,12562400,5175200,11096700,2689300,2658100,12497900,2445400,4828600,3663500,11499400,11335900,11951500,2652600,12587500,3401000,5421100,2731300,5533300,3021800,12427700,2546600,4324700,12548700,12740300,3456500,11290900,2566000,3882900,5959400,3005000,4796900,4593400,12572300,5277300,11766900,11381700,3743100,3365700,3497500,11896400,2745400,3602300,2774800,2474700,3859300,3434600,2704500,4882900,3863400,12147500,2450100,12651600,4610400,12589500,3074200,12604000,3606800,3732300,2896900,4149300,11694000,4950400,12661100,12217200,2485300,3027900,4357200,3511300,12230900,4310000,3405900,10318400,12584600,4681300,12217100,2773600,5231300,3653700,2814300,2797300,3289000,5238100,4302700,4348500,2482800,2661800,3730600,5148200,3305700,2601300,2587400,3576900,4961100,3928800,12720300,12139800,3894000,2466200,12131800,4974500,2608600,2579600,2676200,4336100,12364700,2742200,2477300,2503400,3564800,2466000,3173800,4418200,3912500,11094900,11466000,3753400,4926700,3937400,11662900,3597600,2632400,3669000,5171100,2579500,2421800,12663600,4272100,5010400,2452000,4668400,2533700,2614600,4408500,4555300,4367900,4729800,2444000,2617000,2467600,3327800,4692600,12213800,2683400,4831200,10251600,2830100,12266900,11702000,5370900,12231900,2563800,5036700,3836000,10577600,3551500,2931900,11469700,2481700,2694300,4047400,4850000,2469400,3599500,2605600,2477200,12533300,2811600,12473500,4473900,3733000,2603100,2706900,12045600,3923200,3844900,5110900,11341300,2463500,3627700,12528100,2977400,12665800,11060800,2588600,5725400,2548500,12097900,4480000,4367500,11702400,3930600,3627500,3095100,3489100,3399700,3747800,3919500,2522300,3442000,2743100,5405500,2692700,11440700,2681600,3534200,3308100,2739600,2461300,4808600,4928100,3997100,12738600,4000400,12464400,3380600,6344600,4491000,4212700,12730900,4057300,3990500,10921600,3844000,11958100,12296300,5053100,5463800,11799000,2430100,3724600,5132500,5501600,2806800,12292200,11494800,12377100,2752800,11491600,3178200,4569400,2567500,2588600,12239500,3453300,3227500,4659100,3698500,2436800,5210600,3936900,2488400,12576300,2605000,3672800,2950700,12536400,4915500,2992800,2604000,11023600,2886200,5029100,5095300,12453400,4385800,5001100,5020100,4288600,5061800,2794700,3650900,3727300,3315100,4137800,12590000,12073800,11564000,12770000,3959800,2751400,4484000,5134300,4952400,4814300,4818500,5021100,12347400,3704500,4712400,2603500,3487200,4457500,5227600,2627200,2442100,2719900,11888500,3378800,3656100,12402900,12475700,3317100,2633000,12167800,3759500,12344300,5029300,11270000,10247400,11664500,10895900,12790100,2679000,11906100,3616500,11926900,5405700,2977300,3989500,12357900,3505400,3485900,4886500,2540200,2478300,2865400,3997300,3686400,3749900,2446300,12067500,2971500,4347900,2840300,5229900,2479300,3472800,3559200,5103200,4336500,5641700,11749100,3579000,2469900,2712000,2589700,4777900,11449000,3341200,2505400,2449000,3855600,5021700,11519600,2711600,4786000,2675500,3005800,12579200,5160400,5192000,2492300,2701500,12414400,11579100,4662900,2485200,10262700,12071900,4593800,11831300,2563900,12819500,5456400,11342600,3559100,2467500,4181000,4481600,5105500,11834200,4315300,2573000,3511700,3876000,3975600,4838900,11935100,12654000,3526900,3517400,5733300,2653000,5005000,5219000,3328300,2496800,2998200,12186600,2641500,2502000,11608300,2828000,2682100,3713300,3533900,10479900,5242500,11977100,2433700,3005900,3961900,10568700,5166700,10908400,3373900,3806400,12164600,2417300,4596600,12363200,3340000,4746500,3420300,12493700,4504000,2616700,4727900,10781400,5719600,3686800,5372500,2464900,9634300,3515800,3009400,12584300,3648400,3303700,2661600,4451600,2726300,5243100,5234200,4102700,3600500,3112700,3674200,5493700,5235800,2931000,5034000,11718400,3809900,2476200,3398600,4707700,5409600,3763000,2417100,12322700,2421200,6006300,2450300,3151300,2576800,4777500,3546400,4553000,4285600,3135900,5113600,4974200,4731400,9379500,4146900,4699800,4633200,3407700,4759800,12611900,4867000,11831700,11083100,3453000,10011500,12023700,5197000,2559900,12303500,3202000,2863000,5003800,3169800,3420100,3703000,3525000,3343700,3838100,11458900,3427600,3773500,4312700,12579700,2817500,12752900,12516200,12528100,2823200,11616200,3967600,3724200,3220700,4556200,2480300,3941400,4227200,3201600,5374400,2591300,4566000,4560000,12266800,12278400,2592700,3960500,5218400,3159700,3358700,6096000,4547100,3518000,3447200,2692000,5266200,2569300,4707300,3370800,2531100,11885000,3719100,2435000,11587800,3400500,2528500,3705000,2537800,5225700,3156000,3817600,2637400,3641600,5089100,3762800,5111500,3493400,2686700,4104100,12433300,4820500,12277400,4328500,4758100,10139100,2894700,2841800,12618800,12352100,11721600,5102900,2574400,2658500,4780900,11809800,12117700,4641000,3142600,2637900,4212300,10617900,10806800,12709400,4416800,3429600,3424300,11811500,5058800,5466900,4936600,2482400,2521300,12396700,5171300,3478500,3225300,12704800,4565400,12675400,12306100,5647100,4646200,3525100,3614900,11323800,11393700,2501400,12117900,12679800,11196100,2490200,10949800,2508200,2501600,12341700,5327200,3197700,11997800,2440300,3910700,5527700,4425200,3463200,10998500,3697000,5240600,3715600,3643600,12808000,3035900,3308900,11688300,4032900,3769400,9793500,11293200,11628000,5161100,2540900,12814500,12101800,12359600,2704900,11526100,2468600,2742300,3660000,10713500,4469300,2507300,2560800,12412900,3630600,4987300,12488100,4787200,3965900,2610200,4841100,12194400,11951800,2552400,4030900,4951400,12654500,2698300,2942700,12144200,3033400,5102100,2420200,4117600,3594600,4785700,4859000,2507100,4108300,5070500,3735500,2594200,12788800,4349200,3708100,2836700,12110800,11414700,12281800,4991900,4686700,4183400,2541400,4434700,3790700,2498100,5131300,2856900,11241500,4014200,5465800,12806100,2728500,3730400,12487700,4754400,2808700,5504100,4579300,2579200,5264900,11699900,2413500,5557000,2477200,2895400,11863800,4206300,2568100,2650700,11547600,11209200,2800100,4908700,4248000,12364900,12697800,12187700,4523200,3598600,12488700,4386800,3653300,3559700,3576500,2583300,2734600,12485300,12509000,3317200,4503700,4518300,12559000,3765200,11976700,4630800,12280300,11396300,11150900,4985300,4340600,11163300,2444400,11919000,2851800,3235400,12297900,2812200,3757200,2510400,4081800,5154600,4269200,3159600,4661100,3519400,4564200,2736800,3204000,2578200,2551000,4188700,2660100,12346500,4938000,5166600,5491300,11554600,3291600,5109100,3988100,11772100,4109300,2506100,4116800,12393900,11314700,4517700,12056800,2429700,3739900,5121100,2620800,3365900,2478400,3177400,4110700,2794600,2558200,4839400,3271100,2613800,10851900,11439700,4707300,11132800,12523300,4729300,11161900,4854500,3726700,2434600,2631500,4641400,5245900,4733900,12769500,3843400,2447300,4077300,11444300,5528900,2758200,11525100,4724300,11604300,3757100,4598400,2809300,12149200,2591700,5569100,2599400,4957900,4058600,2507800,3715600,2806300,12276000,2655000,2572800,3683000,4860300,5862100,3715700,3578800,2539600,11626400,5517900,3824300,3237000,4419800,3711900,2756800,2493800,5306400,3111900,3620300,2445500,4531000,4015300,5147100,3861500,3615400,3447800,5133200,2490300,4017700,5902700,2839400,4038200,3104900,3221700,2464700,3784000,4541100,2803400,5016800,5000700,3578400,2970100,4808000,5474300,12041800,2707400,11822400,3149500,2564700,3563900,4589600,5298600,12486000,4532800,2457200,3954300,2554300,2444100,12357000,2455000,3649000,4559100,3566300,3374600,2742800,5377100,12372500,10059900,12406800,12354500,3870700,4587500,11823700,2472600,4046200,2762900,3361900,2799500,4234800,4522700,3310300,11669000,2536800,3632200,5444800,10966000,3844300,3734800,3151900,4779500,12555000,11624600,2475400,2704700
5e-06,0.00880000000000003,11161400,11126500,11119500,7494600,11828300,14570200,13993400,12597400,10220700,13101200,9076000,10029700,15247300,17898200,11730500,10065200,10468200,17181800,11301200,12888700,16585700,18113300,3824500,11796300,10574600,11057900,9376800,11548500,11499600,17851900,3707600,12104200,11408100,11641000,4919300,10102600,10421300,5059300,12071200,16345500,9824100,11437700,9890800,16390300,15764600,11155000,4738900,16384400,4613700,11777800,15921900,4296200,3881200,11593700,9583100,16231400,9972600,11284900,10052200,9610600,15869400,5008500,11919900,14203100,10960200,4673900,17235000,4988300,10940300,3981000,3929000,17168800,9950500,10960800,4052800,9248700,12718800,15837600,9010500,16560800,16015600,11932700,4185000,4432300,4212500,14527700,18194700,4164000,4146800,3845400,11896400,10924100,10459700,11612200,17799100,12626300,18281700,16414200,10509500,12299900,12669400,12139800,9404000,4060300,10027000,18494100,10889700,11882000,11555700,17160200,10206500,12692800,12324500,12672100,17308400,14186100,10723400,9798700,10373800,11409200,4652300,15695400,10529200,3800300,12428000,18106500,8916300,4723200,14833600,4198800,11334500,19046900,11482700,18470400,11345000,11373500,17825700,10531800,4525400,4569200,11431100,3840800,10821800,17342200,18953900,11221700,3724400,11409700,11244800,11866400,10351200,4191500,18371500,8583300,4530300,3702000,11325500,3875100,9106100,17208900,10880000,11608400,10893600,4311500,10212100,11953500,15229500,4569700,11217000,12549300,12795100,11193400,4309900,15215300,16004800,11119100,11135600,11320800,17164600,18727600,11287200,11011200,16035900,4148700,10118700,10770200,17606100,9676300,10427100,16740400,4133700,10461700,10341300,4363600,16718900,16756600,13673600,19131200,15346800,12339700,11384000,10042100,14792400,18218800,3931800,9688800,4113200,11168700,11010400,16841500,11640200,10985100,10691800,10962500,10168200,11174800,9680000,10590100,12944500,15793000,11447600,17001500,17187200,16463900,10942000,11659800,10854800,10874400,18201400,4734400,4124000,10144100,18677800,10317000,4814000,10862800,17698800,11423400,10450400,3890400,10668000,10596700,9008800,19188400,17946600,11582200,10714300,16616800,9681400,12482100,15833700,4303800,13182700,11189500,16300300,17241000,4517000,11396300,17978700,3955900,14582000,14893600,4643600,16218900,10868200,3950700,10164300,10925200,11187500,18350900,11219200,10163200,17583600,18960900,11932500,15226600,18231400,9856300,3763700,5065600,18969400,17682800,15996400,11945900,15498700,9762800,4481200,16858200,10240600,18120300,10617100,10870900,9306000,12692300,11873200,11432200,10725200,10658700,13448600,4735000,15590600,9762800,10395900,15703200,16624400,3844000,10973200,13895800,3904300,15913100,4276400,10170900,11373800,16250100,11255200,14495000,17558800,17689500,11596700,11829200,14883400,10872100,10597600,9971200,11101000,4318800,11002400,12047600,11809600,10898200,12439100,4088500,10805800,17681800,5285800,12110800,11222500,13843700,11934900,4384600,4638200,4466300,16683200,17401100,15803800,18196500,18087300,11282600,9940300,4623000,11091100,9461800,12407600,4757700,8871300,9244300,15770400,11512900,16334300,17110300,4102900,10718600,17190000,10958800,14630400,4565400,4802200,4209500,10648700,9863800,4883100,4313700,8935200,4891200,17345700,10899700,13599000,15887700,10796500,13723000,12041700,13042800,11123700,3897000,4532300,19018800,14947300,10504300,14407600,4610800,4926300,11157600,13592100,10842200,14500600,4785900,11005600,3831100,10639000,14086300,4587200,3747600,17681700,4851800,17400000,17647100,11919800,12141700,9877300,3779100,3903000,14422600,18007800,17003900,9999400,12702200,11547700,12721300,10682600,10614400,4991400,10843700,11730500,16674100,3824100,11049900,4779100,3768300,11297100,10892000,16965400,4274400,11488400,15488400,3704400,17332800,11425400,11425800,11889200,4833200,16618800,12542700,10165700,10429400,10693100,3805800,3847500,17313100,11862400,11658000,11427900,17573000,12182800,9605000,10140500,11228900,15998500,9636300,17527500,11374000,11302000,3743900,14913300,12389400,16747700,14882100,3905500,16620300,16402900,4733300,4131600,4422900,13557000,9516200,11169100,11861600,10929200,11417600,17670500,18189400,13098300,12052500,11508800,19243400,9689900,4571200,19140100,10349000,15506600,18967900,9586900,16157800,3617800,13491300,10896500,12007500,10350000,18903400,15378000,3883200,18606100,9988300,15747700,16970300,4613800,4739000,16366600,4175300,18741100,12704800,17712700,4458800,15552300,17454700,13702000,10315000,8944600,11215100,4831500,3638900,9389300,10592400,12455200,11107100,5041900,14734600,11001900,14739400,10459300,11334700,15072200,3732500,3851400,10633800,3682600,16758100,9708700,16368000,10769600,14441800,4143600,10604900,4331400,5153100,11649900,11298800,13338000,13267100,4673100,11589000,5158500,10907300,11878600,9768000,10970800,4157600,15568000,17107700,7758100,11852400,4416100,10915700,11407800,3694200,9551500,11603500,3968200,16450600,4750400,16780800,12803200,10621400,3777500,10033700,9947500,9890000,10853200,14951500,15474300,4531600,18321400,11703700,3945300,10413700,12851600,16815900,9965300,3850800,13485800,9454300,11114400,10087300,12174200,3686500,13773500,18207900,4390000,11016300,11572200,11751900,11509500,10290700,12634500,17160200,17344500,12717200,4539600,4496200,10239000,11583200,10933500,3738800,17394100,13535200,5284500,4924100,4846400,11582600,12860500,15570900,10077200,12369700,10370200,11445500,16496800,11556500,14539000,10653500,12348200,10827700,4033700,9985600,9803500,10350500,17051500,14177700,9960100,12044800,18975300,17040300,8766900,4409100,9771800,17495400,11441900,4514700,3958000,3719300,4941800,3766700,14175700,12723100,16321100,10610800,17895200,12084400,10844300,12469500,10794200,11527600,11487100,13744000,8356900,4874400,10231300,11740600,4965000,9780800,12750300,11350200,14087300,17636500,12675400,3958000,18318600,4319200,12722000,4140900,14104900,8597900,11148600,11667000,4571700,4009800,9884600,10961000,15199200,16095300,10872400,11666000,11219100,10997700,17171100,12946700,9653700,11060600,16984400,10586800,14812300,18545800,18067100,10754200,8884600,18199300,16734100,10431800,16297000,10371800,19147000,18906800,16327400,12541300,15528000,14599000,11238300,11290500,12770000,5253200,17242800,10735500,10107100,10805500,10403600,11086000,15796600,16391900,4211400,13535400,3650900,11484500,4537800,18315200,11707700,10508800,17553300,4161200,4669500,8165800,9230800,11920600,11144400,4466500,14320200,11355300,12338900,12578000,10621000,4857700,16195200,10352400,11377900,9655500,12274000,10122200,4719000,13484800,11476900,11311200,4157700,10588400,3961600,10298200,10967500,12650000,5461600,4992000,15928900,10965200,15309400,9573400,16747900,11923800,10893700,9789100,17768200,3677900,10845200,4311000,10830500,11353300,17533500,13933200,15942500,10134500,13495100,15206100,18198300,13281400,11430000,10409500,16742100,4653500,17184600,14502200,4112500,12889500,17966100,14286000,18869400,11182000,16139100,10108100,11232800,11890500,13062200,10860000,18693400,3982200,15338100,9816600,3957600,9956200,12017000,17262100,13193900,4803500,4054000,13968100,10539000,3816000,11465800,3790500,13247100,4437200,12041700,3971200,11553000,15155600,19024100,4108300,15093500,12912900,10160500,13946800,9943600,10502500,12678500,11775200,18390200,10011000,9447200,4469500,13695000,4834000,12343500,4343900,15325700,11086700,11305600,10985000,10864900,4293300,13604800,11422100,16989000,10257800,10656700,4585600,12062800,9064700,12043100,17520600,15962700,12938400,12664900,16945100,18558200,17007100,14228600,10212000,15786400,14352400,11138700,11044500,12278100,11024100,11861200,13603700,4732000,11247400,17768000,4465600,17846600,11468900,10521700,9718900,4190800,11358900,10927800,15437600,9664400,12177000,16319600,9422300,15646000,4327200,12162800,12659300,9974400,11005800,12994200,12148100,14412700,11496800,18934500,17241100,6014700,10172100,18691700,8908400,12355700,11389300,9826800,11885600,10186100,4111800,13096100,12751000,11282500,17208000,19197700,12077300,9564700,9130500,11667500,15460900,9561200,10760600,10365600,3665000,11858400,18910500,10470100,4492400,11265100,12291200,11000200,12386500,13105600,10967500,12992300,11693700,12692900,16703300,14519000,10995000,11341700,11559800,11286400,4420300,11421600,11744500,12027400,10747900,17314900,14565000,10601300,18088900,11724600,11457600,10369200,4275000,12806800,14744800,4438800,11536500,3717500,14161000,10851900,10861600,12533500,13677300,17822700,14239500,9948900,4323500,16368500,14488400,12186000,11909300,4103100,17175700,12069000,9535800,4090900,4457400,13245600,4633800,9066600,4154700,17259600,18820900,10387300,10702900,9866800,11091300,10506200,11003100,17696800,17062300,11079300,4141100,10968300,4012400,3711300,9732200,10161300,17798000,11084500,15404500,4548200,9882900,16594500,10755000,9080600,12997500,3758600,10978900,9738000,18239700,9356800,11406600,3677400,16907600,16832100,9254800,10178000,3824400,10794900,4343700,10805400,4095400,10985300,15657800,4209400,18356800,11477300,17936200,11213000,3728500,19184500,10574500,9674400,13775100,3630800,18896400,3867300,13385100,3897800,14893600,10979600,17354200,11555000,11637000,11993700,11009300,15643800,4108800,16997600,5123600,19162600,11087200,5552100,9359100,11797300,15636900,14757000,14373900,15534100,4348800,3660100,10085500,19098700,9666200,13892500,10460100,12334400,16376700,11303400,16464000,11953600,10859600,10067700,14653200,17474200,4954900,4593100,4321900,3929700,3899300,13534100,4047000,10609000,12288500,10916100,12403500,5376400,15373600,3665600,4129700,15781300,9558600,15921500,9377400,11231500,18639000,11251700,11163700,11052300,9818600,17905500,11309400,9964100,4190700,3968600,18683300,12504600,12249200,8462500,9652700,11629600,18071700,3715700,4774200,10981100,14963400,11510800,10645200,17723900,4986700,9774500,10662000,11674700,13666300,11306900,15527900,4271200,10712800,17966900,17767100,9990500,10429600,10295800,11135400,10838700,10007300,11051500,4975800,17581700,11310900,16493200,4952900,11906200,17769400,19002600,10636400,10324000,10303600,4258200,3786900,11103400,13385700,17399900,11892600,4553000,10220600,17133400,4625400,15743800,3933000,4111300,15579700,4600100,10905700,10588400,12318100,10696200,15590400,4179100,14030000,13758100,4495500,10347500,10611600,4613700,10637300,8550000,12526000,15147100,4080400,10951600,12252500,11396300,10969100,9901200,4672400,5234300,10668600,12967200,4499600,16429500,17774400,11432600,14018400,13999700,4393000,17282500,5658900,4281200,3663400,9874000,10670300,4020500,10652700,19261600,10591400,16619000,10175900,17748600,11774900,13811800,3814100,12520800,12317800,12001000,17978700,12777700,8695600,14336700,12642500,11020500,11081000,4717400,18422500,16006800,4213600,12116900,10760400,8523800,11411500,11016400,13336500,10342700,14411700,18397600,4249100,10804100,9762300,16641800,11397100,18610100,17262100,16154800,4279800,4392900,3782000,16123400,11023800,4689900,11014900,15120600,10754700,9980800,4005300,12831300,3810400,10201900,9918700,4077400,13011600,13490400,17101600,3636800,8390600,11572500,11019700,3776100,19001500,9202200,12279700,18400800,12911200,10646500,12104500,11441600,12426700,9610200,8517800,11352500,10483000,3695200,3766600,11738800,4842700,17164300,4326600,9624400,17394700,10971100,4045600,9884100,11709200,10494000,11774000,10132100,4660100,17212100,11015100,10830200,12946600,10454800,3674900,11757200,4435100,12441900,4032000,12981700,19177600,11022900,17277800,12771700,16458800,10354400,4796300,15098500,3651500,18058100,15640800,16155400,3698600,17419500,10626100,10651300,11988900,15507500,10864900,10377900,11902100,10301800,16822500,11990500,3976600,12011600,11354900,16757100,15183600,10794300,4274800,10756700,4576300,17344500,9781000,11030400,4084100,10145900,10001400,19182000,13853400,11247700,12363000,4582400,11633000,10791700,11508200,11454100,12345800,17443200,11412700,9373800,11275700,16993600,10797600,12086500,3635200,4099300,12056200,15439300,10529800,12056800,13783600,9675200,13377400,11418300,3714400,4554700,4892300,4305000,12301600,10034600,4012200,14233000,4287300,3850900,17679200,11516000,17198700,18320800,12876900,9720500,10824600,17006800,10195200,8669700,4143100,10937600,3649200,17107700,12208300,10713600,11811200,10442100,11456200,18977900,10440600,4209700,10850500,17966800,10665900,4657500,4919400,4353700,4253000,16478400,12192200,3815100,4259000,13649600,4581100,4077300,10722900,8926000,11427900,3745300,11591600,11330300,3698500,15443300,10823900,17519900,10327300,9003200,11126800,12461900,11072600,17036700,11626600,14009900,18074000,4236500,17154600,18313200,9997500,10045500,10851700,15325600,17277600,15063600,15622100,18155400,16149300,10235300,17321900,18331600,10072900,9699700,15237600,11895100,18022000,4315400,16827000,4454000,11821100,17014500,14073500,18099600,16721100,4336300,4023900,10508800,4365900,17450400,9646700,4254400,5172400,16476000,17933000,4748100,9735800,11265700,9620600,15616800,13086600,15269700,15120400,12114600,17130600,4943000,10885800,4491900,17439400,4204600,11156900,10714800,14675900,17665000,12736000,4521400,10330800,18602500,4320300,4315700,17051700,9824300,4084800,14576300,4691800,15133200,8662500,16634000,11688100,5124700,12054800,10292800,11888100,13746700,4399900,11445200,10288300,16171300,18520800,4584900,10623100,11555100,3911700,11345500,4292700,16556700,4746000,3932000,9528700,10012900,12960800,12631000,10642200,3707700,14187400,16359000,5151200,15979100,12461200,11667900,4560700,3810500,4362900,11187200,11945400,9910600,17901600,9835800,17308700,12797900,4013700,5374100,11528600,10788400,12521300,11253800,4791000,4080800,10305200,10559400,10661700,10006900,12279400,4369900,4039000,10534500,4364600,11540500,11289800,10749600,16471000,12664900,17579100,17663100,4140500,11769600,10720800,16310600,10064400,9483200,9959700,17998500,14474700,17593200,11016300,13400800,12038500,11535800,4273500,11838700,10877300,4135800,12322900,10826500,3935800,10506300,4092200,4486700,10630000,11182900,9748400,3713100,10941100,17930600,11593200,4614800,4134200,12149200,4629000,9547400,5341100,4979400,4286300,16203000,14103500,12452200,10812600,15037400,15167200,18579200,11221200,10039800,4207900,17323700,4306100,10375800,10525600,18647000,4166200,10087600,17467600,9757900,15527800,17495000,4430100,12957400,14393900,5080000,3981500,17740000,17090100,3874200,15690900,4596100,17387500,5040800,9948100,16032500,11242600,5053400,11174900,10537900,15954000,4012400,3646000,11780400,11266100,15746100,16007100,4281500,4878200,9832200,4346800,9846200,11488100,13108600,19220600,16869600,10403800,13943400,18626000,9621200,10052000,9929200,11160100,3879000,12608300,4368700,3663400,17505900,9929900,18339900,10342800,4135800,12524900,4970200,11475700,18092700,15953600,12584100,9661600,3833500,11657200,4407600,12165700,3771300,11844800,13897400,11585000,17176000,4605300,13180800,13945500,4422000,10238200,16013900,15645700,10946700,17358600,10918600,15763900,4180900,10572300,16846200,10925900,11277500,10158600,11441400,4301500,14762600,10589800,10122300,11277500,17032200,9776600,11937600,9616800,14591900,11599500,12859500,7162100,15784500,3888900,9901000,4371900,16308500,17899500,4215500,19268800,12512300,12740500,13013100,9731500,11611600,19190700,10594100,17451100,11329100,13571900,18802600,13593100,3818300,11494600,10872800,9165200,16865700,18672000,16170600,16829000,4634300,14118900,12242200,4519700,18748900,10770800,10933100,10647700,10829900,11718100,9459200,10940200,9315600,10102400,9961600,3704900,15817800,12535600,11835300,16750500,14276900,4093900,11145700,10257000,18785900,16483300,10648900,16590500,18830600,3863700,18638300,11638200,16402200,17190300,16568200,4412000,13843300,4423400,9690600,10248800,10177500,4374100,12200500,11619900,4436200,15329400,4079700,17701900,9107400,17067400,4299100,12560600,9995600,3643100,4523500,4735500,4443800,16244300,17513300,9425800,11076900,11316800,11251400,9699800,11899600,10639600,10597000,16103400,12417500,10628600,10636100,11756500,4638900,3906200,10766300,13935100,4177000,4078700,11215000,11200000,14890700,11839500,13775900,18132100,12435100,10920900,17502500,11473700,11360700,18928200,12823200,17076400,3769400,17076300,4334100,10735300,12133300,17252900,8507500,13843600,3655800,9756500,11205600,10136900,12452200,17005300,13381100,4729900,11201800,11385000,4886500,11990200,18431300,11604200,15574700,10996100,10288100,11383100,11862700,16183300,18193400,3963700,9910800,3722800,11384300,11006100,8729400,11696700,10419700,12078800,3860500,4943600,4040200,18516700,12363800,11021700,11287400,10358100,11281000,10396700,18226600,13917000,10627300,4877300,11144900,10014600,4357000,16450100,18163400,15656100,12149100,9627000,17259300,11585500,11696100,12520200,3902200,11953000,4444600,12037200,18202700,4935500,4052600,16975300,10444400,4082200,16338400,10093400,10897500,18258400,10922800,11255600,12471000,8961500,13275500,11474400,11155400,8497100,4322200,9478300,15805600,17412900,10273200,10933000,18063200,9841000,14009500,12476700,9935300,17670700,13442500,17100900,17893100,11750600,12874900,16474600,10437300,9416100,14580500,15484200,10226900,9395600,12677100,15877800,11258200,3723600,11834200,3637500,16493700,9276900,10328000,18440600,15486300,3956500,9988000,9560700,4157400,10544000,16675500,13503400,10756300,9596200,11328900,11800800,15708400,10400500,15812300,18451300,17769000,3838600,11945100,17980200,4936200,18034100,19233000,15967400,17006900,3701600,10853300,13166600,11085300,14541200,4393400,18978500,5047100,11200400,12570600,11054500,4433300,10559800,15643300,4813600,15978700,17175900,11465500,16045400,11072600,16417100,17923100,5021000,12738300,12283900,17618600,3874900,16658400,10465300,16065900,10586300,11968000,11634300,11173900,12840800,4280400,10651900,17110200,11391200,5473800,10895700,11071500,10823500,10974400,12796400,12004400,17944500,3813200,16718400,10948300,11768500,4063300,11396500,12177800,14237900,4169800,10241400,17515500,10689300,10908900,9671800,4507600,18974800,4387700,17979800,12785000,10111400,9830400,16498400,4630400,15338000,17650300,12793700,15356800,10775000,9438200,4219100,4225800,11202500,16073000,17495600,10593400,15909600,11247600,10568100,12189500,11796700,11970500,10243700,15848600,10079100,10143200,4916700,13486400,10674500,4499400,9676400,11245600,11249800,4134400,13761900,12352700,16538400,8672700,10929800,16882000,10874600,17408300,10877300,17508400,18965300,9751400,4721200,12264000,4670000,10110600,15559300,10981100,17121300,11476700,9055800,10960900,15857200,10794000,9368500,16062800,14698300,11102700,16996300,11070700,11333800,16281400,10430600,8718500,11729000,17999000,15103400,17114700,11371300,12866400,10005300,13508000,16198700,12431400,3678800,3857900,15769900,3829100,5065800,16155200,9479000,17926400,10721500,16417100,4229900,11867100,10437300,13015500,17335800,8816500,13962000,18710400,12346000,15878800,16948000,4813800,11139600,4561700,10320000,18492100,4681100,15123200,16748900,4194500,17062100,11333300,14624800,10694600,3978700,12160700,11340700,10365800,3884500,8557300,9845700,11031800,4137600,17230800,4712000,16510200,11912000,4404200,3644300,10881800,12173200,18741600,11500800,13671100,10750000,17492400,17598100,11313600,11245900,17316300,11362500,8279000,11981900,11463100,10633800,12103900,11146600,12292600,4223900,16956600,8831000,4564700,9747200,10511900,16799600,10716900,4282100,16006800,12694200,13531900,4282500,12113100,3687700,12138300,15656700,8894500,12239200,18181100,11091000,15405800,4632000,4302500,9732100,3613000,15699500,11711900,11687400,19119800,3761300,10580900,15818600,17581400,3891700,4084100,11275900,11332700,10780700,10964000,11103600,10324800,10730800,18117700,9641700,4799500,15408200,13958600,12775800,8566000,15663300,5168200,4501500,11838600,4241300,16138600,3668900,14630700,17458400,10617100,15835200,16667100,11506000,3755000,13954100,10224800,3731900,14254000,4708100,11065900,17950700,10762100,11021600,9750400,10316700,4647000,10008200,3796400,10955600,17429700,4357400,5108700,17084800,14715500,12905000,14760200,15100400,16858400,12069900,14886600,10517200,11924900,15117700,9818400,10010300,11082200,17092300,17738900,17875500,11840000,4555100,13812600,4547200,11460600,17997100,4348400,12430600,12436500,15888700,9264600,13262000,4283200,10633200,16697200,12216100,12628600,12546600,16844100,17258800,9401800,11178200,4787400,16942100,11302800,12454900,4735200,11271500,11718000,13549200,4696800,4514000,15902500,18173200,3934700,13898500,10164000,16027000,9767200,11974200,11466300,4353600,12178400,16430700,12421800,16343800,10382100,9722300,12435100,10789300,16933700,4216500,12341800,4663300,12051500,11005000,14212300,10958600,17731300,12452700,15592500,4339400,9291000,10640300,12481700,10686800,4016500,11070400,3926600,16914700,11778700,12578900,4577800,16637200,18423200,9461300,11249100,12975100,4492500,18440600,5029100,11153200,16096600,10373900,17662300,15384400,11450800,9248400,4837800,9557300,16936500,17358700,18436900,17261900,16345800,9892100,8857800,4017800,3688000,12055900,10931100,4386700,12791900,9040500,15412500,18774300,9860100,12800200,15718300,10472100,17494200,10555300,8861200,4387800,10357800,11344100,15232100,14335600,9603300,9776000,4427700,4302000,11629500,8995400,16185900,10876700,10348900,12972700,11329100,9467300,4452400,5138900,11441100,15763200,10275500,4148800,16089200,17855100,9630200,11035200,12798900,10861900,16953400,11726900,12651000,3648700,11292700,10818400,11517600,9839800,11133200,4138200,17247100,10885400,11559200,17590900,4277300,11414100,11197500,11464400,13915300,4410600,11564800,3849800,10712700,10256400,9216300,13727200,11209200,11996600,11643900,13884100,11959600,4905000,3485700,12115100,15652800,5473200,10875300,15637700,10740100,4387100,15178300,16355100,15637300,12744600,11276200,10372600,8992000,12806500,10846900,17313900,9450100,17342700,9433300,4093300,4155400,3719300,15940100,16513400,4147300,16580600,11548200,16263300,10169000,4087200,4922300,10535100,3910100,15769900,16693300,12054400,16062800,12449100,14385500,19068600,11554000,17424800,8389100,11246500,11471700,13187200,11273100,11867300,19177100,4250300,12488400,11580600,10711000,8920100,17372900,12042400,15393500,11937600,4208900,11450300,17503200,4921400,10447500,11557500,10095900,8495200,4516200,19026300,10734800,9406400,11823700,9474200,14017200,11590600,16526200,11587100,4328400,9700300,17384700,4136700,4384200,11488600,4054400,13054000,10316900,5964800,10521200,4615900,4060500,12621500,10055200,15556900,14547600,15254000,10914800,11088600,3938600,17415900,18411200,10083400,10541600,11087700,12641200,11954000,11936000,18475000,10389000,8408000,17638700,11245400,15901400,15788700,9595500,17327700,10581800,12849600,14192600,12084300,16820700,18342200,16990800,15630800,11208000,11352600,10329800,11548500,10250600,3676100,11195500,19043800,10461800,3741100,9711300,11733500,17287200,9867300,10959100,11849000,10915400,10446900,11850500,15739000,15161900,19117500,13519900,9587700,3867800,4097000,17329000,8862100,15971100,16539400,12702800,4331900,13803700,10344200,12246400,12796400,16334600,15820900,12852800,12212300,16283400,11738700,4477800,18668300,3714800,11360000,13308700,3803800,10171400,4572500,3775800,17271800,10215800,5471300,11067500,18904400,11482500,13812900,4034500,17966700,3658300,11624900,11017300,18023000,10386800,4353300,3179800,14346100,11003700,11471300,15411400,3733300,4033400,12617400,12572900,15654100,10853400,12054600,12339500,11507700,4125700,14383800,9851200,12217100,18588600,4142200,18188100,10654300,9959800,18761300,16313300,10119800,11771400,10200600,9872900,12001800,15371200,10510800,17768100,4085500,4389700,17327800,10586000,11474600,3652000,11301700,10546600,12202600,11142200,9087900,15776300,11014600,4051400,9908200,17531200,14628400,10456300,11514500,16994600,4092100,8757300,10833100,9392900,9472500,17636000,16461100,11306200,16782100,17787900,3931500,12007900,14745500,4669800,8624400,11058400,11579700,16273500,3801300,3741800,19281500,13467200,16342200,3887900,10503400,9987600,11773600,5012500,10755300,4489100,15937600,11222800,18267900,4602000,14047100,4531200,17937100,10678100,12386300,13389800,3852300,10858000,11142600,14502800,10788800,11955000,13818300,15685100,16605800,10078600,12598200,11098100,15582800,10674300,17017300,10917400,9554700,10539600,3940800,9512100,3639300,10103100,11161600,4070000,12525200,11763700,10847600,13312100,17766500,12522900,12744000,9869000,8463200,15439300,17673200,4939100,10646400,12516200,10374100,17296900,11917500,4456500,9191400,15002300,17243800,17895800,3910000,12539200,17601700,10479900,15764200,17651600,9462300,16321100,19166900,11446300,4719900,10724900,11431700,18169800,11359500,10765200,4437600,3922200,11033200,17658800,4317300,11417400,12746700,4669900,3648400,13644200,11452900,4031600,15406200,4378400,17364100,18313300,4065200,10214500,10321800,4451600,12729400,15006200,4474800,15601900,8962300,18874300,16831700,17753500,11949100,8416400,17084400,10746300,12744100,11500000,15564500,13592100,10735900,9481400,16639200,12104400,10192400,4499800,18280500,9439300,9450800,16062400,12020000,10863000,18135600,4588400,5220600,8566200,10657100,11993000,7428400,13798800,4209400,18191200,4528300,4493700,11758700,11561500,8543400,4562500,4260600,10779500,10741800,10226500,9723400,16360800,4061400,10217000,14640300,4166400,12563900,17967800,4668600,10402200,11191200,17672200,4226800,16152400,4300400,19191500,16786600,10647200,3335800,4160100,11849200,4371100,16909600,16418600,4053100,4132700,18151300,3638900,4073600,3876200,11502700,13164700,9929100,10375400,18203000,13281500,3803400,10793200,4063600,10884800,3940400,4410600,10470000,12354400,17171500,14662400,17651100,9126100,18700700,4258500,17778400,10840300,18791300,4613800,3742700,11812300,4808500,9891900,4070900,11074900,10471500,4090200,9004000,16752000,8906500,9771200,17709000,8964700,10855500,9180900,3731100,10872800,9536500,14771200,12303900,3666100,18691700,15780100,11523400,10377800,4185500,4306700,11255000,5046800,15274400,14149600,11320600,9701800,11158800,11333800,10068300,11584600,18481900,11742500,4241500,15723000,10169800,11582000,4724900,11274500,10688600,16447500,13445900,4234100,4906900,17604500,14140800,8838200,15480500,4228800,11110600,10032100,11353600,4373700,3687700,11632700,3929100,11812300,14673900,11380900,18423000,11590200,12498300,3707800,14023800,17538600,11997700,15373300,4581200,13198100,8446200,16025300,11949500,13497300,17446900,11071800,18698000,10092400,13450100,16284800,11946600,10897100,10765600,17306500,10653300,16088500,10655000,10456000,12042200,4319100,17695500,4717100,15573100,16913300,17005600,11747700,13460400,15268400,13270200,19100300,11382100,12828100,13210200,4438500,10903700,16255000,4239500,5052300,14941500,11988000,3988900,11870400,12075100,16790300,14826500,17387200,9569500,10895300,14223000,10360100,10342600,3635300,12804300,10197500,15975700,8671000,18268500,10980800,17214900,4555000,5183700,10966900,18214200,9659100,4373800,18604900,10945400,17136300,14331800,14938000,16297500,8458700,10196900,15113500,18490500,18815100,13529800,17035500,3978900,12775900,11509200,19254100,10836400,10277400,11027100,3867900,11316600,12233300,10497700,4171800,14016600,11370900,10941800,5351800,10562300,13467300,10670600,4421600,3690300,11054600,17278800,3885100,11256600,10921900,16059100,10484400,18720100,10798800,12393800,13501800,10887300,10055300,12484100,4519700,10820500,4203300,12546300,12564200,14912900,9981900,13318600,15655700,13003900,3915900,10815900,16393100,10078100,16453300,15687900,17814800,9833100,4234100,12690200,12589900,17721800,11161000,17655300,10813800,10639100,14171000,13189000,4929100,17639100,13533900,14780400,15766900,13529300,4095200,16851700,19069900,4103700,11634300,9825700,3665000,9869200,4266000,10824500,4149900,17544800,17389400,11778300,8426400,3696200,16004300,12584300,4002200,11206500,4170700,11957900,15687900,15476200,12452000,3984200,11350700,11194100,10672000,16344200,11143500,11236500,11306200,11207400,18622300,14843900,10702800,17684800,14243300,10675900,19046700,16016400,12515200,11833300,17000600,3971800,17493300,13385100,4845500,9077300,13919300,18453500,4796700,9511900,16203000,11938200,10535100,17141000,16011900,16467700,10576400,15194600,18484600,16978200,12958800,16999800,15612900,12109100,4537400,16076400,15029800,11019300,18410000,11308200,10309400,4881600,10903600,16751300,9583500,15688400,10272900,4358400,12830200,4714300,9929600,11059200,9600800,4319900,17905100,11162100,17415500,9859000,11461800,13843400,15056300,11109900,11094500,10395600,4967500,12476700,10731300,4940500,4661100,4575200,3756900,10692600,3890700,15759000,11593500,9590900,4418200,18802700,11419400,4714400,9169000,18373900,17077100,10412600,4394600,9466700,11821000,4609500,11256800,10214200,4312800,16939500,10028300,11416500,8123700,19188200,10505200,5159300,12941500,17464400,15271100,10790700,10236900,18245600,17359900,16595100,3719900,10034400,10562400,11278000,4536500,15460100,10776800,11358200,8716600,4033100,17778400,11066200,4124600,16043400,10075600,4309500,10302200,4445000,4820500,12543100,16722600,11181800,3648800,3650900,13037100,9558300,13806200,8764100,17463700,15603000,11307200,10087500,13378800,13738400,15909900,8948300,3712400,4791000,14759600,3707000,11992800,11809600,11105500,11368500,9227800,10031000,10435700,4606300,4187800,3646900,16835000,10551000,10706600,11964300,18566800,10821800,11509800,12677100,3707100,9753300,4521600,15367200,4630200,4409900,13352400,4694200,9582800,4968400,11981500,17789700,11414100,14822800,17455000,12790100,17403600,14003600,10929800,18826300,14850100,10242500,4109400,10783900,18077300,11090600,12724300,4794800,4554100,11162800,15051100,17150200,14309800,9884500,11683900,8887100,15630000,9162400,11039100,11057600,14519300,13237200,8822600,10403500,10927000,9738100,4009400,12457800,15801900,10667000,11529100,13527300,4943000,17955900,10334200,4322600,4808600,10553300,17752900,8425200,11106100,9826900,17260600,11519500,11411100,10933800,18788100,16358400,12676000,10325700,10281200,10296100,14807000,13571800,10586800,11033900,3867600,18516100,13091300,18836200,4608500,9517800,3898200,11132000,11801500,11282800,14772800,4639500,11715600,12304700,10792600,10586300,17939600,13409300,10877200,12036000,4044700,4403800,5042500,3749800,17382900,11352500,4602600,4113900,8189500,13621000,11862900,11236600,4187100,13173900,10685400,3874200,11474500,14587500,17862100,13559500,17300600,10936700,16510100,11390400,11752600,11226800,3796100,11594700,11166000,4091400,9790000,11172700,4478100,11619000,14106300,16717100,4507800,4666400,13841600,11526900,17994400,5184000,16369500,12436300,9374300,11809800,17264900,3711500,11286500,18128800,17268600,18897300,9250800,9876400,4584500,11114100,10655900,17893100,16053900,17032700,16253500,12394600,11326900,10991100,4028400,10841400,4218700,3876700,11793100,9838800,4256300,13825400,17872400,15137900,4651700,14182800,9649700,10531100,12023200,10156100,18029000,17505000,17433900,9419000,9580100,12143700,11950100,9112200,8898800,14039700,17663700,19215500,4232600,11855400,12768000,15146700,9881700,11458300,17035500,16551700,11081100,10034600,18596500,10794400,4094400,17380900,17111600,11407400,14238200,14140000,4303800,17329700,10730200,11357400,4537700,5453300,4924000,10840600,4845400,10189300,12866900,10468200,9988800,4330700,15407700,11131700,3883100,8726400,10105100,10006800,12050400,16817100,9366000,11807900,16291800,10160400,18329400,16681100,10513200,18889900,16496300,9380100,13132300,16624900,12799700,17510300,4308900,3911500,12362900,13740600,15041900,10824200,10079400,11178900,14006300,11127700,18956700,18912400,12125200,9668100,18847800,11581900,17621000,11769100,10956700,10931700,15629800,11007100,4535900,11185700,4338400,17911900,10368300,4511000,5761200,4312000,12760900,11123900,9399000,16249700,11525200,17556700,10476900,10981600,11158700,18140900,15744200,17445400,11553600,15876400,14814400,3910700,9340200,4235700,9115700,3860200,3643800,10737600,4511600,17611900,11470200,16436000,4213600,16817300,4270500,13783400,3943500,3634300,11347300,11665400,17878900,4269600,10270800,12209000,17731400,11377100,17188600,11055000,12913700,12426900,17575200,11514800,11266800,11746400,16566600,16379200,4156200,4100800,12415800,15952900,17296900,4611800,4184900,16812100,10254800,13701200,11684800,4692800,16513600,11439600,9834500,10751200,11915100,13662400,9657400,15212800,10118500,17109000,8940200,11944300,8948800,14545500,17583100,17959000,11187800,11457000,9589600,11021100,10770000,13225400,12297800,3896100,9696700,4214700,11256100,10554800,10520000,16456200,10870100,11278300,9227600,4581800,15297500,4727700,4120000,11090000,16307100,4456000,12298600,8326500,4895100,4879800,15408500,10285100,16925400,3775800,11409400,13058300,12043900,15784000,12120900,13009700,4177200,15248900,19176100,4339500,18555400,10484100,17498600,17928000,19109500,12241200,4755400,18217600,10214600,12170300,11137400,11571100,18877700,11247800,17933700,10418500,13126700,10661300,15031000,15021400,17083200,10919100,9758000,4776300,17228000,10446700,4704700,10196500,10277800,10659200,9567200,18720200,5189800,4277800,11091000,19059800,10118400,4146800,10605100,16705900,3812300,17733200,11844400,3706300,4367000,11450200,3989000,17381100,4705300,11825600,15232500,16278800,11500100,15987100,11854000,11130200,17469800,17896700,9739900,9916200,17101900,10132400,12450300,4243700,18009500,15417700,12275200,10729100,10101300,4348600,12667900,4120800,13196500,12209600,18976200,17591300,11549400,9873400,17355500,13385100,16815800,10631900,18234500,12316000,4105500,4164700,11369300,13275300,11334800,16287000,18220400,18145500,3895600,16362500,4375900,15416900,11587200,11968500,8889500,14430500,16811900,16733200,4186600,11175900,16994400,9053100,4668800,9434900,10570600,4937800,3645700,9859900,4059400,18856500,8779000,3782300,10367300,11979900,10010300,17875700,10485500,10579800,10452100,10229700,13097300,14829300,4248200,11311500,17824500,10948200,15110200,4315500,10734100,18349400,4960700,11507400,10275400,11589600,15674000,4541600,9635600,10656000,4315500,15715800,10111300,19082600,17465600,4963700,3836200,18395500,11193300,11335400,3880100,4323700,11242000,9150000,12052100,11828700,17685100,11340900,12225300,11229000,3696300,4878300,4589400,4317700,3757800,18015500,13093900,9386100,11514500,11662500,9889300,15603900,17211100,9948200,10598500,14014300,14750200,11908700,11913500,10354500,11102400,18323800,7735100,12193900,18459700,14097900,15551200,15642300,11485100,17327600,10738800,9879500,4563800,9851600,9902100,17096300,15178700,11232500,16858900,10537600,16230200,10865600,5116200,15220500,4638700,18998100,13883000,10679100,9165800,10309700,9308200,4413100,9460500,15192300,13039700,15089500,4362300,10370800,9698500,17881300,10516400,8198400,10150100,17501300,11739800,11921100,11163300,4309800,15392100,18574500,10006800,11328900,16886800,3904900,5280300,14211600,15266500,11399000,4326200,11885400,12163200,3969000,11306800,14553800,9439900,15574400,13369900,3651200,17569800,8368900,9579200,16765400,11241900,14691300,4387100,15818100,9775300,10381700,17342600,14254800,3723600,8997600,16280900,12842300,11548300,17447700,10617600,10507500,4722900,10241500,11196900,11950000,11561900,11823000,3953100,4528200,4232600,15825000,4742200,3771700,12891600,3887600,15267900,16748200,10551500,13250100,11763400,12781300,3817400,9277700,4447300,15287600,14317600,4170100,4515200,12303700,11431100,4371600,10962800,11403200,3733800,14736500,10974600,4332400,17114200,13939200,4541600,11407400,4558800,12302700,4400800,12480700,13621700,10208600,11586800,11740100,8334800,10804700,10235200,11391500,11695900,18434900,15033700,9215200,16116900,11941600,3726700,5061200,8130000,3715500,10797300,12296600,12181300,11082800,15853700,15839600,4307200,4271700,17887600,4677800,11613200,4174200,11501500,18714500,4429400,15069300,9091700,3878600,16637700,9753500,4152000,10216700,11593200,9709700,16567300,11973300,3902300,11895500,16918500,11212600,18114600,17897900,11475700,9229200,19219300,15916400,11234100,12261000,4373700,4489400,4674700,16344700,5509900,14548800,15959600,12346800,17575000,11226800,3921800,10604700,18204900,10967000,12863400,4074800,3652000,16306000,4195700,11421500,16058400,10469200,11982800,3814500,4235200,16884500,10564500,10186400,17232000,4460000,11252900,3768700,10375300,16894900,10605000,11509900,12866500,4064800,5293900,15307000,11326900,14646800,13657100,8293100,9692500,13306800,10748200,12052600,13970400,10901700,4576200,9273300,14447800,13750100,16623500,15675500,10291400,4245100,3649600,17844300,4074000,12459700,4418000,10832900,12599900,11392300,15628400,5404800,11164900,10703800,12329800,11284900,4583200,10538600,19184500,11646100,18583700,4874100,3793000,11467300,4613800,9433900,12004400,11027100,9442900,15494700,12974900,10928100,14852800,10733800,10835900,4458100,11327000,15913000,17187000,17571100,10578800,9848800,9266900,18625800,14225900,18272300,12532800,10133500,15749500,11064700,10683000,16655000,4525100,15061000,16899200,11269100,18481500,16006300,8678600,3699800,4344900,18109600,4521500,12252600,10190000,15850000,11277500,16172500,3801400,4799600,11583000,14784000,4066900,4462900,4724800,4991900,9830200,11673600,15341900,10717700,19144400,11676800,4355500,4175200,10838400,17746500,3850500,18330800,10266800,9413000,14715600,4636900,15904200,17196400,12318300,11390600,4292200,12385300,16996900,10020400,10356600,4302300,10692900,4192300,14476100,16820700,10272400,16478000,9641200,12211000,3683700,11588200,18310200,4244400,10803400,12220900,17917700,15435200,11262200,4355100,10143300,16456400,3666100,4745500,4471400,4209400,14187600,8954900,15758700,9987200,4351800,11246800,16726600,11655000,4234400,4033400,12023300,10523400,14980900,17534200,10865300,17531600,16325800,10808600,3892000,10533900,10281100,12259200,18325100,3669100,11983900,11046200,9569400,13040600,12231500,11946300,9757200,10872100,11734900,9597500,10813900,4324400,11525400,15778700,4438100,10614600,9872700,11226500,4207700,9425700,14949700,3994900,3678100,10585800,9607000,10965600,18057000,3928600,10259400,11125300,17012400,5499700,4227700,3673800,4736500,4392300,10793300,11230200,10156600,18293400,18588300,16045300,9905200,15498400,4378500,10930100,3820500,18015000,18178700,12893500,9365200,11545600,3846400,10629400,3838100,12568700,3919700,15303600,4504700,11967300,4524600,3646600,18442300,11143300,14634200,12612500,13225000,17623200,10890300,9669000,8657600,9708000,10150900,3721000,14031900,4818600,12495400,9411900,4096200,10548300,17154400,11178200,12915000,17614000,3758000,11291800,11408200,15889500,17890100,12586200,10510200,17556700,18734300,18552000,4012200,14692100,4036200,15694300,12434000,13357800,10198300,4613700,10959200,12850800,11467000,11230900,4190500,9744500,9606300,9955500,11068900,19237700,12056000,3984500,15460000,17746300,8696000,10312300,4096300,11126700,9960600,16363600,4267100,4526800,11427400,12879900,4651800,12265500,9816600,11510600,4195800,10636100,4006900,4611400,12428900,10605200,16263700,11364700,12864300,9689700,10525300,10843000,12244200,10908400,16580700,3793500,16974500,12007500,15696900,4663200,15387500,12547600,10939200,13378600,10938400,11766600,12113800,5241700,10034500,12485600,4975800,17808800,9539000,10219900,3702100,4866500,17409400,4696000,11970100,16477800,10125500,4909000,14907500,11306100,16461600,4315300,12617700,4085600,11466300,12540100,10477900,16778400,10640600,4339100,16226400,10335000,4341000,18955300,4493500,3996800,4200800,4505100,3690300,4537500,9249800,10599900,9534200,10592100,4199700,4274100,15578500,16746400,12032400,9927300,11552000,16921500,11005600,9895800,4386500,15518200,4881000,11888600,15716100,4467000,11894600,11755300,17461200,12246400,10600800,14107000,16944100,17762300,11387400,10477500,9527200,4038700,10047500,13214900,12514400,9722200,4103300,14839900,8899700,12240600,12142800,4438700,10704200,17939100,17544700,12391200,12790600,12346800,9970000,12198500,17858800,3733500,9674000,12912800,12283500,11110600,16413000,4803500,18406200,11500000,10528900,10590400,4196600,11286800,11503200,14042400,17139300,4815100,19068200,18600900,4568600,3739400,11342700,3675300,4710200,17395100,19013500,11141100,18080500,9128900,11525500,12609200,12101700,16036600,4163100,10707500,10018200,14098800,11031800,4090500,3804700,15518800,5654700,9721800,15864800,10813400,14924200,9468500,10701400,14422700,9958100,10052400,11287500,13442800,4318500,12801500,18110700,10484900,13473600,12440400,12040100,11284400,17852100,3624200,9899400,3713700,16433400,9945800,11124500,17913000,10390000,3758800,10564200,11058600,18433800,16076400,18045200,12076200,9573700,16586500,11076200,18555100,4234300,11849600,11162800,4505100,17807400,14968700,10803000,16766600,4124900,8758900,15451500,15236200,10644100,10882200,14061500,11623800,11100400,10153800,11366100,11604700,12770900,10233900,11445800,15086700,12976400,11874800,17646800,18466700,10665400,12930600,11191800,12148100,17436800,16689800,14972000,11436300,10262000,10935200,14936400,13533800,10246200,10917200,16084100,3756300,4821000,10905900,11075300,3967200,17997500,12478000,17572400,4675900,4344900,11314100,17604900,4666200,9615900,4174800,10127200,11056200,16356700,12350800,11088400,12303900,11067900,9898800,14448300,10065400,12122100,15158700,11032400,9308800,9494400,3686700,17850900,10863800,12257500,18856000,10666700,10635700,18846500,4429200,13480800,3923800,9596900,16156000,16176200,16977900,4270700,11167100,13236000,17381500,8904200,13277400,4678800,12137900,4353500,4568700,4103000,6318900,10916300,3967100,11728100,12799300,3806700,9067500,9183200,17083300,8631100,3704300,3889300,9737200,12700000,4320200,10002400,15644900,16157600,4469600,4590500,10839200,11225500,4081700,12405400,9923400,18044100,3749200,3945500,17260700,11978000,10972500,17383900,10983300,17273400,4193100,3738300,15836800,12665300,4503300,15899000,17635500,4371800,4055900,16001700,12428000,4186300,17876000,17327600,4495600,12311000,10864500,4532500,3743200,4963100,4643300,12196700,15494900,12129800,10294900,16823300,10729700,17334300,10797200,16316300,9783900,17781600,14170000,3765400,15926000,17714600,14121200,10554200,18367000,17576900,13079900,11152900,10823800,4258800,9811300,14932100,13515600,15829400,10605600,11026200,12274500,15622700,8821900,4367200,16141700,3761100,17696400,18338500,14900900,14142700,10954400,13162900,15460000,10825300,14883700,14788700,4751700,4184100,11392600,5424100,12273800,18093100,3832900,4611300,18178300,11226400,11080200,15744500,4589100,10059400,9093500,11507800,12742600,9524300,11476300,12677500,9611800,16439400,18564600,10047400,3758900,13811100,17731100,11499700,11660200,4500800,9743500,11113600,15164400,16216700,12180700,8944900,16680000,9612500,11284900,15714200,10657500,9431100,18078800,12744400,12626600,3653600,8045700,10825600,11793700,18100100,17591500,18586600,16777500,4531900,19133100,18709200,17034100,12587800,4018500,10009600,14671100,11739900,16475600,10307300,10876900,18895200,4369100,5242100,12135600,13806600,4244900,15667800,13295300,17831200,5537900,17212000,4460900,18740600,3748900,11762600,15494200,17503600,9338300,12412900,11893400,9571600,4277700,14237200,15686000,11165000,17081400,9980300,10147900,16789900,10138000,4775600,3672100,16370400,17224200,13188500,10460400,10653600,13865500,15982600,9901100,4435800,11298400,3698500,7842900,15241500,4105400,10455300,4045200,17473900,4129300,14390400,9218700,11669600,4970100,10581700,15607600,19019000,11435100,17401500,11446100,10643400,15160400,8243300,3953500,11127100,4548200,14858700,4203500,12512100,12207000,10087100,10086800,4476100,14437600,10985700,11730600,12943200,11860500,15966100,10769600,11128500,11269000,4177300,11907500,11591100,17767500,10195600,12995100,4989600,11049500,10939700,10380800,17520700,13099000,16697700,9981700,10547700,9830300,15978500,4311400,14334100,4579000,17402900,3942100,11776300,11120600,15246600,10613800,16997800,11014900,10638600,16658000,14536900,15211700,13432800,5104600,13002400,4461200,15684600,9990100,13734900,13333600,3999800,10934100,4380000,11160300,11134700,10940500,9737200,17920100,16797700,18061300,13281800,4327600,4040600,16645800,14008600,18686600,9487200,12589500,3790000,9426800,14499000,15894500,4403300,15305200,16192300,14665800,10086500,12888600,16856900,9105700,8481200,12428900,11532200,19003400,19004100,12207600,18222300,16190100,11983100,15674500,11933000,11163900,12910000,9702000,11008300,4059600,3638400,17509500,10666400,10561500,4318200,9947500,10934300,3949000,4542600,12757300,11288900,15364000,10335500,11316500,4997000,11128800,13171600,4841200,3947600,12186000,13550200,18609400,16061600,4462500,16696800,8885500,4372700,10650100,17646200,4052100,17185300,13703000,9412200,11547600,17364900,11654700,11785900,9661500,3710500,9712600,11221800,11678900,10804700,3852700,12794000,10800000,11287500,9495000,11071300,12846500,18752700,16481800,9201600,10964300,10683500,12365900,10173100,10540300,3680700,4836100,11131800,9713400,12994200,17542700,5100800,17290500,12146600,14084400,3628400,12715100,11472000,11895800,15372200,10929300,8301200,19202300,14611500,10691300,10836500,18117000,3798500,17917200,4418900,10720800,4765200,16079900,10851800,15148900,11816300,13780800,15751600,8507300,19321500,16453300,10226300,10143900,15924000,11312500,10940300,10323800,12406800,11141300,4597000,16173600,10032800,17175000,9335100,4337900,10654000,12488200,12195100,9818400,3918300,12091600,9672000,9332200,4002200,10993600,15475900,11719600,10714900,11762400,3928100,10500000,4748900,11117100,11835000,5316400,11601500,12055600,4036000,12076000,5140800,8643700,15652200,11547400,17932100,4909300,10960900,14176600,19227300,4438900,10890500,3660100,13026400,11970100,10952800,16721600,10553600,3930400,3987200,10981000,4468800,11184900,11047600,15593000,4641500,17149000,9109500,18954600,12626600,12997100,3845200,13298400,10272400,15686100,15174200,10500300,4695500,4502200,4912100,11342500,11212300,4102100,10462900,11190400,12409900,11100000,11554100,15245500,3868400,11786200,4172800,10144600,4605700,10818400,14729600,9698400,11777100,9566800,16546300,4503200,14543700,10046000,4308700,11913400,18883000,17820900,10231500,10359100,10646400,10228000,16063500,10796600,19144400,11038900,12326300,10770200,12460800,12123300,16455700,10395600,14939600,18265900,11532400,9674500,11708700,11816800,17819700,10893900,17862300,15967400,8831400,5582900,10353100,10039700,4403400,7462200,12868200,12215400,11445300,9422100,13788700,10937100,4428200,12009700,3827800,15128000,12083900,10203900,10049400,17432000,17206000,8893600,11594700,18897300,10328500,10867600,11108500,10950000,11494600,10973300,9923000,9831000,12126700,11544700,11274100,19325000,17772200,10277100,10502900,9360100,10059900,3764300,11981500,11252400,17186200,14452400,17962900,11133300,3679400,4253100,12273400,9603100,11297800,18694300,4155900,10160000,9368600,16930600,17865700,9767900,11737700,4294200,4483200,16287700,18918000,10896800,17751700,13618500,11953000,11241400,17403700,10594800,11552200,17500500,12808200,14232100,15810200,4501600,11236400,11528400,10971500,12134200,12096700,10678100,15433600,12814700,11472400,10260900,10573300,11715700,15830600,10956500,10787900,10546600,4622600,4397600,11850300,4691000,12038200,16382700,13286600,4424700,4259500,11102300,3722700,15750200,10496600,14600200,11478000,13339900,11203700,11939800,11473400,4514700,11786300,3978400,11269200,17729500,14632500,11901500,17962500,14865000,9583600,11817100,11233900,9769600,13981500,12921000,16012400,16350600,4217500,4389300,3981300,12020200,16019900,15835300,11193300,12556000,4109700,11036600,16638400,16628100,16014300,17302100,14192800,9534800,13719200,16330200,12857800,11124500,10577600,10133200,16048000,18155600,11080500,11238400,11417400,11169100,10822200,17998300,10823600,10915800,11179000,12117700,12585100,4185700,4060000,10588400,4602800,13559300,10884700,14520700,16972000,11613100,4890000,16987500,13019900,10901100,18030200,10527100,13357500,10267300,4024300,12176800,17006100,10829100,10591300,18218700,10434500,15821200,4931000,4520100,4177600,4768700,4083000,10880300,8601800,4109300,12091000,4021500,9433300,15746800,16528800,4724600,4154400,3784600,13063900,15964200,3995000,17161100,15672300,14580000,15371900,11449000,14458500,14309100,9988500,15156600,10764200,11306700,10679800,10898000,4633100,10060500,10000000,16060900,18336400,9524700,10508500,4804100,17503700,17122900,11061000,8839100,16920100,5093500,12301600,16994800,11213600,11192300,11110500,10777000,11303800,11500600,10496600,12208500,16253600,4552000,16196100,9909500,17218400,11122400,11328300,15483500,10185900,16248700,11970000,3941900,10584700,4198700,11736900,11300900,10415900,15969900,10821100,15398000,3732900,8688200,4323900,10561300,16395600,15947400,15916200,12486500,4381300,11947500,9324700,11387700,9974600,10796000,10394900,18004200,17798900,18028900,17821200,15043600,4441500,11312800,12780700,10388200,18913300,13183000,4442900,11723500,17700500,11151500,15256300,16204700,10184000,3787900,15445200,8835600,8817200,4247600,10064700,4829100,9134600,9819500,4052100,17676200,13073700,17094400,9613600,19247400,9889600,11507800,4242100,4006800,12232700,10866000,16874200,10095000,10256900,12808200,11636200,11161600,3928400,4233400,11134400,10241300,18231200,9849600,10662200,11306900,4983600,15131000,18968200,9673400,16978600,10825000,10472400,4230200,9840900,17366900,16212500,3781700,16485800,17815000,11688800,8996600,11441000,9628300,11444200,11093900,4356100,11559300,19064700,11462900,13857100,11436100,18737400,3975500,4203600,12339900,18170300,3915600,4657300,4488800,15306600,12014100,15837800,4329500,11002800,5437500,10355400,11813000,14320700,13211500,11557400,17136200,15695000,17888700,7549900,16184800,17335100,11078500,11928700,11943100,16831900,17817700,17342000,4442600,11541500,8840500,15974300,12173600,9191800,16703900,10561800,9697500,10281800,12003600,4337000,12239700,11594700,15518200,9854400,11236200,14994100,3758100,9570000,18274600,10573700,12382400,9897200,8872700,16510700,11050100,11089800,11522700,13195100,11209400,12908100,9206800,17034600,10285800,4475700,11326100,3680900,4877800,14013900,11268100,17818300,18667600,18678400,11783300,9581900,4548700,17698400,3805400,11405600,11817000,12828400,3870900,9790600,11938600,16876300,4283400,17080500,10184000,11299800,11596800,10551900,16873600,4671600,18696300,16752000,12379300,17046600,11182200,11815500,3916300,9617900,12665000,12154600,16673600,3917500,11608500,11256600,16129300,15641400,10638100,12611200,10739200,13780700,11902700,9814000,14479600,3792500,5033600,16658400,11563800,11561400,4146200,16676200,11398400,4893200,17033500,15591100,9334300,16612600,10961200,11231500,12102400,10108000,16513000,3694000,11282500,3969600,11616700,18299700,8797900,4255800,3676100,10527900,4413300,9930100,10816000,11147000,11356300,4349000,11311900,12582900,11987900,10958400,14944900,12624300,10007900,10681000,17775800,15074500,17867000,11155400,15925100,11294100,19033400,18023000,4198400,4017300,3837800,11322800,11540100,9890700,11743100,10657100,10927000,4576900,11655700,3750000,17539500,3732500,3716600,14435100,9902800,12153700,10777200,9517200,11037800,17740100,18702100,10755600,11025800,13443100,10823800,13447900,10898000,10096600,11650900,11344300,9768400,4630400,18600600,12392500,10362300,10782000,11153500,3763700,15973300,9709000,11220200,10217700,11134300,10955600,16214000,17187700,9842600,12355900,12213600,17592300,15105200,5236300,11957400,14041300,15678600,4024800,10249700,10868800,11071100,18141600,10142300,17298700,16349900,4563100,9434700,19116600,12721900,18324400,11176700,3704300,17110800,11123700,14581300,11551200,3856200,12860900,3660200,12136900,4184200,8457100,11565600,11374000,12120000,13086200,17776100,10260400,18111800,12882100,15759900,17575200,4008600,12330000,3972400,10720500,3880500,10345100,9941600,14200300,9713700,11312800,15283200,16221600,16485400,13904300,16455700,3679700,11146100,10421800,15641200,4314000,11924400,9769800,18935700,15161400,10253100,11132100,11764700,10597000,13083000,15230600,4145300,13789700,4429600,15061600,4195100,5102500,11428300,16231500,13220400,3799600,4820600,10893600,9974500,16132200,11677500,14349700,16009100,9815300,9354400,18660600,14552500,19111500,4548700,11395200,16894300,4057100,4209200,11480700,8647400,10669400,15882300,4075200,12054000,11637700,12057800,12349300,19004000,11644600,13024800,9617600,16507300,10434700,4526600,3935500,12582400,17248000,4724000,11584600,14941200,4097900,14988400,9132500,4298600,16377800,11165800,15027500,8308700,14971900,12666600,10839600,4144400,10491400,4131700,13416600,10077800,16596000,10557200,12729800,11228600,16008500,11725500,11038200,12201400,11209600,15937700,13729900,10784200,16889200,12085400,14061400,17720600,4268000,10915800,10780600,16963100,17831900,10745700,10481800,4412800,14086700,10841100,16350300,11135800,9526500,15974600,3747000,10989000,4282700,7228600,9515000,9349800,9877600,4747400,10690000,4972200,9319400,11367500,16577600,4343500,4350300,4069500,4798100,10778600,16519200,11137800,4137700,4192600,3840200,17797200,12462300,11014300,10147700,18161600,10255600,11636500,18277900,4254600,4501500,4701800,4216200,9775500,16554400,12555200,4627300,18255000,11473400,4356400,4210400,10171700,3647000,17243800,10114200,4367300,13233800,4367900,11772600,4409400,10412900,17499800,11978700,3880600,9871200,10738900,3695600,14711100,12012600,17163600,3721100,11082000,4233500,11222100,9548600,11367800,3860400,11282900,10155500,17141400,10092300,10061700,12446900,10234100,10119200,10754500,4427400,11381000,10504000,12838200,10694600,10065900,14774200,8869900,4753700,11186900,13973300,12320000,11199100,17816400,17394600,4105900,15077400,17474300,10898400,10616600,4503200,11531700,10889800,18044400,14445500,10882900,15898100,13230500,16701000,3586800,9749400,17836200,4579400,12438500,10377900,11262200,11566700,11202400,11501000,13905400,9331500,13802200,4136300,11894100,13060000,10226200,18272700,4023300,4172000,10979300,11683400,15353600,11219800,16688600,12002600,3838300,12604100,17161300,17699000,17261600,19258700,11054100,4478700,4540000,17168200,15607000,14718600,10495000,11579800,18549700,4861200,17401000,4067700,15692100,9628400,11338300,11755800,16442800,13724400,11522900,13024600,12233300,9827600,13174200,12591900,14882400,18630700,12877700,10789300,12440000,17842900,11738500,4304900,14876900,4293300,7933700,18618100,17700500,3721200,11297100,10989800,4160500,16705100,9851300,11042200,10965500,3997200,11393100,15931000,10738800,11839200,3798800,4541600,4131300,9444600,12197900,10152700,3746200,10224800,9067700,10693000,11563800,16936500,8999400,4353700,4197400,17742500,11328100,17921300,11333300,10181400,9458500,3656100,17176800,10197400,10129200,4452300,9637500,11221900,16506600,18451000,17746500,5249600,18728500,13824400,10055900,14637800,12651100,17600000,12710200,10090400,11364000,11108000,14806700,17241800,5409600,9886400,4938000,19046800,4630800,4355300,18535200,18125100,4660700,16173300,15891800,12110400,11019600,10114100,10949300,17691900,18040000,11296900,4577600,15931300,9819500,10613900,10530300,11178500,14000100,11139600,10649100,10779200,10471700,16047000,10480000,10177900,11721800,15388200,4884800,10856500,4169000,4281300,11275500,4720200,15600700,18462400,12539100,4112500,10562800,10483800,5138200,10524900,18280800,12445500,11386900,18497900,11314500,10695800,11630900,4374900,18948500,17773700,4123900,18143500,11224300,10767100,17789500,11644400,12023800,18387200,15837900,4153400,12220400,16245000,4481500,11236300,11483600,5806500,11520300,12061900,4148300,4326700,14209500,12414800,4162900,11855600,11535100,4203400,4548300,13425200,8521000,4140900,11238800,10698300,12593600,4153500,16062900,11587500,15346600,10237500,11966600,11896500,4606900,12407400,12751600,19126400,10555400,11165000,10809800,11247500,11303000,15598200,11877700,12117100,17757400,4646900,11315000,16689900,11041700,15621500,12051600,17057400,4317200,3946600,4540900,10892300,16273400,11268800,10485300,9806700,10157000,9958100,11728200,11308300,9732000,16693100,3911700,10484900,11062800,9107800,10668600,12115900,12698300,13394800,10151000,10263100,4221000,11048000,16384900,13234100,9397500,13923000,10832900,9560200,4679200,3959700,11384500,10493200,11514800,4768300,11433000,13792800,5082400,12377500,4353600,12917100,11009100,13448700,11348700,4261200,11023800,16498900,10878900,10437400,10872800,15395000,8751000,10240700,15919200,12097200,9817500,11990100,10127500,4385400,12044400,3776400,4281000,10307400,12459800,16866600,16385200,19245800,3924000,10941300,14839000,10118300,11659600,19079400,4837700,9408400,12486100,8597900,4183000,17192600,4689300,4121100,10799000,11557700,16373900,16171100,11352300,10998200,19207600,11485200,17744200,4248200,18670000,4058100,12103000,12280800,12966900,19214700,18305000,11126800,11914200,4252200,4318200,12551700,10976400,13818200,11084400,17975700,10667900,9939600,12092600,10465600,11440700,3890500,10713700,11354500,11137100,12025000,11165900,10190700,9204100,17634500,9987600,9498600,14233800,15153200,4369600,11305200,13861100,10394400,11038800,16125600,11587900,4435300,10616900,16982100,16998400,9472100,3659800,17837800,17445500,3704700,14599800,16107900,16274100,11712800,4127400,9686200,15264800,10057900,15292400,18836500,10005100,12027300,18794900,17487200,17066500,11009000,15647200,10849000,3784200,11178000,11070600,4095200,4271300,9604200,15747300,4348500,13290200,15109100,18362700,4533900,3691000,18135000,17742400,9154500,4278800,11110800,4140300,12344000,4383500,15758200,11260700,16183300,4158400,11213800,16222600,10016500,15576900,17525500,11952800,12736600,17986200,10361700,9711600,3667600,10803200,10945000,10081200,4153000,11036200,12012600,16043400,15122900,5080600,14208200,9786700,4338900,3839900,8245300,11554500,18986800,17536800,13183300,3668300,8741600,17829300,11081300,11145000,17956400,15580800,11144500,9323200,3826100,4876100,15267100,18447400,11449000,10973900,4851800,3966300,12453100,14206700,3946300,12372600,15097800,11660500,4294400,10787000,5127100,15654800,16607000,10654900,18534600,10127300,10618100,11253800,4330900,8851200,10536600,8954900,4402200,11522600,17559000,16981700,11606200,9728900,15412000,3707900,9900300,11437100,11721400,15670100,18107400,13026500,17304500,10893300,10964900,10283200,10178100,19030200,4975400,3904700,14463200,11085100,11810400,10955500,15000300,11442900,3919200,16289700,3812200,16922400,13634600,16589000,16869000,15454100,16580100,10924000,17620200,10842800,15785500,9504400,13994600,10422700,11374900,15277500,4410800,4563200,16671900,12564900,3945800,9918600,12893000,13972700,16529400,10118400,11029900,4628100,12040800,4938000,14422700,11126000,9845000,11296600,11326200,11278700,11333000,17905900,18625100,17972000,14537700,16436200,4457100,11234200,10243500,11978400,4119800,16031200,9832200,11368900,11496300,5013400,9107300,3728800,10937900,10906800,8846700,11067300,4350400,4093800,12482400,11211000,10918900,11214600,14801100,11139700,11620300,17436300,14029000,4238200,13436100,11000500,10747300,10183700,4085800,11792400,12191100,18704800,15957300,12094500,4110400,14247300,11450800,12982700,3890700,15175400,11039200,10905200,13055100,11902600,4662400,17853400,17868200,11500800,9141400,12142900,9440700,9024500,4065400,4709400,4001700,4659000,9764000,11702500,15215100,4924800,16721200,16454700,9591600,18610300,3673800,9989900,9939700,15509800,14250800,17072100,10890700,17580700,4960900,15684800,11416600,10859600,12867100,15639900,10998000,4960700,12065400,18778800,13450100,12191700,11280800,14514200,4655100,11710900,10035700,4074600,16148000,11066600,11240500,14909300,16149000,10986400,15190600,17108100,9800800,3634000,16889600,4875900,11028400,4336600,13573700,15258100,16507300,9688500,11018300,15804000,11705900,4217600,9406800,11312900,3692100,14442000,16446500,11940900,11260900,17002500,10640100,10858400,17005500,16184500,10890500,11729900,11267400,11327700,16345800,4596600,3715000,12287000,15884800,18273100,8848500,10498900,14993000,11886900,16237600,9515000,11732300,4012800,12839900,18229100,18948000,9693500,4151900,17145400,3785400,11190000,17224200,3787300,10787300,4264300,14768300,15838000,3674000,16100800,12603900,17133700,11518500,14475400,8150000,4909200,11971600,15010800,4277100,19219700,11558400,15810000,4266500,16806000,9525000,11350000,9088500,12698700,4167600,11050600,12149900,3836100,9501000,12414100,15780200,13281200,12256400,11354200,14376100,10896500,12694400,12133300,12092800,4074900,18291400,5382500,3834300,9768800,18340100,4630900,10689800,4514200,10579100,10719500,4504100,11061400,10825000,12406800,15301200,8988400,15002300,11540800,10759700,15260300,11365400,10776700,9632600,10728900,11141200,8728100,4169400,10669000,17749600,12204800,3651800,9406400,10838000,16369400,15646600,17188600,4461800,10938400,10952700,10282500,10643500,13878100,11126900,3653900,18974000,4235700,11465400,18917900,18221600,13934500,9991300,11346200,10397900,17943800,13640400,4269800,11293300,10562600,17019800,15418400,16801500,15874100,17341100,10186200,12679000,17496500,4050000,15075600,13135200,15028400,12625300,12239300,10853200,13567100,14349300,11281200,9067100,17832600,17186700,16928000,12179300,11698300,16302600,12471500,12378200,11328700,9380600,10971300,3691300,13416900,17983600,16570200,17451600,9670500,10282700,17652500,12062700,17527100,4486500,17750400,4392300,16600700,12985800,10308300,13376300,12763200,10981600,18054400,4139000,17895100,9868700,19171700,11525000,10028000,9751900,3823900,16307600,16363200,9541000,4731200,11720100,12300900,16370200,4935700,12283300,18039500,4986400,4351400,3750500,12741000,4099600,18216500,17237200,17520600,12834500,12709500,17101900,3618500,10247000,16898400,11134900,10119900,15740700,12518400,4156900,4502200,12619900,3916000,4834500,15879000,3967100,4542200,11217400,15841900,17636900,4213200,17818500,10795000,11099200,11953400,14712900,13009300,11431600,16225400,4264900,12495400,3786200,10492200,10282200,10825300,11859100,16778200,3681600,9985000,15791500,16279400,11089500,4289300,16410400,5010900,18788200,9878500,15390400,11605100,11159500,10991600,11727900,15296200,10406400,9676200,4780900,12012400,11973800,10810200,9011800,15238900,5101300,4580000,18621900,13982300,15217000,12176200,11074800,11413700,9549800,18009300,10115500,10693800,4090300,11259300,4252800,9316400,4241700,16731300,11658200,11073700,13833200,19188100,9812200,17007300,12436500,10166100,11183400,18745400,4499800,9506900,16395600,3670600,3880300,11227100,14916500,14300500,4230500,15573200,11450800,17364000,12113800,13662200,13284700,13864100,18136900,11175100,9012400,4337300,3703600,14564600,12665200,4083200,17045600,10285500,4104900,14592000,9730600,9392200,10786500,11323000,8736100,11962900,15980300,4089800,10636600,11673100,4208500,15838600,8578000,8817800,17992900,12679700,17689900,9588900,11124100,12304600,3837200,11713400,11170300,10464300,17851200,11581000,3901700,11974800,10528600,17496300,13557800,12734200,10994400,18326400,15849400,9516700,3911800,10411000,10523200,4276600,16680900,10636900,11128800,11338300,19267100,18698300,4176100,15086000,4626000,11093600,4690200,11365900,4463400,11429200,13327800,17623400,11380600,16371000,3682500,11804100,4517100,11281700,13466200,11404700,4682800,11859300,10156300,17555700,17080700,4225400,18064000,4108400,4309100,9822800,17028200,17670800,11734200,10708900,10062200,4522000,10656200,18009900,11118100,4206800,11253400,11822400,10845300,10387100,18535200,11472200,4013100,18786300,9341200,15495000,10682600,11822600,15936300,10920200,18935300,16649200,4617900,11392900,16235600,3622200,4112700,4382700,15236000,15829300,15148700,10718100,9501700,14636300,10604100,10885000,4218600,11299200,17101700,4900900,10679000,11246600,19026300,9450700,3678400,15627100,16011700,10440900,16877500,12077200,10902100,11190700,11192300,16745700,11191900,11288900,10403200,11610200,9953000,9491000,11985600,14392000,12839000,11643800,10928200,18686300,4481700,17583400,4934500,5099600,9669500,15312400,17006200,10632600,12754100,16791600,12150700,4520200,10677900,4868700,15787000,4627100,10238800,10888200,3793100,4297100,8308100,4022600,4698500,12782700,12099400,17470600,10544200,13494400,12741000,17423200,13103600,17024500,4361100,10843500,16549600,10077800,12087600,10969000,10777800,10427900,15796600,10953300,12801800,10390400,12435700,16396700,4678900,10442900,13981000,18160100,11849900,19258200,18152200,16932300,4238800,18469600,3741600,11530000,16532200,4261900,11439600,13887600,4201200,10631600,11770300,11592400,10704700,15261400,11338500,11577100,10859100,10733000,12177700,9090800,10311300,12032400,9791500,10137100,3725000,4468800,10794600,11510400,11782800,4181800,9690600,13000400,12422400,14696200,11383400,4737700,9904000,10848900,17187200,4410100,10553200,9309100,10699800,17471800,3748400,11369100,4439400,18154300,16163600,9593400,10208000,14595500,8297900,16697700,10797500,11948400,12051600,17380700,4980200,10625300,11400500,12296400,8636500,4087200,18641300,12473100,12631700,12143900,12279000,9980600,11606500,4381400,9252000,11566700,10617600,9955800,15159100,4196300,11715000,4373000,4868400,4932600,11384400,18603300,10871800,10620100,15505500,11180000,10616500,12694300,17710700,4121800,13676300,10977800,5124500,12516000,10662200,10234900,17554300,4391900,11187200,9686100,14318600,15750700,3937400,15667400,4415100,12095300,11084800,11829700,10766700,9456200,9661900,4276600,17153600,4901200,16641100,3679100,11257700,12433400,9686000,16418900,14571600,15864500,5003900,10327400,8527300,10975800,18428300,10544000,10096300,12654700,11815700,4030200,9971900,3999700,11251400,17210500,13692700,8739600,9114100,4471700,4447700,4297500,11146900,3900900,3834600,11719700,10911700,11790500,10676000,11597300,16861200,4574400,14926000,12883100,9860700,4922900,11887000,10002400,11192900,10718100,11345900,13564900,10781200,12115100,3661900,4274000,9944000,3728600,7923700,11670300,3650200,10735100,10599800,12784700,4165800,16417900,11312100,11257600,11992300,17738900,4391900,12542900,9964600,17890500,10947200,17022400,10925200,10947600,18299000,12229000,10466800,17185400,10911200,15567200,11726300,4247200,10995400,9411700,12654100,10277700,19276600,19029400,13887500,3897600,4693800,11746600,18857900,11925200,7798600,4596300,9897200,17221500,4618900,3622100,16179400,4552400,4386400,18881900,14141000,4554500,17342300,4989700,11657000,16993000,10371100,5389700,9332200,11699600,18239400,12748900,17799000,11066900,11570600,16621300,11287500,15253000,3707700,16395300,16388500,13647000,9105600,17477400,4674400,9576600,13765800,10693500,16576600,11410400,5161500,10524800,18230900,15811500,17708700,10377900,16469300,16861000,11265200,11288600,9454000,4674800,9623400,4484500,4101300,8366200,18073300,16182400,4114700,9491200,3966300,12386600,11705400,11611900,11259600,18339200,12456000,12334700,4497700,11369100,9995700,19071000,10838600,10342800,4006900,13843400,9848400,3667200,4542800,18193700,11093200,12139700,11092800,10200100,10615100,18734200,17654800,9831400,9571500,10733500,16025500,13240500,4407500,18725800,12784100,9348500,11295200,12180000,18185000,11079600,10192000,11524100,11221800,4638800,18258500,10531000,9900500,10419300,4923300,11191100,16500800,4996600,10684200,4671400,12970000,18262200,16218900,13259700,3769800,9999700,17837300,16372200,12758600,9972900,11484000,10513300,4120400,5372500,11096700,16018000,18791200,3972000,11448100,10886200,10715600,9374900,18370500,9553300,10710400,11280800,9485000,17807800,13584100,9915400,10920100,16607100,17555300,4227900,11422100,3681500,16773100,9742300,16148500,11542000,14786600,3757800,11670800,3882500,4078500,14981300,11486300,14027400,10348000,9750900,9690600,4821400,9521000,16377200,11130000,12433300,16828200,12249500,10867600,11326400,11827500,10513800,10197000,10993600,4723200,11142500,4575100,10930400,9940100,4316300,10086700,4192500,13018500,19051300,4309900,3716400,15562500,17983300,16251800,3773700,4401500,16768800,3889200,17588200,10190700,4303600,11118400,10480600,14455900,12268500,3775800,4041700,10398400,9160300,16982500,10692800,10598900,4415600,10873900,12624300,4971600,4375400,18480600,17984500,10353900,10416000,10817500,4451300,11115300,16429100,11642800,11064600,4136000,4215800,14238700,4193800,18640500,15978900,3657400,9425800,12717100,10824200,4764900,14041000,4633000,4327900,9558900,10050200,11005700,3838400,13840300,4067300,10947200,4228000,13244400,15181200,9685300,4216300,11301100,12918700,17790200,11683500,10063200,17545600,4464500,15149100,4187200,17742700,11834200,10449700,5226700,16055800,13096800,15699200,15648900,13951400,10361500,3672000,17022000,15868400,9735200,12367800,11550200,15817600,4272900,14522100,17596600,4013700,11427400,4610700,4363400,12401600,4431900,16297700,11428700,15648700,4304100,17708600,4266300,3985300,11266200,11196100,4501100,10830400,10821500,9579400,14972600,5302500,11985700,17587100,10696600,8845500,4190800,15631900,14582100,12877600,18127500,9755800,13012900,12149000,11536400,4031700,4734900,10765500,11565700,15616000,10058100,4117300,11078900,16814400,10766500,16233300,4177100,11054200,14795500,9513100,9664200,11022600,13221900,10717800,11905200,9338800,11613500,17075000,3871100,13820800,10638500,9568500,10227700,15311600,9208500,10565200,11551300,9984400,11188000,8870400,15402400,4586800,4629800,10598400,8826700,9720500,4439400,14030400,11534600,11640800,13854600,11408600,18879800,11156500,11367200,15313000,18594700,10362000,3806400,9992500,15418200,8701300,10721700,17946500,9304300,10529500,4181400,10370900,4448200,11144700,12339200,4479800,4650300,10136700,10607900,8553000,10574300,17709300,4659900,11095700,10943200,12496200,9704200,3922500,10891400,18572100,9887300,17331300,10635900,10937400,18970000,3736000,11897300,10587000,9475400,17753700,11242400,8777900,10604100,9760500,12821100,17678700,16247800,17118000,10547400,10563700,11618900,11737200,4341800,8961900,11292300,9557800,9954300,4506800,11172200,11385300,18940500,9506500,12646100,4531300,11393200,13000000,4276200,14100300,8398200,11295400,4058600,4385100,12463700,4503700,4253600,11816500,16889500,10808000,4668800,11870600,17485500,10778700,10814200,17544400,4338000,10535800,11033700,8548400,9939100,19230300,11157800,11373900,11060800,12538400,18086600,10766700,11257800,12039500,11363400,12019500,17059200,3823800,13606500,12233800,4048200,12728700,3666200,17419000,4092000,10237400,14941500,3941400,4266400,11113300,11312300,10423200,17256400,11626000,4128700,16754100,4098900,12116400,9479100,10635100,10864100,18643400,10634300,15039900,11275100,11227300,4134600,3955400,4007600,3946800,4124600,12014000,9129800,4183500,16861100,15862600,16594500,10427900,4313300,18096000,10977000,10954500,10290500,13396600,17739600,12762600,10610500,11651000,4177700,16823600,4634900,4580300,4032800,16525100,17652500,4216600,14342900,12183400,12236100,3688400,10972300,10984200,13611000,4863100,4142500,10325900,15742300,9133800,10378600,10437200,12149800,14088700,16596900,10562500,14753200,9027000,15680400,4474000,11714900,16688500,10590300,16397800,12703100,3840600,4255400,11457200,15619900,15918000,9127000,10952000,13208300,4164400,16766500,12691100,4581400,17354200,11552800,3905500,11900700,4184200,4657100,17621600,4423900,17381600,4255400,12141300,11431700,11086000,11946200,10916600,4653900,10877000,10841600,15835600,4807600,4032500,11833900,10899200,17576200,10268100,12793600,12135400,4166800,11679300,19135100,3838900,11354900,15630500,9936700,4570600,3762800,11488100,4317700,14689900,12226500,11685300,14281200,10645400,15970900,14661900,17599400,12172800,13426700,10031100,10429800,10974800,9024500,10386900,12145500,15075800,17309800,16267700,16928200,4507400,4037600,10670700,18061600,12122600,16170200,11411300,10511700,10159800,10585800,4813200,11354600,3932000,9537800,11906900,11306900,4117300,14001100,3627300,11718700,11603600,13818300,13020000,12664500,3986900,11890800,11465700,19287300,14287100,4072800,4354300,15975200,17326200,10624700,11130300,15744800,9307000,13649200,16506700,10567400,9389700,16639600,13008000,10580600,11452900,10431000,18873700,12699000,16103000,10246400,9095200,15490300,10384600,10959800,12248700,12910200,11207100,9479100,4823600,10183400,14833900,10929400,11226900,4561400,5662900,19056600,17386700,11385300,10720300,11785000,4523400,12935100,4439100,13814700,4256500,10959900,16605600,4147500,5173400,10100300,14953500,15903400,9593600,13064900,3755000,3760000,15367700,8570800,11749700,10403500,4253300,11213000,12626400,9843900,12104600,11011600,4342900,17739300,11254600,10382200,3684100,11783600,15669400,16793500,16528300,15956700,10658900,3961400,4830800,4231400,12437000,14720300,11980300,9494300,12601100,11210100,12234700,10820500,9401300,4178900,3633700,10880100,17552700,11421700,9379600,17017600,17452800,10886700,12407200,4634700,15533200,15228600,17408400,11675700,4106700,11160900,4027500,14518100,9772000,10917800,11729400,17283700,15645000,11307300,9065100,15759400,15535700,10754000,15641200,11663200,4201000,18256300,4207800,10415400,11236600,4122000,11929900,11640700,10291800,11069800,17891100,11567400,9007900,16683000,17697800,17474800,13926600,18652200,10005800,16614000,14059300,8513000,10196300,11203000,18823500,11321000,10040000,4516000,3693100,10079400,17149300,16781300,3680200,11928600,18853000,10552300,4163600,10599200,10345800,4601800,18964300,17383500,11206700,10803100,14484000,4307700,11174400,12938800,4214500,14988900,16346400,10945100,11064200,4661000,4357400,3712400,16746400,17613200,18245400,4461300,12770400,13430300,15956900,15527000,4585500,4039900,9738600,4399300,10931100,11202000,10465700,11283900,10059200,16370400,17761300,17708200,9927100,12318800,14137800,16872800,8923300,14965700,5051400,11599200,9761700,4184800,10477300,12565800,3673600,13697200,3990900,4048600,3646500,4617000,12273200,12697800,12998200,4016100,13306100,17319700,17518300,16153900,17059800,16397900,4439000,4055100,12725700,17165600,11160900,11117000,4138900,12437600,11413400,11431500,12182400,16975500,4143900,14906300,17187800,9705900,10841100,18693300,11316500,14874300,12343600,12003600,9691400,17468600,14403400,11980900,9860100,17790000,10224600,10033400,10599900,8933900,4727200,4198000,11423100,11734300,12640500,3838600,9059800,12679700,11182700,11804600,12404100,15060200,3665600,10666000,12508600,15494500,10408700,10483200,9842000,11880700,13726900,13567300,4382300,18685200,10816900,10840200,10871400,13639400,12045500,3970900,4028000,17173200,10769000,14374200,12950000,17085300,12398400,10388700,4423000,12110500,10421700,11691600,4563400,9506700,11985800,4638500,9256200,15906400,18978300,10876000,10604200,18022800,10838100,11970600,12397900,9979300,8948400,17653400,10964400,11715600,17314700,15473100,10341700,10523100,11507800,4704300,4645900,4018500,15629900,4005900,13004000,14632500,4957400,3730200,16277300,6492400,4591800,10812700,10564000,17754000,13297900,18777100,16053900,12341300,17306700,11097800,13581800,10715700,11357800,10178300,14060700,17664400,10976700,11037600,11352200,17815800,10893100,19214200,10246000,12081300,16286100,17642600,11287200,12434700,11420000,8789700,11089800,16911000,11612600,11046300,11406200,9647800,4946800,18813600,11440900,4366900,16162700,17720900,10529800,12245900,17567200,11370000,12057700,10102300,16590300,15680800,15512300,15631300,17688100,12346100,10844200,17267800,13089300,18614700,13942600,10793200,3713400,11460200,3772100,12026200,10923300,11032900,4362800,4133200,10458600,16253800,13849700,12403700,11147000,9826900,10841000,18150700,12286500,11680400,3843000,11443200,10814300,10795800,10362100,11520300,11669000,15260700,10264100,12355800,17869600,10431300,15394800,3860500,4236600,4626200,18901900,4149900,9602000,12495000,11029700,10278300,10601100,4405400,17183000,4204600,12914700,9804300,10929600,11236600,18156900,10221000,10652000,9748900,11189600,11201300,5464800,12755600,12007900,10315800,16270900,10329200,10531300,15958900,9762400,8550600,10922700,11526400,4767900,14664900,4740300,9890900,4227900,3742600,14113600,17827600,4155700,12340700,16759200,11240000,12128100,4226900,11523600,10912100,4851000,15261200,13481900,19098900,12145700,9801300,18294700,17711500,10654400,4717800,19001000,11177200,4304300,10603700,17675500,11619100,11236000,9330700,15260900,13346100,11078300,17010900,3804900,15243300,13470700,11958700,12763600,13037300,10702300,10440400,11148400,4358200,15875400,13446000,4173300,11179100,15431700,10579000,16894400,4397700,10054300,4583200,12058900,10299200,14336800,17459300,13168200,15809300,9472300,4174900,18344400,3743000,5178200,12407700,12251800,11025800,4051500,11006500,11579400,18635600,12711600,16446700,4340900,9395200,9536500,15214000,10434200,10010100,15059100,11907600,10986800,17274100,4021700,12249300,8663600,11722600,11302200,3665900,3870200,10366300,16090000,9888500,4531500,18159000,3865500,17911600,13752100,11104100,16301400,14421600,12919500,11335900,10687400,4483200,10821700,12616900,17891700,10803300,17684500,10423400,13255400,12503200,18225400,9328900,16271800,10945200,15713000,17501700,4252800,15127700,9978600,4603400,16007400,10953800,18874900,15644300,16601300,9582300,13608300,10529400,15821400,10941100,10793000,11605600,11190500,10755200,10945200,18372500,3872300,17294000,15406100,16602200,17662100,3639800,10226300,18810000,12849800,12504900,16622200,3758700,18467700,10361600,10130100,18251200,17552400,15333600,3787200,15425300,16494900,16774700,10118000,14622100,12460400,10264100,11255600,12408400,11146800,9632900,4135200,14679000,10480100,17219600,14685800,18098600,11881800,15910700,4699600,11691600,15517900,10611900,13651000,17381400,4178100,9650900,14863100,10535500,12037200,4448500,10485700,11991000,11641100,15593900,10961500,10241800,12188000,11682200,15284400,17762900,3904100,15228600,10851700,19292500,14742500,10646700,10923700,13209700,11136700,18959200,15129000,13658000,9677700,4095700,19101600,9437300,10597600,4861400,4433300,11537600,4668600,4554900,9237700,4784900,5109100,15668300,4391000,17651300,17469300,15478600,11925700,18184100,17159500,11443400,4103000,3659300,10165600,9598400,15609200,10641800,3691300,11019400,9960800,12184400,13222200,10122900,4178800,10788700,16850200,9974100,11592300,10371200,11406800,14222000,17736600,9485800,17502400,4137500,18078100,19178900,12371400,9907700,11595800,11250800,9118200,17713700,16101900,10272500,17707100,17874200,11027100,12534300,9200300,11438900,10521400,10587300,4110200,4326700,11504100,18462700,19095100,13357600,11022000,16681400,4132100,3828700,17143700,3918400,9751100,5380200,9345500,13281800,17014700,9774400,17710400,17884300,12105100,10208300,9560800,10405700,18423900,15470500,9770100,4095700,10394200,14806400,8713300,12014500,3842200,9651800,9861800,12167800,12898900,11008000,4296900,12573600,11028900,12993700,14309800,10214600,14012200,13615600,11759000,8622000,18890800,8516600,3962700,3885200,9266000,9509900,13200300,4379700,16276700,4062100,16941300,9960800,9214700,11558500,16541500,10924900,18565500,9753000,4808100,12043100,10394700,11548400,10632900,4678200,4854900,11303800,4238500,4361100,16683500,12420200,16976800,13265700,18805300,15832500,9124200,9183800,17635300,14555900,18270600,3951700,9721300,4651100,15901800,15198600,8735400,12945700,19076200,4265500,3830100,12426100,15247200,15236300,13505600,10477400,11857800,4833200,18360300,11676000,4013600,17653600,19092500,17106900,16364400,10720200,11966300,4949600,19238800,10430900,11640600,10038100,10929200,3663300,4516300,10122700,12256000,4508200,11447900,10953400,15712200,11004100,11273900,17896500,17425700,9402500,15444600,11313100,10569500,15026200,13813800,11947200,3757000,11315800,10638900,15939600,12666200,17070300,12126600,11667100,4303700,16584100,15053100,11522000,10745900,17017800,10851800,18566800,13020700,10056100,3770300,8635300,12995800,12152000,12129900,17060900,11022100,18679000,4399200,16961900,11198800,12682500,9895200,12456200,12818800,12555400,8636900,12199500,10748200,10184000,10714100,15554800,12150700,4506300,11534900,17921300,9530800,19053500,13023900,17554500,11308600,10331800,3927800,5018100,11332200,15171600,17996600,4283800,14595300,10957700,4178000,18783500,18100400,10613900,10119900,19206600,16583700,15203500,4656200,17969800,13890300,11034800,11809700,3734100,11157700,12154900,11006000,15140400,18011000,17653400,15939500,4770100,10816600,15284900,14921900,19180900,3633500,13316500,18085000,11352200,16664400,11091800,10692000,14488800,11297700,11386200,13691800,16696100,11188500,17725300,10733300,15774700,4628100,15167100,17314400,9096600,11098000,11085100,10734400,11239200,4276600,11886300,18706900,16636700,11325000,10177400,9990500,10067900,17357400,14266500,17371100,11825900,13039900,10501700,17770800,4638900,14949300,3857700,11387800,4777600,11441100,13189800,11543200,10641000,7840200,3958700,9749400,5430600,9863400,4657900,15794100,19253300,9508900,4627900,9463500,17314300,15632500,10857200,10489100,16453200,4312100,10680600,9691800,8243800,11501800,12740400,9464200,12123900,15533600,16597200,16141300,12060100,18867500,11300600,17883600,9737900,10720400,17509600,9681500,14929200,4091200,4915000,15887900,10440600,14535200,18925100,5146900,11319400,11170800,17651300,10020700,11124500,16645800,14979800,4635200,11961900,11957300,18210400,14229000,8949500,10813900,11821500,11723500,10839400,13210800,15555400,10791300,18113900,4627900,9719200,4679600,4132400,9801300,11261100,10602500,12616100,9374200,4760500,13806500,15494200,9163000,17500100,11005700,3907900,11393500,5170100,3646700,12508600,9187300,15628300,16413100,10262200,11427100,17730200,9544800,10515200,4553700,14225700,14796300,18500900,10715000,11895600,5163100,4645400,16260400,11362900,11027400,14161200,4052700,8687300,4873300,12219200,11637200,16081200,4237500,17191200,11503000,14010100,10156500,16751400,4008000,11544300,12460000,16408500,4743800,4147000,4581700,10498900,10799900,9053100,11098500,15418600,9201900,4149700,16322400,4733300,4140900,14042200,14381400,3851500,9554700,14825600,10933900,11708100,4297500,11325600,11197200,10376300,16451800,16852700,3912400,17257900,15636500,10951700,16039500,17971200,11021700,3849600,11685000,4079100,4267900,4405600,11554500,11061000,15765900,12202600,14981800,3716200,9132700,10413900,10720600,10137400,12439300,3706100,17529100,14335500,10699500,11388900,11080600,12328900,17094100,4302800,14954600,4316300,13202000,11890400,16635600,10321300,10325600,9648300,13585600,12049600,19144200,3950200,17806100,11001400,17667900,17429800,11243000,12382700,14420800,4746800,11315100,12286300,10588700,4220400,11826600,4041700,10729800,4502800,11063500,10772400,12181600,13298500,10921700,10599700,10071500,18405100,4439700,10840200,4181300,3646000,4980700,9021600,11007300,9796500,16905100,14996500,4865000,12740500,3992200,10566300,4485800,15394100,13417600,15099700,4656900,18589600,4404600,10279400,9542800,18346900,11661700,11435500,10484100,3703600,5066500,12989000,9962600,10448200,11223000,4198100,17711400,11529900,11205900,10439200,17500600,18956000,11795600,3732800,13463600,18114600,13910200,4455900,17606500,17054100,3789400,14355500,11184400,15304100,4586000,10705400,10452400,13282700,11021700,11328100,18956800,17889600,10230900,15695800,8935600,10849600,9678600,10950500,19098500,11011900,18565000,11411600,4726700,16305900,11364800,15815700,15039600,3831900,17184600,4196600,9357500,4217900,11607900,3815600,4607100,4521200,16202300,4475900,12282300,13726500,10682700,5264300,11318400,12698900,4610200,3766700,12239600,12007300,8854100,4447500,17288100,14657800,8797200,18530500,10969300,9103900,13334000,5510900,3800500,11566900,16169600,12713500,10620200,12111300,11935000,8796600,11264700,3733900,10756800,16805400,4401400,17698900,12313100,4269300,4899600,10219900,10827300,11164100,5019300,3745600,11449500,4276100,15983200,4583300,12884300,11228200,12299900,17385200,10886600,18015100,15208800,12290600,18523600,10652300,9652700,4699900,17770600,11385300,15200200,3730400,18415200,3634000,13600000,13189300,17148200,15456700,10550200,5140100,10354700,10340100,4920000,13892600,10577000,7561400,10950000,5092700,12491500,3749100,10305300,16787100,11309300,16094100,4488200,10933600,15682300,15554300,9581400,4540600,9909500,3693600,11728900,8628300,10186500,15419900,10874500,4197500,11735400,16766000,10827500,12268500,3788000,16668800,11769600,13487600,4604800,10204200,11384600,9900600,15695800,11461400,18401600,4013500,17074800,10705800,15751100,11638500,11438100,14919600,5031600,15153400,17443000,11185700,11266300,13236400,3699600,4607200,19164300,3986400,3793600,10634900,11491700,10111000,9281700,18408100,3620600,4680400,16860800,15980900,10274700,9940200,13068000,12072400,11017300,18931300,12295000,10624200,10268200,11234900,12905700,16146800,11728600,18161400,4984500,11354100,5045800,11103200,8932800,3715900,13970900,17835600,4331300,16527800,15751500,4023000,10822300,12197500,4915300,11243300,18199700,11968900,10499600,3994000,10751100,4091700,9799200,10895500,12884000,4847700,3744700,3882100,13308100,3692000,10013200,18158400,14647100,4598500,16907700,17787400,11469500,10536000,9420600,12894000,12114800,15716200,15941200,10783300,11725500,11060100,11025600,11091000,15685700,4074300,11975400,15708400,10902600,15404100,4855400,10822300,17216500,17959500,18509900,11222100,10539000,4346000,17573100,18137100,8385900,10301400,11114200,4966500,15220500,16341900,3849700,10068100,10132000,11473300,17038500,11559700,16172200,16895000,4180800,17963300,18104800,11183200,4067300,18627200,11508600,12667100,4139000,11623500,9695800,15101900,11837800,10888400,17202400,15866600,11922400,8938600,5173800,4577700,10887900,10986800,17470200,17432500,16820800,18801200,16151300,4446500,13257700,12473500,10853300,11403800,10763900,9798000,4003000,11952400,15137400,12866600,10633100,17193200,4138300,4859700,16456200,14730200,18700200,11204200,4099900,10519400,17089700,10987900,4347500,4874400,3628300,12020700,16915700,4503700,11091500,13842000,12568300,4147000,10323200,5264300,17490300,11963700,4514700,4007800,16997900,11480100,18940700,13144600,16946700,18565800,4351800,11036500,9941200,16979200,12330000,15679200,11338600,10332900,11041600,4219900,10740700,11237100,14268900,12752500,12251900,3686000,3958800,10215100,12057300,18022200,13098800,10150300,10767200,11695300,11720000,11690700,4012300,12052700,15433300,15056100,17807600,4611100,16719900,12750000,4536500,15577400,18765700,3986000,11256600,11508200,4369400,11634200,4524500,4500100,4403600,10748400,4155100,18970000,3978600,4392400,17998000,13810300,4870300,3661600,11430600,15882700,10205100,11223000,15846900,12358600,15146100,11154000,4346600,17243900,17357600,4954300,10798600,14644700,4047900,3865100,17310900,3827600,5062000,18365600,12602500,13542900,15104800,10384300,11325600,4788700,17945700,3809200,4238300,12159900,13082300,11600900,3772500,4192900,4027600,11080300,8470400,17432400,16913500,3851800,4018200,4244200,5469700,13442400,5181300,10476400,18256400,17994900,11097200,11846700,18013400,10561300,11159600,17369700,9940700,4328500,9763400,3850600,4307200,17022000,12264600,14998700,11961300,15620500,17549200,11754000,11844100,10707500,10364300,12686700,5490300,5428000,16721300,10440200,15750900,10129700,10727300
2.5e-06,0.0049000000000000155,19139000,14021000,17747200,14260700,9204800,9341000,12944400,7949500,13406000,11446700,8394700,12289900,14506700,12460400,7655900,12256600,13980300,16400600,8333100,14635400,8272300,17984400,8553700,8337700,15489400,13325700,13411500,15000800,15207200,13570500,18158500,7641000,9766600,13694800,13160800,8849700,12375100,11112100,12874100,9201000,8597700,8038500,17451500,9031200,8235000,12986000,12711700,7723400,9231100,11555400,8368500,12897000,37967200,8434800,14837700,9882800,14075900,20561100,13530300,12478600,20520600,38654500,11180700,8736400,8497500,16894800,14291500,13110500,14249900,13353400,17702700,8437000,9625900,12462200,14104200,8545100,8070800,9017300,9102400,7430100,37610800,10876500,9286700,8736300,13452600,38447700,10594700,12606800,7967500,12521000,10367300,12248000,17663300,19182000,22509100,7253500,12980700,8257500,9079000,7347500,12794100,9443200,12604000,16358100,7906500,12796000,9377200,8080000,13869300,8365000,8106700,8406600,36518900,8104900,9930700,12906500,18309800,9554600,15416700,20412100,8497400,9540100,8710900,9364700,23291000,9750100,9178100,19193900,14429300,13693400,8928100,8911200,14063300,11871400,12286300,12969000,9532600,9379300,12401800,11919900,17904600,8319000,13375600,15214000,18970900,8630500,18193100,7799500,12877300,13630300,14055000,12582000,12446300,11549400,8099000,10419300,12702600,8999500,7522200,12339000,12688200,13708000,19793000,9284600,9374100,17323400,8218400,7842300,11659000,19416100,14178200,7996700,11843600,17133200,9195800,8222300,7430800,12932800,13858300,11363800,13792200,12385600,16764800,12541000,8503700,16596300,9867000,9335300,18710400,9173400,8165300,9429700,17062800,13420300,20092900,14262200,36357100,8964300,8887000,13300500,11836100,9196800,8368500,11597200,18184100,36768400,12016500,12378700,15110700,12886700,8406200,12862500,12808300,13331700,17878300,17977500,14456500,15590900,8796000,8304800,22303900,7233000,17966300,9033900,9585200,9627800,9323200,15742300,11516100,15272100,13204900,15074400,12713900,15684300,9431700,11417900,9402900,13307900,17402800,17832300,9120100,9087100,9092800,7829300,14103300,12484100,12179200,13203800,8202800,9177300,13753700,14193100,12011300,17157400,8224500,10409400,9390000,14531500,12441800,13062500,12166800,7955800,11816300,21936200,9021400,13722300,7824200,11214700,8894800,8181300,7957600,12129600,13767200,10751300,7488800,9940600,13808000,7777400,12135600,8678800,12893200,10032300,11673400,8406700,12640300,13756500,7697700,9451300,9767900,9134900,9369800,12062300,13733300,13149600,22278900,16577500,9134200,11898400,15701500,15924600,13704600,21648800,9895800,37395200,8236000,7878300,16942100,13793300,13299800,8784200,13676400,38389800,18650000,8934400,7422800,9580100,15778800,14047300,12279800,7783700,13984300,9470600,8302400,13514700,11131000,9047500,13728900,17641000,8279600,12990300,16500200,14270200,12939800,7786100,13016900,9822000,9160500,11039500,13836600,13421400,8945800,38301400,12874700,12451400,8112500,9804300,8529300,12856300,9843800,8797200,21313000,9066200,7964500,12449100,33962000,16695700,10056800,12929100,7808500,12822300,12898400,20126800,10113600,7934000,14653100,12682000,7992100,9731700,13623400,12427700,19137000,8846000,8892100,14705200,9981400,8252100,10069300,10360000,13595600,21676700,10682000,13004300,11089500,8481100,14021600,8834900,15032800,8725000,11055700,15715600,11432300,8640500,12814100,9242200,16191500,14536400,9015500,21487200,7860300,8960400,7988900,8004700,8990900,7528100,14047600,17627000,9216300,11716500,8561000,17559700,13837600,9673500,8707500,8843000,12855100,17283700,17412400,8619400,12452800,13762100,10051100,7816100,11389000,7780000,13768300,13209000,11866600,12981200,23416300,8172400,11093700,8622800,19912000,15019600,10163500,17126900,15684400,8892000,16892500,12176500,10035100,9756800,9336200,14526700,7565300,8119000,9970300,8846500,12354100,18863600,13103100,12036000,12366600,8821500,14606000,8965700,7984400,11284100,11627300,10729000,8810200,11481700,12832100,10837500,11039900,12833300,9926000,12297800,10598300,12206700,12302000,8227100,8756300,13898900,8459200,37356800,17468500,8684400,8393800,13034800,13179300,9202600,11517800,13629200,13785800,18363000,8219900,11701500,7954300,8620100,9479700,9872700,8706200,14787500,8815700,9256200,9496600,12019400,9104400,12829300,10936800,9238900,9355600,8607500,8319300,14198600,7964800,12765700,15216300,13067700,8181400,14341100,9393400,15071700,14778900,9810900,8071300,8721100,13416300,14617300,14403200,9126000,17695400,21313800,13397400,15025400,13440000,11833100,14240700,7240200,9949100,11738800,16480800,19778900,12742300,18446700,14751100,10284900,12667100,9186600,14513700,9528300,14771200,14850000,9492900,12853500,10776400,12549400,13002500,21718000,14046600,13133500,8460300,17393800,13969500,13958600,37705400,8045900,11814200,10760300,17941500,8654900,8045900,9853900,13554500,13485500,9346000,13039000,7786700,16502700,14785600,10049200,13769500,14286000,7299700,12280300,13435900,10270300,19864200,14143000,9552700,18650200,38094100,8282600,9456300,12506100,18638500,13955800,12542000,13085100,17967600,20110100,12591600,9602600,18861700,12770700,8656500,9262100,8191400,11295300,14131800,8802600,15441400,20863000,9482800,8530700,22741800,18303000,17166600,11461000,36661600,13347700,19725100,8763600,8984300,10912500,14491900,9276700,11606600,20754600,10600900,14052500,9468100,12258400,8048500,11638600,13445200,20206100,15329000,19433700,12090400,8516900,7612500,9897800,9180300,9268200,18277700,8125500,9203000,11425200,7961700,13812400,12682400,9168300,11629800,13981100,14062200,15476700,14474900,11326600,14868700,9586300,8158700,12418600,14226000,8045700,10161700,9774600,17139100,8567900,10154800,13485400,8931700,19306200,8382600,18894400,17206900,9272400,14575700,13964000,8555300,18889800,36659800,15124000,8976500,12509500,8745800,8088600,9336600,15788000,13174400,7933600,8556500,11545200,12000000,13635500,8505400,14570400,38432400,12077600,9323800,37528100,9005000,10940300,8210100,13293900,15174500,8231200,9377900,12188400,12550400,14608100,11827000,9025600,12175900,17548100,8527000,8390700,12053100,9151300,16700200,15137100,13512000,14705500,37924300,14627900,9087200,7484500,8450800,12813800,20446700,14281900,9079300,12868300,12738700,7818200,7684200,19490600,21607600,13843300,11555600,13263400,17687300,12671900,12382500,9256300,11658500,13167200,13672800,14720500,14646000,23702000,8140300,13153100,12834300,17833700,7838600,13618000,19055400,13957100,8013100,20513900,20716000,9720900,13150800,18751300,9441200,17574000,18594100,8203000,17652500,11785100,12645700,12253400,9118600,12535500,14919600,19551800,7890600,13321700,13087900,14535700,8733600,35150600,11686700,15753800,12320400,11551000,10725400,10751500,9234600,12447800,15182700,16567100,18086700,9831100,15106300,14207500,12624300,14927000,12832300,13199300,13138600,22939100,10435400,9260700,13310000,13453900,11669800,9525400,11866400,12675100,20126100,10394900,13362800,9092700,20106800,8378400,19317000,11619100,13702600,10056200,9299200,13193300,12963100,10004500,8582700,9164100,13831600,13542300,8963700,12952900,13919600,9223900,7784700,8011600,9035100,9275200,11500700,13027800,8472400,13110300,14687600,9900500,14313300,38283900,19401800,18550700,8159700,10243000,8901500,12649700,7312700,8049200,18214800,12363100,14926200,8841100,19377200,16079800,8913700,12513500,12981600,8167100,8659800,13176400,13553100,13877500,16374900,15398600,14965900,17681700,8809800,13128200,14538200,8383600,16515400,12675900,9809300,9905000,9749900,15992000,9181800,17218100,11440100,13837300,8566000,7959000,7863000,13930800,18964200,7503900,13087300,12683500,12134100,9322900,16890600,22121300,14703400,12072600,13172500,8827100,18453400,9236900,8400800,7429400,18613400,8888500,18922700,8679200,8471300,7948000,8862500,14189800,18170700,7376800,19147400,13359600,8860100,9129100,9946700,14766600,12509300,8204700,13797600,8266500,10326600,8469200,12424900,17930200,8280100,13641900,9361700,9769300,10458800,8960400,12418400,14024400,15036500,13050400,18375200,16816100,13382800,12238100,8127500,8765800,15134700,11254400,12145700,20889100,14967900,8527100,9004800,8052600,10812200,13786400,18824100,9370500,8022000,9845100,16718700,11990000,9977200,8288000,15511100,10366300,7639200,13008100,9463600,7655700,12833700,12132100,9684700,9247000,7281400,11697700,13872400,12317700,10650900,36294400,19979400,9724300,10995800,9487900,15838600,9531200,15121000,14067000,14369300,8360800,18464200,9346200,8587200,13181800,12535100,9380300,13960200,14157500,9758100,8313600,8583300,18776200,14418400,18979400,14132900,8118500,12008500,8712200,10216300,11663900,11007900,8673500,13502400,15899600,16130900,18818100,12654800,8557900,9951300,11671800,9824500,10236100,11884600,16878700,9393800,8364300,9693500,19433700,16111000,12941700,11344000,13491500,12971400,10325500,14520800,17053100,14170600,8514500,7983600,13072600,19896600,37536300,38294100,8956200,15781700,12768100,8369300,9281400,8347500,8693300,7719200,14806100,14865200,8073200,36617900,12018700,7808600,19435500,14969600,10024000,21226300,7956500,8185300,11555500,36954600,13393800,9581500,12275500,13673200,8897000,12205800,20034700,12425400,18937100,10010000,13216700,7753400,13702300,18543700,37327100,8748400,9975000,11842700,9720800,14040000,8129700,13768300,9850000,8566800,12707600,12444700,13878000,9995700,14330700,12772300,8229800,9803400,9095800,14492300,12434500,13713700,9397200,12613400,14956300,11237500,12408600,20264700,14238500,9464800,9705900,13543900,12904800,21373600,12244200,8462000,9562100,12971400,19404400,8289700,14017400,7774300,12758800,10048400,8976900,12390200,12404000,12269100,18558500,11846100,8848000,38387600,16156100,9924700,13053200,12129800,23047900,7829100,10425400,11156600,7828500,16312500,8508400,13635700,8269300,13514600,14435200,8997900,12585500,14028000,8737100,12355200,7330600,8117300,11606000,16557700,37522000,14202900,20133800,10043800,11947800,11675000,9409100,20513600,13445900,14706000,20487300,15130100,8859200,13828900,8668100,15570900,12850000,16564600,10653000,14319300,9649800,8839300,13150700,8574200,13072100,13457100,8307600,8448200,12984300,36337200,11522500,8504700,13340000,18662900,14969000,9705100,16780000,15076700,9168600,10398800,11272800,12225300,10765000,13220000,8680300,9642000,7826200,8712300,9217300,14544000,9085800,20059600,8866500,13162600,12383400,8178800,9435400,10160500,7893000,7581700,9209000,13700100,8282900,8816700,7820500,13087600,13193900,18585800,8417500,15459000,14349100,20083100,13070100,14915600,22058700,13808900,14951200,8002800,9716300,12739200,16133000,13712400,15215300,7777000,9371500,9732900,9524300,8595200,22090700,9070800,14093700,9337100,36307400,8700200,12053700,12256400,15938800,8329800,12452900,14175200,14608700,9261300,12344200,18062100,8750300,10266900,17639900,14907100,13746600,7327600,8284300,18766300,12984100,10173800,12769100,12997200,9253500,9782800,20742500,15664400,12507000,12806800,19013300,9819900,10584800,15113600,16795300,8111800,13085600,12146600,14913400,13256100,14222400,11970800,7878800,9632200,13464700,13559800,9193900,13420600,12367100,8048400,12897600,7999800,12499100,12924900,9397800,12357300,17112800,21640400,7570700,8793300,14667000,8119500,9220700,15370800,9550700,18956100,13179200,11983300,8141800,16808000,13946000,7850400,7974400,10083200,15145000,12033000,14191800,12129600,37277000,7545600,20967200,20523900,17980300,36290700,12204700,8523500,9208400,11539100,18162600,13150400,9989500,13281100,11789400,14546300,21740000,13303400,13814700,12457300,18496800,20479900,12327600,9062200,9281800,9515200,13046400,8987200,11015200,13922700,14029600,9033600,11651500,8122600,13855200,16353100,13083100,12890700,13849800,19756400,19679600,8988100,11006900,13557400,7791200,13827700,9363000,13604200,20185800,7476600,15277200,13022700,18018200,12748200,12884800,9832400,7885300,9071400,9182700,7856700,9578800,13868300,16798800,17513300,13363600,8190800,18181600,18985200,8205000,7721300,9904300,15440400,13505600,14329600,14191900,9335900,18094600,9631000,14595200,38250900,21216500,12750000,12764300,7723600,9154800,11398000,8978500,13670900,12361300,7607000,8209400,14524100,9619300,19881300,14715500,9530600,17192700,8785200,12687100,9685600,12906900,21356400,12894900,17800300,17084000,7881900,19340600,13991300,13312000,16008300,9122500,13802800,12361800,14233000,12468700,15829400,8116800,11431700,12995100,13469800,9243000,14436800,13415100,19028800,11591000,14525600,8032500,8629000,14461200,8122100,16497600,16108900,11828900,11022400,10099400,9540300,12207500,13643000,12636400,18507900,8838800,9447800,22887500,9403600,11419800,14735300,12709700,14597600,9062800,10026700,8400100,9192500,8016000,12334000,14446900,12606400,16445400,8325800,12670800,17140300,8989000,13192300,14486600,11800400,7802800,17073900,8803000,8135500,7334700,18676300,8067500,8393400,17882400,14559800,9224900,8374000,12339500,12230300,9106900,13006400,16154300,12672000,11586100,12914000,7884900,8905700,8224500,12584200,13054200,12757400,14599600,13057200,14757200,12563000,14334600,8914700,8290400,12299500,10119800,9330600,7891700,8075400,17175500,8869500,13667400,10156000,16994600,13323600,8081100,12674100,8276000,16210500,12444800,8860700,10509800,9603000,17622100,8158500,11777800,16773400,22255600,12279500,18017100,15411400,37789400,11092200,13156200,19700100,9293900,14374300,12351400,9292600,8950900,12491200,15446100,9008500,12430500,18609100,8441300,14500900,9008500,8053200,9964000,17369500,16177600,12255500,22614100,18191000,9307500,12030200,12708200,17192200,8612700,14382700,9654100,13825600,10042300,12828900,9684400,12844100,13905800,13094400,20937000,9490100,13248600,9670300,8557800,15344900,12371100,13358800,8310100,17222800,11833100,7942800,10608900,14034700,20000200,12801300,9120800,21258000,10220200,12537100,8667400,14335500,12878400,14134200,14600100,13288100,9556500,10052200,18411200,18477300,13832100,16697100,8537600,7357200,11286000,12959100,11514300,17125200,14558400,13400500,13105200,7759900,16618100,18113000,8539400,14392200,9642800,15789600,20841700,13463300,8039100,12224600,12960300,19937800,12478900,12386300,9746900,8404500,11158400,8956000,37465200,9579300,9851000,17633100,12942400,12561100,7431600,13364000,37769500,9069700,11150900,12836800,35436200,18043100,9076800,7457900,13112000,25010100,14485700,9630200,16437800,8796600,20337200,14511200,13497800,14360100,8178600,10134400,7870100,9524900,11847400,17116100,10490200,9245800,13479400,8083000,13546200,9242400,7525300,14798900,10348200,13027700,11447500,15448900,12223400,9028700,8959100,12817300,8724900,17369600,14416500,37875700,8168400,15007400,11851100,18987900,13166400,10636900,13098700,37843500,7955600,14093500,8469800,10704600,13896000,13689700,11795900,11609300,11805200,13106400,9278900,13676100,8942800,14857800,8837500,13425200,11676700,16769400,7952500,36872300,10020200,9077500,14226100,8675500,8885900,9380900,9393200,13461100,9067700,9114400,9774300,8974300,9082300,20486800,8724600,14731400,8999100,8468200,13888000,12542000,17879700,14957400,13478700,7302600,7974800,14405300,37144000,13475800,9179700,11513500,14688800,11215700,14505800,12929100,17705200,18491300,8719100,18654900,9278100,9229700,7809900,9581000,9655200,19860300,14630500,9119500,7865000,20986100,15219800,12749400,9332100,10071400,8003600,16531700,17829500,17468200,8761300,8696000,9054800,9054200,19213000,9380100,8582300,8750900,8827700,18597000,11969800,12560700,8972800,14207600,9260000,8679300,12695200,13021700,15779300,13891600,12801300,13710800,12755200,17242400,9291200,12734200,9762400,12225800,15321500,8787600,8955700,21319100,13773700,17110500,8497500,17367300,9036000,7836000,13527900,9062000,9350600,18769100,8307600,9995100,7700900,15824900,19056100,7957100,15086800,37732100,20965600,12422700,13830800,8547200,12498900,12055800,11273900,7807300,8449800,8795800,7319000,14238400,11119100,8576200,12206000,17982300,9399000,9271100,18824700,7877000,37348800,13068700,12953800,15855600,37445200,18348800,8276900,14262600,8430500,9077500,13510500,13580100,8850300,12254300,12440300,14812800,9146100,13408700,17212100,14133100,9171300,9683100,9163900,9862800,11553600,9114200,17550200,9382800,10052400,13830000,8777900,13640400,8495400,7883200,13723200,12881000,38484200,19245100,8825100,13931100,9660000,35894800,19450100,10264500,19642500,36166000,8136400,7807400,12881000,10627800,10609000,13567900,12133000,17817400,9442700,13351500,11129200,14850100,8439000,17271000,12542100,9281400,13633200,13508800,16292200,12920900,18373400,13532500,14067300,9279300,11837400,12143100,7972200,7987400,13274500,9578800,9702300,13019100,16594100,8766500,12598200,17007600,20329000,8075300,12304000,14016100,12874100,14763100,13250500,38155700,38419700,8509100,12289700,7238900,8216900,7758800,8016400,13170800,9229300,8959100,9601300,10903200,13600900,11940900,9290200,18508100,8995400,7945800,18154700,16427400,9299900,12217500,9299800,18845500,8018800,12330800,14269700,7986700,10789400,8213100,8322500,8999200,8627000,13807000,35815700,10586400,9530200,9471600,13959000,8280300,8437400,12256200,12423400,9261900,19372100,11141100,11798000,8937200,8021900,10173800,12768700,8335400,12378100,14857400,13852900,8746000,9119000,9553700,8858000,9379000,9162300,15808700,18399600,16454200,9056800,18253900,7328600,9971100,13044400,8123800,14107700,7681300,11551900,13936000,8922400,10978900,13676900,19344900,11402300,15852700,18404500,9684200,17966500,9338000,18672600,8880500,14476700,12822900,7999200,20587400,15914900,13745800,13788000,8612800,19195200,9175000,19648900,8316200,7739000,8088400,18197100,13758700,19859200,10551000,10363300,11415600,18940400,13794400,14298800,11941700,12370000,9140000,8658900,7942700,14174300,12044200,12199800,13251300,13872900,17213900,14996500,12996000,13983900,7990000,11299800,12583200,9999700,9219900,12520800,10385400,15085500,8673400,12334700,12603400,12348800,9582000,8356600,14208600,20841400,12462600,10983700,9342100,8497200,18587400,16304400,13071800,12399900,9967500,20833700,14244700,13417300,12498800,12936000,9684000,12015400,7926800,12983300,17161400,9877400,9119200,8503400,10007000,11016300,13850600,7647800,17479200,17537300,13358600,19728300,12949800,12575800,11999600,12759600,8154300,7322400,12837800,12825400,8972700,7778000,21326700,9427200,11325100,18638500,11993400,8504000,13421300,11532500,13696300,17529400,16026000,11729600,12128600,7556300,37300400,13898200,18802200,9798700,12814300,11625100,8201200,19657200,12889800,8294600,9786500,9389500,9813500,8587900,11178600,12710000,8378800,10319000,23327100,7897500,8280700,8427300,16752400,13726600,8589800,13507300,8922700,8398500,7831800,13494600,8625000,13639800,13368400,8944100,8215600,8337900,13124600,13375200,7699800,10145600,20706800,12379800,11735000,9493500,12067800,13726500,11954200,7797700,19245200,8889700,16157100,20488700,8933500,9299800,18043700,13070000,12898300,9823000,9383700,37049400,7801200,12160400,20880100,7416200,9037700,14416200,7864500,13479100,20481000,19797700,11247500,13140200,11240800,17219300,14134300,8404200,9973200,8791600,8058300,12303300,10938700,8916300,12057500,14729200,17517800,19831300,11942700,12246800,8720300,8146300,9868000,7688500,14176800,11355800,9174200,8818600,12824200,11203600,14138100,7758400,15824300,8438200,19071100,18989900,15432200,10858800,12802300,8975800,14624700,11314600,13284600,9598600,8861800,7902600,9541200,19078200,8445000,16340200,9061400,14849700,11748200,14434700,12909800,12936100,17133400,9257200,12339400,7594000,22874200,8118700,8452600,13547200,10015500,16333600,7310700,9567700,9314600,9532100,7931300,8817500,8548300,8770400,7670500,18520300,9091200,19085000,18744600,9434800,22235700,14130600,12355700,9873400,9332200,9657800,10591000,11273600,17941100,9186500,7827700,8719800,13298400,10111900,11674400,13663500,18617900,12085800,12555500,8670400,13364000,8926700,14131000,9681200,9292800,9853900,9200600,21602500,12648700,11547800,21970900,12285600,15292900,9610400,17223600,9041000,18188100,18591100,15140700,17669900,20721700,13210700,10622600,7863400,12851000,9110000,18549500,18022900,15525800,11433800,9087200,12681500,17939000,20614500,11715400,20848400,10759500,10407800,9323900,16306100,8258100,18341000,8239900,16372000,21093400,15351800,36444400,19128500,12007700,15896000,13699900,8476900,12618900,14305300,8918600,9269900,14706600,19562900,11761300,9746500,12553200,10204800,12450800,12722800,12627500,7272800,9271500,7383900,14134700,12808000,20039000,9884900,13564900,9137400,19246800,19176400,8245000,9826200,12735800,7315000,7880200,13278200,13696700,9907900,7617100,7718900,12432900,18273500,12791400,10206700,7893500,8829200,14203000,7635800,13660600,11716000,18711200,7450100,12964100,9277600,14190800,14555800,8679300,8107000,9110700,10572200,8725700,8165700,9089000,8657600,18247300,19266400,19630700,18826700,9396000,11553700,16165700,13571600,19439900,13339300,8888800,17193700,12911600,12288300,11049500,13201500,13396700,36700600,9181700,19903000,9534600,7240500,9911100,8503500,9496100,15617000,13354700,19912100,18115400,12939000,19519100,8515500,8178300,13431800,8667400,18926300,13313400,10364200,12842700,14616500,9954400,14936000,7783100,10451100,9379100,18251900,9451600,9515200,15534600,9768000,17877700,15798100,12575100,10032600,9225300,13160700,14413300,19605800,16717400,18651700,12059300,12709900,16710000,8969400,9703900,12596900,11931000,21267000,8583900,14125700,13004600,8566900,8491000,15770700,11193200,13124700,17799400,12995300,20357500,13326900,9617800,13284300,11418700,7441700,12397200,16975700,9567900,17516900,7875200,8406000,19754200,7794500,18538100,9402100,8254200,8962300,8470100,19965700,18693600,7970500,17693500,9191300,17823800,10671700,8544900,9740300,9315200,9830500,9328700,16503200,9272800,13659000,10929300,10879100,16401300,16941800,8924000,19101900,15747400,14277600,12373700,12807800,14905800,37167400,13547000,13023500,20295300,8251700,9114100,8368300,8909300,8180200,8986400,12481800,10053800,13411600,10346000,8306500,9252700,15967700,12131400,9256600,14072800,16953400,8918000,10429600,12010100,10244100,11459300,12867900,7729100,9305600,8893000,9405400,9276200,12921900,10236000,8023400,8612600,7725500,13188200,12177100,18419500,13708800,12219600,8696800,8879700,18748000,13334700,17159800,12273000,11967100,12219500,16339600,9813300,9313500,13939100,8024400,9824100,10474500,14710400,13194600,8509200,9348200,10818500,20079300,15379000,13855400,8333400,16872000,13574600,18020400,9833300,8334200,16915100,13343900,15825200,11514200,12489500,7866300,8689700,9281800,15456600,15414200,11777300,8958100,13380400,18702000,9823300,11817500,10557900,37350200,8035100,11988500,8487000,16558900,15915300,11375500,38179700,13369300,14046100,9752800,14498900,14529600,9345300,13866900,16337100,18064800,7894800,13976500,19918000,8207500,11527800,7939700,9615500,14116700,13351200,15197900,9538300,18892900,9979600,9324200,8193800,10263400,8525700,37695400,9148300,16372300,11498900,8498700,9931200,11726900,12652400,12725100,10081900,8985800,8705700,13311100,13551800,8923900,9174800,12976000,11466700,9873200,14229900,12620600,12992300,12460400,17389400,8905000,8523500,17180200,14121600,15711500,12564400,15704000,10500900,11300600,19429900,8318600,9633800,13685800,9580200,11599400,14143800,12978200,13005900,8833800,37548900,8867100,13473900,12836500,10107700,14818300,13151500,15325800,22794600,9542000,10383500,11577900,17203400,9676800,10807400,12525400,10672300,17232400,13779400,21913400,9757300,9912600,17854400,13983300,12748900,7784200,8270800,7516800,8660100,7614000,8570700,12147600,8946200,11548700,14123800,16799800,16214500,10479900,13006900,9750100,18703200,9147100,8900100,7499200,7324800,20876500,18721700,8558500,10055200,8064700,14247000,8837300,9326200,13029200,19096700,36430000,13387300,12659700,7768700,14199400,16429100,12728600,19580300,15230200,8411800,11697700,20573100,13432000,7319200,14255000,20291400,38564500,12974200,9181700,11466100,19644800,8723500,19701500,8733000,15477100,8385000,8440800,14614300,12913100,13750600,33640900,11409200,12714000,12787700,8455700,8493200,8024100,13331900,12330900,9202500,8165900,13086200,18156500,9280600,10361000,8916800,13096200,9386000,9023500,9267600,9882000,12553900,10187800,12198900,22274700,38402800,9763500,9834100,7621300,12720900,8294300,15410100,17171700,12834900,13885900,12022900,17334200,8740200,13401000,10033600,7534300,17935200,14796500,9090200,12570200,19167200,8052700,12259800,12599200,9258700,13498500,8963400,16394900,7871000,12478400,9549000,10665400,10861700,37943800,16724500,20057800,14137400,9412000,20456900,8027400,9644600,8565100,8417200,9350900,18231100,13183600,14270400,13867600,12060300,8550500,9557700,9709600,8362600,17342600,7943500,11288600,11658100,15390100,9007800,8310500,13571000,8487500,9693600,16694000,9293000,18834800,12054300,14427900,9000000,14758500,9113800,13602700,17194800,13523100,12892800,12841100,20669200,7865000,14448700,38497000,16891600,12389300,12656000,10002000,20092700,9644600,20491100,9275300,14400200,11589200,10945500,17579500,7721900,17447000,12941500,13346100,36030900,9017500,14778300,14673800,8519100,11616200,15328300,9213800,9450100,11711200,16133900,15369500,8380200,13814300,13685200,14277900,17344900,38184700,8514800,15663800,12597500,14637600,11455500,7632100,11784700,8999100,13279800,11388300,9394500,9351800,13206500,9545600,13413200,22669700,8155400,9951700,16625400,13200100,9157800,13689300,12399100,18628900,12866000,9359200,15361900,10531100,9710800,12969900,9733800,14394000,8910000,19427200,13141600,12596800,18934700,13046100,12957200,13623700,13171100,10547900,16386000,20451800,13828300,7922100,12476300,8294300,16170700,11427500,15881300,11988900,12614600,12149300,10276500,12580000,9686300,13934900,8818100,12045000,14671200,36699100,8364300,14239700,7341400,13037800,9924200,13143400,8843400,14854100,15032200,12479000,8237600,17870400,16975200,12055200,17247700,14500400,14179000,9108600,17128700,8127200,9678300,12026100,11824900,7640600,12071200,8884800,8461700,17956300,13310900,19189200,12070800,15812300,11655000,7862400,12226000,8273600,8780300,18856500,7971900,12157600,12084500,14061500,10599800,18985900,10354400,8901700,37031900,8652900,16737700,7848700,12808900,10407600,11538500,12614000,7746500,22386800,14520900,16745100,9823800,12014400,9083400,8593500,13316800,12082000,13029500,11605600,20598600,7788600,7800900,12082700,14119100,18612400,9823700,17127500,11716500,8647300,12784300,7843800,9139400,23343400,7684900,10567400,8787000,13695300,8573500,13493600,8877600,7482600,12715700,18643400,11545200,7889100,10182400,19422600,14156400,13040700,13694700,14966500,15499600,7640700,13026600,8807900,7913800,12988700,21685600,7958300,13655700,7923800,9077400,7695200,18542600,13334400,10688800,13302400,7671600,10828300,12186400,7401700,37718100,13971000,7630300,12985100,20650800,15860400,8195300,13001600,9751900,13359000,14354700,13456000,14428700,17679700,34131800,12492800,18983800,13056500,7590300,9988500,8787200,9196200,7884500,17664600,8214100,12950700,12020100,8062300,34273800,14515900,8072900,9901900,10583600,14237300,9009100,14278800,13543100,14507000,8823100,17760000,9660700,9874300,18402600,7900500,13073200,9190100,11954400,14094100,12255200,12402900,21031600,8619400,14402700,9612500,7825300,9949300,9353100,8743200,12413600,7620700,14029800,11042100,8676600,20857100,8776000,13570600,8363800,11658000,13829800,7862000,11283100,10694600,8726000,14726200,8151500,9701600,13940500,14661500,9708900,7715300,12915100,19893800,11229700,20719400,15661300,12754800,9427600,9116500,9455700,12860700,13422700,8827400,9071000,13706600,14099600,9023200,11327800,10621200,18578100,14638400,11701100,7845200,7218800,17724900,12817900,7909700,7291400,20871800,13381500,9379700,9562700,9135700,8767200,9007900,19670300,12786700,9233200,21039900,7746200,9374700,8838600,10240600,14822000,11829000,13135500,7736200,9145400,7782700,11430000,10688400,12993200,8637700,19237100,13548100,20377800,12883700,13336700,8266600,8593400,13751000,12840300,7573800,13586700,9070200,12641900,12255000,9482600,12798200,8449700,8301300,8907500,8971000,10475000,19712500,12504900,13183300,9027600,9370100,9702800,9149700,8158900,9845000,8597300,13392400,9972900,9274900,11738300,12888000,12960100,8162900,8161700,19590100,20112300,12751100,10123300,13683200,18493400,17545100,18286600,12954100,12927800,13386300,12572100,9033000,8007400,10210300,11252200,36896000,20559100,12895700,15201200,13147200,8294500,8494700,10545800,18725200,12651300,12209400,13782000,8034300,20660800,12785100,10034600,12243000,9253000,7977200,17121300,13233700,16857900,14295500,19805800,17707800,7469000,9856600,10001100,7779400,14146700,11239500,8541000,9347700,12635300,13108400,10332200,21788100,8895500,17462600,11389600,13099000,14096300,11186100,9362100,17496200,13973000,9176100,16282300,8405100,12442000,12924400,9345500,14543800,9365800,9981300,12824500,13251700,12595600,9065200,8420900,9465100,8018000,8367900,8662800,9045100,8150700,8130300,14342900,15848400,8267500,8330900,9210400,11478200,11204500,9100200,12311900,12019300,18189700,7589800,8150100,11960800,8228300,22264000,8642700,37993300,9285100,35494000,12374400,13972000,19433700,11824700,8095700,20352200,9121900,10160800,9543900,13488900,12946700,9128500,16419600,7673700,9329900,9231700,13194400,9071600,10923900,9267800,14556100,12781000,9392200,8881800,13223400,9066300,38370300,13059500,7577500,8425300,8739700,13521300,9106800,14082100,8217100,9911900,11889900,12190800,12923300,10065900,18852300,8547900,8302700,9000500,17644100,12201100,7500400,14031500,13498500,9098000,9347600,10135300,8144600,13516100,12853100,12055100,10471500,15964300,8196800,9109700,12838400,9171100,8533500,7808700,11264600,38395000,9457000,13770200,19468300,12355500,20237300,8268600,8654200,14460500,19354200,9032700,12327700,8599000,7894700,12187000,20447400,9800000,8992600,11683300,12966900,9437900,9252500,12650900,9675500,13556900,8616000,9033700,8535700,7461600,9522600,11063500,13338400,14521100,9513400,15776300,18185200,9293800,36721200,14344300,10411300,14150800,7856600,16389200,16936500,8856600,9091700,16174100,10377500,8961600,13791400,14924800,7395100,13948300,9179200,11332400,20084200,12520700,12718400,8744300,16931200,13097300,8475000,17845800,12561400,36134200,38472200,10199900,8699900,12584200,9447200,13692400,35653500,8772500,9241900,11845500,10101700,9827200,9204300,7766900,9767700,15027600,14853700,13244500,7861700,12663500,13136200,8648200,14486200,17808300,8866000,7940500,13657200,19199500,13864600,14136800,36478000,24582100,12601200,7737800,12578400,14364900,16490000,18059900,9812400,9058900,17777300,9708100,7459100,8781500,8479600,12538400,36684300,18520300,11442600,19262100,18477400,8989400,15239700,8655100,8294800,12785200,17084300,9484700,13043800,13493800,17987100,12840000,13244900,13240800,20269500,8947300,7877100,11791400,9338300,14955500,16185900,11260400,12264600,8494200,7645300,14688300,11754200,8864100,14992500,15086900,14221100,9242200,7379000,12709100,10589600,8308900,7383900,14259600,9471300,8803500,11690500,12596100,8363100,14013900,11971200,12289800,9632600,8048800,12511300,11692700,9663400,16728300,17579800,14096300,7578800,17539700,16908200,13962600,9839800,36733500,9859000,12915600,12537100,7742500,12042900,9571900,10713300,8520500,15516200,13073300,7854600,12724800,10351100,9536600,8417700,37639500,11043200,8866100,11110700,14009400,8712400,8843300,14761300,13039900,13457900,10028500,8642600,12633800,13210700,8597300,20185700,9291500,7952800,21846600,7666400,13367600,12718700,12591900,16715900,10250200,9019200,17642200,12529600,12534600,8010900,9299600,9315500,16296100,37769500,18888500,15147600,8256800,19166200,12960500,8491200,9706200,18747300,8812800,13303300,8078800,9346800,16601300,8799800,8974300,12647200,9197200,12829200,12708100,8976300,9330400,11070200,17562200,13859200,12010300,16620900,9780600,13769200,15198100,9378600,7381500,10501100,11295700,9951500,9166900,15504200,12067200,11812600,19408900,10389100,7974100,11284700,8815700,7918400,19153900,20762000,7802800,14935300,13308400,9290600,14011700,8400400,9058900,13708600,22318300,20714500,12455000,8581200,12138300,18691100,18516200,20609900,7993100,13342100,7512400,12669600,10750000,11293200,12189100,8738600,10236700,9954000,14375200,12404200,9331600,8794100,8279800,12841400,11658600,16856600,9601900,10626500,14970900,14358700,19361900,11734600,12255100,8479100,8463200,9347500,7752400,12119300,8586500,8060700,12279400,9535600,9001800,9264200,13823800,12565500,16898700,14852800,8944100,9228200,12532200,16153400,13095600,13929600,16805000,14172300,16061100,10067600,13244300,17148500,9491100,8757800,14209600,19298000,22196900,9404700,8895400,12872600,12886200,14063100,10512100,14541200,9719200,12861300,13716700,7316200,12440000,8327400,7461500,10589600,16166200,13306600,8277500,14642200,13604200,14402800,38331700,12411400,8677900,7518800,9685300,16846600,20358000,12879300,12279600,13282600,11551200,16104900,8019300,14555800,9853700,9618100,10690900,7714700,16391700,8470100,7506500,20389900,8689800,14915000,12897500,12519900,13202700,12328100,11916600,16190500,8628600,13777200,19859800,8105500,13464700,16941800,13580200,14104700,16287800,12750900,13466500,13202400,9359000,12434300,14042700,8592500,10745200,19637500,12644700,13512100,14381100,14611300,38376500,9701200,10429200,20584600,8824300,8754700,12644500,11301400,12121200,14632800,12409400,12894700,12629800,13102500,7966000,9782200,7746900,8850900,9580400,8918700,14436500,8586100,8274500,14495100,13536500,11382600,13863100,12894000,9733900,21766900,11997800,13902200,14571800,9274800,8782700,20174400,9691600,8412600,9752800,17976500,15418900,9708600,8640000,36221100,8081000,9455800,7367100,36504900,13334600,22944900,17572400,20091200,9890800,8008400,9553300,8614500,18377400,14016200,14160900,18166100,9020700,12905200,14386500,8506300,7771900,12823700,9371400,19324900,18761800,13123800,8178100,10398000,17346800,10337500,7707900,12776000,7865800,21870900,15320100,8616300,14473500,36322600,11890400,9310000,10212000,10395300,8178200,14961000,19499500,11946000,14337200,8616400,8199300,18765900,8761100,7992300,37850900,13476900,15633800,16026200,12786200,7913300,16874000,8494400,8828100,8425900,19516200,12128200,12805800,17799500,7912700,14529200,8639400,12208100,13814400,13961300,8277400,8406100,9133500,14436600,20104000,10653200,8738500,8785400,9172300,18394200,7517600,18844700,12645600,13885600,13290700,12774800,8335300,9156900,9999300,11301100,10325800,20649200,13192100,7548200,14724200,7673200,9903400,7816600,8813900,19462200,16444100,9059300,12619700,7403700,7735500,8863500,8835000,18296500,17387500,19711700,9247300,13089500,12334600,8361700,12228100,8261800,16498700,14350800,7427500,12580200,14247300,12614200,14478200,11090800,12897700,12820500,8792100,17669600,12233600,15598000,15127900,10296700,8532100,15596800,8515500,13835600,9885200,35967100,14157000,7583700,14807800,12500100,9506600,15112300,13461600,13879500,21987800,13909500,12696600,12415900,13734200,13748200,7386500,8022300,10382300,8170100,12749100,12740800,18499000,14720400,8842100,8961800,8880700,19429700,11502900,8963800,13739400,7647800,12825700,8514700,13264600,9587300,13236000,12717300,12454800,12788100,11347800,18550200,16577700,8029000,8863000,14096000,23048700,7617900,8692800,9329700,7374300,10375800,18874600,12870900,7331300,10558900,12386500,10001200,13109400,9835900,12962900,12419600,13348500,8888300,17071800,8414500,13086200,14108900,8421400,8543600,8917600,8489600,16524700,8316500,9144800,9624400,10139700,14018300,8115600,9801400,9149000,13298900,15838100,9178800,7983600,10193100,23498700,7513800,20864400,18924600,16178500,8116200,38148200,20271000,18523500,9927600,8130400,9803200,8342300,8047800,13697800,10724000,7645700,9302100,12614200,17713900,12176300,8524000,10017300,13534900,9040900,8859200,8119700,9099900,19220700,8791500,10331000,12874300,8242800,10154100,13576200,9511900,13824300,8808200,8148500,7668300,8273500,12149400,10562200,8637100,9793100,8652900,19042500,12886700,10806600,7740600,7392200,15989100,11167800,14371400,12695100,21893800,13723100,15350900,17346000,9018600,19133200,7383500,8952300,12412000,13258400,8647300,19717100,11444200,18970000,12734200,7870000,14977200,12702700,13312600,8498000,9172600,11222400,7683400,8303800,13543000,12814900,11186900,13840200,13430400,11235400,38539500,17400800,17007600,10432000,13330500,10217700,7765200,18235100,12979200,15002100,12556000,8196900,9452600,10106100,11999300,14588600,9295500,14402600,10096200,15336200,12980000,9676800,9161800,14314000,8926000,7351800,11778300,8544300,9519600,17558700,8005500,8817700,19482600,7762100,8822300,14018800,13012500,11844600,8403800,19185100,8308900,14118900,9824800,13738600,14254800,12697300,15262800,11904800,12340300,11566300,15023700,8818700,11279800,8946500,9576000,16528200,12214000,12932200,8890400,8630300,8580700,8156100,7737400,11254000,11933100,20754500,9925600,13188600,9474000,14479500,16152100,14170900,8843900,7678900,8427200,7565000,12215200,18319000,11121200,9866100,13512600,12438700,14012400,8485300,10294500,18483900,7450400,22094700,8327400,12253400,17490300,10214600,18624700,12327800,11005500,9360800,9036700,12652700,19941200,12950700,11831400,9162200,8187100,8597400,13882400,7978700,36980800,8538800,12682600,18423000,8777300,9652300,13143800,13102400,8521500,11979400,13976700,18323400,12428000,8013400,15215600,11928600,13505900,7773300,13804200,17706900,17990900,19981200,12351900,17902100,9224200,37323800,11446200,8703800,9659000,8472600,13884800,8720800,12644300,12031700,12898500,9291200,12330300,19877400,10109100,12833700,7939600,11890700,9753900,9025400,9690300,21338800,14030900,11386500,9655900,9537300,13630200,14281500,7928000,9378900,9024600,14840100,13277400,9530200,22983200,9226100,7981300,12262300,13218600,11415300,13353800,13163700,14536600,12454700,12674600,8397500,13951000,16831300,8440200,9963300,9035300,9144300,12745300,14504600,14114300,12342500,17739000,12410100,35706200,12868700,8988000,11233400,8192900,12253300,13375300,9303100,14166300,14342900,15387100,10977700,9919100,11306200,20563600,19923200,14272100,10600800,11441100,7363800,17132600,11772500,13739600,10244300,13723100,36560300,14751800,17723600,8436400,11880900,15141300,15445300,9463200,7620200,14162100,17262800,12672400,11257700,12458200,12784500,9303700,8026600,10448900,13813900,7848000,7873000,9137000,9920900,16208300,12085300,10944800,9759300,9302700,14328700,10361000,7900500,8466600,14967700,8037300,14959600,8946400,13688200,8899000,14501300,13263100,14302800,7691300,21833400,14089600,10957600,9052900,14964300,8870200,8922500,8053400,13047500,9189800,7711200,8446000,9962200,8150900,11921900,12775900,11339800,13412900,8832400,8998500,8012400,19822800,10495700,14713300,18891000,15427900,13443100,10103900,9459000,7913100,12927600,8060200,19035800,9414700,13503000,9229500,34545400,9920400,7827100,9151100,8857600,18234600,11754600,13055800,11781900,9204300,7405400,7907600,7970800,9449900,7320700,7421800,16916600,9681400,12576400,13193500,10837300,7303500,20559100,9976600,8291300,13368500,8102400,16443600,13978500,16228100,8389600,8348600,11176300,12333800,16177300,11563300,9222100,12222800,9646800,14402400,9971300,11537000,11890500,7331600,14198400,9102800,14625000,18958600,13119900,13091000,12547000,9147300,18076900,8030600,13217800,13633600,9210900,12622100,16262500,14186100,9234200,13690700,14350200,7441300,8252500,8189700,17203200,12235500,11716400,13961400,16276400,15640300,7921700,36799300,13881800,8444800,7595900,18437700,7942500,13449800,8137200,14301600,8331300,35422800,12298700,8186200,8650600,11778400,7996100,9284700,13065800,8781700,8757600,12137800,13617500,9827700,8648200,17346300,22988900,13359100,17984500,12415300,21470300,11562600,8243400,13554000,7557400,19840100,13510300,7777400,9455100,14883000,10231200,13012400,9687400,13235400,12869700,7357900,13221600,8679700,15064300,9861200,7737400,13072200,8299300,8419900,11496600,17256700,14105500,9719600,13326800,13242700,9493300,9795500,12389900,9784600,8955400,10558700,8616500,8927100,7347100,7305400,13922300,9978600,16673800,13199800,13937500,13633500,9834600,9324800,8064900,13747200,9323600,13064600,9518600,20777300,12703700,10105400,11229600,14463800,7754500,13906500,17346900,13827800,11530300,7799600,7963800,14237200,11305400,11311100,14758200,12872800,17993100,20411100,12489600,14382000,7437200,8142800,12387100,12129900,14652400,12865600,13269700,10579400,10435200,13494400,14996100,13516700,13081500,14785700,13316300,12286200,13692200,11055800,9223600,16841900,9344300,13430500,10229100,38441000,8092800,9679600,9056600,8582200,9955900,9145700,11844200,9576400,13121800,36715900,7598300,12837400,19473300,17183600,11255600,13635800,9508900,37516800,16729800,13145700,7655000,12607400,12715800,16675100,36280500,11696800,8175000,9009000,8579100,9385100,11796900,37487300,14819000,9276100,8234100,12319800,12195800,17028400,15358100,8135000,8301200,8164800,10133500,8330600,12605000,11916800,10770200,8870000,10046700,10629200,13567300,19119200,12883700,8995600,10501900,11901700,13400700,9184600,11334200,11026600,13800300,12653600,13323000,9025800,8112400,15061900,15375600,18462500,13140100,8775800,12309200,11492500,8824800,15824800,14301200,12527200,36140500,9339900,14205200,7777100,8152400,9565300,8526100,18142400,21904500,11656000,7756700,9975700,12214000,12370100,8841900,14748600,18851900,12025800,8317600,14409300,17486700,10174800,9173800,10565100,14141300,12611800,18565100,19089800,12793100,9841700,18006100,7877800,8985700,18445000,14508400,9874000,16469200,18093100,10422000,14095100,7961000,10235700,8759000,13001400,13014700,14301100,12991500,9679400,9201200,37503000,13798800,9792400,11136800,10962600,11186200,14308500,13093900,19475600,21466700,13434700,9567100,7584600,13958500,12471500,18272200,9286400,10512300,11451300,8209100,12312700,8261200,16432200,9707300,10440600,15673900,8053200,7493200,14634400,11294900,9316300,8576300,16023600,12882200,8434900,13273000,12589600,14163600,7992900,10264000,9972500,8763300,9347100,12782400,13997500,17103500,13415500,9569800,11160900,11648100,8667500,18656800,9821500,16784700,12795300,20117600,38512200,11771200,8793400,7686000,12130400,13924100,8488700,12490100,9758300,12004100,8754200,13754100,11679400,9564400,8820400,10039000,16941300,13083500,10946100,11928300,9134600,7893100,11230000,17126900,12768700,12770100,11875700,7897000,9779800,11097100,9011300,8776600,11825300,8379800,14348500,7689900,9073400,7777500,10281500,20397800,10597500,22333100,9710000,8297400,19625600,20888500,13642100,12849000,8261100,19066300,15377900,9646600,13429900,10507300,9073900,21714800,11123700,8286600,13412800,13584800,19016400,8409700,13158000,13622300,14441400,8787000,11639800,14230600,14950600,13826100,9111000,9922300,8569700,9719100,9179500,13000900,11913200,15440800,7739000,14515600,12658700,11584300,13576500,17607700,7303500,19963400,13295900,12742100,15981200,15238000,8199300,9804800,11050200,17995400,8437700,13256600,13863300,12152800,19680200,9030000,7805300,12721300,8122400,14085000,12781600,10694200,20867800,8302200,8922300,7881000,14135200,7474600,9413500,11149000,16886700,12951700,8331800,23317800,8000400,36122300,10991700,9649600,12184900,8036300,7608700,13403300,12396100,9351400,19141500,8711200,12745900,8928300,7683600,15104500,13143500,12544000,13400200,8980600,14210400,7327800,17653700,9450400,20088200,19810300,19308600,13760700,15150500,7970800,9656500,13256300,7844500,11380700,13448200,12049000,8115500,9345000,8415900,10132100,9453000,37794600,15588200,11803900,11705100,8934800,10744000,13730800,14228400,13980800,9221600,8258000,8961300,8666900,17928600,15341100,8466500,11256700,18461200,36715000,14148100,10425600,9528300,12506000,12591100,9647600,16070400,8789200,14454000,18019300,11401300,8672000,8814900,12527100,13809800,13145900,14569700,9527500,8537500,9243200,19341300,14471400,8506500,17855500,37464000,7339300,12158400,12470800,7934200,18529100,37379400,15102600,19046000,12592400,12654400,12394400,7967200,12609800,12909800,12646200,10218200,7761100,12905300,13259300,9135000,13095200,8038400,9650400,8408700,19781300,13591600,19576400,12461900,15069700,11317600,7760100,11464600,10118200,11993900,9368000,7966100,9711300,18738000,8412800,12914600,10703700,10060200,8046600,12447300,14249000,9163600,10372100,9220700,8160500,20034300,8193600,9339600,14156000,20804400,10039200,11465900,12180100,9057400,8650300,13746100,12215600,14683100,8358700,16630200,8641200,19927700,12747500,12013800,12796800,20075600,16706500,17922300,14313200,13010400,14863400,8152900,7798200,9989800,10437200,8658200,19523000,9395800,11490200,9086600,18542000,11750300,14496900,8493000,12845600,12640800,8834900,8759200,13614200,13320400,15033000,19009800,7872200,7896000,12792300,8660700,7338900,14722900,12373200,13231500,7694800,9512400,14580000,19056000,13043900,12390400,15424200,17305600,7979800,11888700,14690400,17869100,8264300,9578700,12595300,15507700,14628600,11941000,20090500,13082600,13954500,17505700,10792300,19782900,7491100,9398000,8891300,9616500,9837500,9136600,13506800,15448700,15193400,8391300,12998100,16207400,9233300,13113500,15561400,8363800,10254800,7750600,10487500,8635300,8081900,13046100,12508500,10832500,9840700,7513400,13151700,14020700,13542700,12851800,13433700,18077900,8546800,13355700,13231000,13499700,11847400,8285500,8495700,8702400,20637800,17146200,12736200,8758300,12604100,8016300,15973400,13547100,12402900,12943400,8234000,12244400,12331600,13026800,12032200,7825100,38368200,19410100,8886800,13739000,13536400,13584900,14134500,9971000,17644300,9371300,9113400,13755700,14277300,11993900,36269200,8588900,9706600,13409000,13217100,7781400,10593600,7370300,9036400,14239100,21518600,9122000,14807800,12590200,14482400,11841300,19080300,8150300,12734900,17433700,14401700,14296200,13997600,7970500,9917400,14423200,12735100,12859700,11422700,8915800,18514200,20299300,12874300,12680600,14082500,13316700,12409600,13242500,12872000,13824900,9024000,8916900,7870200,37088200,12726600,7813200,19965200,13481400,9237600,16839800,8944100,11663400,15728300,13246900,12976400,8445500,8760800,9011300,7925800,10341700,7863700,12402800,15431900,13307300,15518800,10325800,7482500,9803500,10083000,13781300,10042500,13269000,7323300,20361300,9589000,8424400,9883600,7688200,12253500,11661300,8758900,8294500,9102700,13828400,13493100,10975400,18438900,8878500,10080600,8859600,9325300,12246800,11795200,36788300,21332900,38016700,13376100,37741100,12620700,7905700,13904600,7541800,7351900,8582300,8551600,16661500,14151600,9403000,13834300,8516900,9237700,8627300,12634000,7377300,15132500,11529700,13780000,10992800,16517100,11291800,8261900,13494900,19149300,8329100,8698900,17844700,9244500,16313500,10505300,12318000,9478700,8529800,18659800,13579200,12544900,12811500,11897100,20757100,10880500,16268500,35604700,9047800,8423400,8882000,8379400,8468200,9617300,7304200,13406600,7510000,8874300,10063400,8377400,8694800,12173600,11719700,9026100,18530800,13081600,11934100,8573100,14471200,8617200,9342600,14469400,8905700,8920600,7957100,9433100,12824600,19457500,14117200,15911000,12892200,20842100,16608300,18893100,8471700,13974600,19580700,14130500,12768000,8695100,7509900,12154000,9270200,12921200,8674500,8677200,19930900,13589600,8661400,8002500,18720100,15150700,14278500,16599700,7799400,7357900,9299800,19996700,12530700,12857200,13895900,7551600,8019200,8931400,15159600,13930800,18615000,11854200,8882900,13884600,12845500,10114200,8681200,18748000,9130100,11919900,9276400,24827800,37533500,9422000,17030500,14469300,10527000,7571200,20398100,38166500,9747700,20111500,8941800,8073700,16494400,8024700,8906200,9950900,12699200,13706200,8183000,9483000,9054900,9707100,11537200,8691500,15731300,12674600,9664600,8635600,11320500,14043100,9698700,12975300,20825400,15350400,19320200,8230000,15004800,9991300,15154000,14231400,21886000,12978000,11273500,8467900,8173000,11358700,8703600,11558200,11935600,8757000,11756200,12881000,13340100,16181000,9682500,13577200,14690500,12488600,13931900,8507000,13719700,8148400,12695300,9799600,11837300,9084300,21292000,15093500,9636200,15476000,14006900,17822200,9867700,7573500,18502000,38487700,12365100,35967700,14322700,12992200,15623000,9123600,9187400,13619900,16402300,35871300,7933200,9194700,7447600,7543000,7866700,13671700,16516500,13932700,14625900,11146600,13983900,16598200,13904000,11900300,9150600,12665900,8275600,11877800,16503200,11577800,11576300,7941700,8926900,19346600,36855200,9842700,13245600,13358400,11433100,9336700,19242700,14063300,8029800,10842800,17382600,12597800,14583200,11054200,8657100,8184400,12472300,12431600,15795800,20125900,7769800,13856100,13164400,9017000,14340000,11503700,7632400,15191300,19633000,8340500,8957400,7636300,19114700,14293200,14652600,15259200,12295900,13483300,9122800,12162200,13072300,19031100,12576600,13709700,8668800,8411600,7919400,13508800,19684200,38007700,9651800,18091500,9526900,12805500,15642400,7533300,34829100,9338900,13201000,21295300,12847500,12515600,13536100,15209100,7906900,38181900,22647200,11034200,9415800,13463800,12604500,13807300,7950800,7579500,9556100,13431900,8391200,13532200,8064900,14104600,8852400,15482800,20713900,12382400,8992700,8615700,11166500,8282800,15963900,13023300,19563400,8806800,13038100,9813300,8902100,9822100,10488500,9103500,15219100,7635200,10284100,7569800,26551500,7316600,10040200,14562900,20379200,9083900,25687300,9444200,13741500,11586900,14890600,12706900,10362800,18634300,7540900,13274400,10365000,10208500,8664100,13567300,14594700,7643300,8765700,8427500,9134700,9314800,7382900,12343600,10114800,8538500,8115500,15430400,20924800,7582900,9001400,7657900,12260500,9550700,15017800,9135400,8983400,15858900,16447700,14247400,8730900,22913100,14019600,12819400,8680300,11095800,8110800,11458900,7760800,10548500,16456300,7879600,12841500,8137200,10247500,17706000,8502700,8754300,9756500,9051700,16126600,9254300,8554900,7319200,9641900,13230600,9678800,12496400,9052300,10492600,9411400,12820200,12796800,7615800,17570300,14283100,13141400,18745300,13496000,9404400,11755700,8985000,11235300,19363200,14386600,13053100,9434800,9006500,9916300,17928200,9162700,9628500,13433200,7839200,9028700,17958900,12708300,17960700,11944500,11937300,8699700,8000900,9306300,13377300,11783300,16594700,15147200,12322500,15569700,7724800,11811100,10756900,9926400,15417300,8683700,12748900,12977500,12243000,8713800,12919300,19150800,9627800,14470900,9508700,12979800,15628800,9376200,11914500,10722000,9098900,14199400,13026500,9031000,12121800,9520600,8152900,13165700,14003800,37345200,13165400,19976300,14550600,7765500,17611100,9036000,7948700,9518100,12954800,12859400,37464400,9310200,7939300,18777500,11567400,13682200,8337000,11056000,9998800,15219800,9970300,9080100,13480900,14374300,8966200,15779200,12916400,11555600,16228500,13603900,12113600,11529600,8520000,14556100,14133500,8322700,7476200,8329100,9494300,8025800,12690000,7827200,13294100,9091200,16868200,9514900,12846800,8526300,15883800,14588900,13652800,13058200,14250000,12051500,9921900,14037400,13123700,18970400,7938000,8510600,11346600,8554200,12827300,18442300,8050300,8961200,12864200,18645100,11703200,13396600,12675800,19777300,12810300,9919500,7299200,15617700,17554900,9867600,8014100,12993200,9923300,10577900,8588600,12726800,10584900,8566300,15850000,13669300,12217800,10330300,13734500,17236400,12801100,8177700,7851000,8451900,16098400,17457200,9673400,12628900,8925800,7491600,13275400,9151100,8751400,18449400,8847600,18790400,9272400,20201900,19292800,17214100,9825300,9216900,12619800,15110600,12197500,21071200,18019300,11453000,13756900,15233500,11235700,12282600,14583300,9761500,9124100,13160200,16364500,16881500,9233300,11308300,9092600,15746000,8132400,9305100,9801900,16373600,9494900,15959400,12992600,7377000,9295400,25448900,9442100,15325100,10087300,8770700,13127800,14690700,13292700,15178700,15126100,13763200,8068800,8923900,14729100,9061800,11489200,13781000,12774100,8413000,9889900,8835000,13521000,8638700,10266400,12772200,8960000,8257100,12550700,10083300,8759300,11833500,7844800,11549900,13115700,14327200,8400300,12801300,8973000,13649500,14327100,16388000,15523400,7783400,13448500,9127200,12684500,10092600,9524500,8777500,8814500,8608900,11158100,9293600,18312600,12178100,11905000,9657600,13168100,21555100,14034900,9751300,8084200,10077700,14185100,16442600,13652600,13421600,8861600,14720100,13149900,8967600,14306300,7920800,11812500,7762200,11042300,12964100,12728900,7695500,9610900,13485600,13329900,8502500,19621900,15041100,17791100,8254300,15121600,12885500,13519000,12859500,22673500,16848400,12969400,13470800,15154800,11695700,11404700,11638300,16714000,11499700,10285200,18663700,8277200,16454700,8158100,17344000,11144600,8983100,22245300,10305300,11699200,10200500,7908800,9010700,14156700,17389400,16394900,14477100,13587000,7914200,37962400,11179900,14694500,9226300,11617700,11279800,14822600,8569600,13297300,11575000,11446800,20495500,13821200,11449300,12414000,18915400,14185700,10229700,9896900,9027400,20107500,14178000,11061400,9081200,9177500,14595200,10183900,18347200,11150700,12441700,12130900,15471100,12101500,7452200,8161400,14533300,9105700,9770600,13333000,15348500,13488700,11976500,34792100,8324600,13966900,14089200,13380500,14595800,15168500,19048000,18624500,12314800,11823700,7920200,21807500,13752300,9222000,12657300,18105300,14183600,9472500,13599600,13868700,17235800,9119900,14095200,8016700,13152700,18281200,14046500,21739600,14206300,12761300,14100700,9359700,7603600,13329000,14700900,8114800,9285400,12575900,11436000,11614300,8960300,11319200,7561700,9778300,11213500,17875500,21710200,9400400,7862900,9295500,13647500,14214200,18295800,13052600,16525000,14512200,18666800,12969600,9672600,14726500,8353800,20166200,12214800,10362200,9974500,20634100,14055400,19981100,12908700,9089800,7963600,13606600,19812600,8988700,13969600,11742300,12037300,14368500,15968300,8256600,19888000,9439500,16915000,12949300,8010400,15455000,19214900,8664400,13102400,9317100,8912900,23426100,12115200,12664600,9406800,16508500,10654100,9117700,9613200,20492500,13143500,12611000,9046700,13316700,8702500,8588200,12485200,17880300,13177800,8843100,8572700,12523900,11707000,19252500,9231400,15346800,19697200,9979000,9119700,21113700,9213000,9521100,12763000,8295500,13463800,8150000,13771900,9157700,10607400,17768900,8726500,17674600,9223900,37742900,9718300,11888000,10037400,8352100,16779600,15160700,9106200,8232800,18747100,12848800,19908100,24573700,9213900,13254200,13404100,11906000,12184300,9687100,8143800,7908000,8901300,13536100,13403800,12660100,8487800,38090600,8399700,19169100,14151200,9572400,9423700,17024600,13069500,14052700,11304700,7395300,8847000,11901800,12488400,17009100,8224900,8550900,13940700,13215900,7839600,9991100,8664600,14333200,10528700,15006700,9862200,12644100,8974900,9484800,9025800,9104100,8077200,8452800,14109100,13181500,11468000,9209300,12426600,8881500,15555900,11886400,14029000,8284700,12630500,37599800,34430800,8326500,12457200,13428700,21397300,9834900,12631400,14231500,9814800,9057800,12859800,19550500,7433600,9466400,14746200,13418300,22313100,8327500,8557600,7437100,12327800,11271400,7920700,13225500,17819600,7334300,13604400,16608600,14344800,11122800,13452400,12598600,15819900,17632000,14476300,8796100,15986700,24065700,17737900,8603600,8565200,10287900,37512200,9489300,15823900,7826400,9017200,7948500,18335500,14094300,9618100,7713900,8949600,12490200,10355700,16849400,14132600,13305700,10061200,11402200,7897500,9983600,9837600,17207100,8324200,12837400,13532200,23030000,9309700,8534800,10739700,14942800,9604500,8773700,15036400,12477300,7888200,13112800,8978700,20333100,9571800,12849700,7824400,9031500,8996000,9646600,13094600,11990000,13018100,8384600,11417200,8922100,15690300,8560600,12219200,9739600,14787600,8289700,12081000,13404900,38518600,7836000,10202700,14642600,9864800,13608800,13146100,10646100,22491700,8018500,13407300,10010500,9598500,7330400,9126100,12329400,12459100,12645300,8147200,8998600,9368300,12377600,11745200,8220300,14714800,9921200,13782500,37879900,7545100,19077100,12709800,12044400,14274500,17147800,11163100,15393000,11341300,9024700,22389300,8164500,7304100,18482300,14390300,36699100,14762800,13009900,7392500,8645700,15250500,8580400,13557300,10570100,9039500,11708100,9661700,19257100,8860100,13736100,14385500,11812600,8013700,7549700,15883100,8274600,8662600,8750300,14581100,11927600,17068900,22810000,8205600,12838600,9451500,8589300,14143000,8068500,12339700,10962100,12406500,8642000,12340200,9694000,9023000,13032400,9807400,13420500,13667600,12633900,8356000,7970700,14325300,18076000,7523800,13290000,7563900,13651400,14649900,12980400,19732800,19979300,7690800,15257000,17150900,14570100,8662400,12952300,9356000,9741900,11486300,17898700,12828300,12414800,19190900,13351100,8581000,13204900,16965400,11686300,10130800,8998100,7595300,36534900,11926400,8710900,9844500,11743300,13629000,11441500,19797400,13657900,14464800,8637100,8722000,13464900,13500100,8904000,17837600,9746800,15146400,11399900,11512700,10196300,12863300,7678700,12614800,8287300,19009400,12814000,8258000,13637400,7631200,7955400,8967900,12894700,13745900,8429400,10231500,12176300,13113200,9219600,16037400,9645400,13463500,12521600,11965500,12273400,13962600,7794100,12981400,13319100,13186900,17245100,19259900,9632100,8380100,11865100,18569400,10852300,8444300,8732900,13605100,17271200,9386600,20944200,7784600,18287000,18025500,19107200,12166000,12315200,7865400,17629500,21890500,8641900,38205900,37966000,18890000,7824900,13127200,21306100,19009300,15114200,7848600,16707600,9676300,11872700,11420200,9844200,12698100,9072500,9460100,16730800,14091900,19663800,15684700,8945500,8255700,8658500,8718700,12683300,20457600,12428000,18076300,7844300,7924100,13166600,8766600,13412900,8800100,9326900,8387500,14243300,13305200,14068100,8598700,12439200,10651500,9011700,14222600,8142900,38493400,9404400,15342500,9611800,9612800,12826200,7708000,12439400,18081600,17101100,20623500,13780900,12441500,14664000,8163000,12417200,8275400,14141700,12934800,12063300,13119500,19997800,11791400,13841100,12528000,17971100,11661400,12783800,12836200,9484100,10431900,14890700,35248500,9494800,7713700,9201100,14685700,8864700,8313600,13501300,12211500,9365600,9992600,12954700,10905700,8013200,12669900,12210800,14217100,10730000,18066700,8533600,9141100,9386800,10684600,15046300,10374800,12454700,14345300,11366700,10271900,9463700,9233600,9854900,13479800,18537300,9496100,9608300,9110100,8577700,10615900,13871700,14609800,21443300,9540200,10835100,9296000,9695300,11891800,7989800,7851800,13058600,8431800,12627500,12442700,14700600,12875500,13131700,13060600,13789100,18277500,8539800,12324700,13169500,16353000,16389300,18410700,9132600,8309700,12413500,15368400,19691100,10739600,14002900,11298200,10530400,12213000,13669000,7638000,10286300,17370500,20189200,9237300,16858000,11919800,9029100,14128500,15574900,13287200,12475400,9803500,19170400,8214000,13099000,16064500,13378900,8428200,8798300,19413500,21096000,10185100,9981300,14703800,12867900,8968600,7859900,11008300,13065200,36762800,13114600,11637700,13122500,14509800,13949300,14449200,12598200,8573400,10860100,12658100,11048300,12439500,8962200,14074400,10648900,12976400,20426200,11881200,8730200,14092600,9078500,19167100,8923600,8701000,15438400,9842900,10001100,12098900,12866300,13189000,14128100,38347100,11809300,17253100,13043500,14116600,8236700,12352900,9765100,16678400,7873400,18848400,8297900,20463800,12892500,9318900,18173700,21444300,8561300,12357600,14446400,8700500,13751900,13234200,21301500,18398900,7719300,13249600,9023800,8512200,8069000,8885600,10133200,20777000,9766200,17437300,8049900,9332300,12275600,8173400,11367400,8653100,7867200,8628500,9245000,21576600,37999600,12981900,9977300,12937200,17567000,15514100,11715400,10003200,20136000,11602300,12515300,7454800,19600800,16337400,20667600,9525800,17500200,7454200,8028300,10527700,12679600,9567800,12246100,9385000,12850300,13059000,17201700,11775200,9427100,17674800,12688300,7979900,11986700,8204600,19133000,9000200,9167500,13042100,11990900,19554500,9535500,11488200,13889400,9471900,9078800,15842800,11283400,9197200,12712900,9513900,11675000,11769700,18172700,18899200,9778500,8196100,7872900,16126500,12898600,9588900,19303000,8281100,8766500,9828400,12855800,15258600,12575400,14904400,9172700,9820300,18634000,9323700,8262500,15281900,11204700,9482600,37153600,9513500,9157500,13220800,14510500,9498300,13617600,14253900,12048200,8011100,19079700,8652900,8887800,8655100,18188700,8126500,9795700,14026800,14201800,12543800,12554900,8075100,17038700,7344900,19164100,8761700,8063700,8963300,16989300,8022100,7824800,12544600,11812700,15663100,13147000,8699000,14170800,13967300,8684300,13180000,12472500,14985200,13775700,12667600,14197300,9254000,13281400,21483300,8624800,7998500,10255500,8240900,9128800,8283700,18117500,10174300,11012400,12775100,9546900,9840300,11899500,7994600,14736000,9135800,8977500,9730500,10011000,14064100,14280000,12713100,9300400,12301300,9347400,13721500,10256300,9074100,14930100,14279700,12470700,20641600,13483400,12926900,11003700,10844900,17704000,10025000,8467000,9853700,8400800,9671400,8664400,8845600,9214900,12593900,15998900,13470900,13021500,15288000,8216300,13754800,8685300,7716100,16728900,9127100,7709500,13668300,8718600,11965400,9533200,9116400,8015100,7786100,12579500,8307900,8060000,16928200,12504900,11030900,8684500,13772800,14688100,11562300,20177400,13952800,8096200,21193900,7456500,9471300,16512300,12692800,12097700,12682100,9317000,10425900,11302500,9229600,9629700,10250300,8687700,9567700,7898400,9152800,8205800,8458300,9908900,8332100,16553700,11556900,19567800,11440000,13333900,7516600,17002100,12056300,12666200,8643700,8784200,19225200,8908800,7522000,19282000,11821800,20765000,9867100,16587300,7815600,17833500,9744900,19000000,8918600,21878500,19778400,13071900,9242500,37438600,8891900,8461500,11102200,9171900,15219700,16544100,7723600,9121200,8202200,13278900,12583000,11678800,8213400,12635300,9863100,9493700,8478800,14223700,13238800,9453400,13608500,8218600,9408400,7670400,12543000,7713900,10270300,8505300,8803800,14242100,13780200,16088600,7477200,19924800,16387200,12673900,7328000,9691700,9643600,18189800,19815300,13042900,14278800,13105300,7333400,11512700,9158700,19730000,12503500,7449000,8421500,15649100,7509600,19409600,14579000,8092900,9519000,7544700,12723400,10364700,7944800,8130400,12454900,15804300,12422400,7654500,8835700,8289400,10083400,14544200,12815100,16944500,13940000,11316200,19708000,14424400,12415000,18812300,9555600,7919900,12989800,11819300,15965800,10188800,8616700,9033800,15050100,8684800,9236300,16430000,15512100,9353900,19807300,8708000,8580600,18778700,11423400,8655200,7813500,12856300,13276000,8430300,20138000,10376900,12478000,8972700,8997800,13367500,14596500,9927400,8882600,11807800,34302900,12418000,8235200,8605900,7531400,15422700,8105500,16231300,12619800,22612700,14638000,12596700,8817000,12738000,13767300,13725000,12147700,13308900,12573900,9100200,14886800,9336700,14076800,18986100,14726000,9150700,12629200,18281300,18686600,10028100,12539200,13749600,16899400,16532400,10150500,16630900,14095400,9119300,9107200,13310500,12254200,11421200,9709100,8977600,13727300,18389400,8306100,16331600,8301100,19155700,13223700,14761300,9307900,9028900,8646900,14829300,8679600,10196800,9206600,12862000,12219200,12847700,9113200,14712300,9270300,16886400,9595900,9365100,11870000,8628200,18910400,8989200,7743700,10705300,9444400,13940700,18512400,15096600,7791000,21123600,9522000,10190000,9166700,10918500,12461100,10269000,7301200,10359700,13155800,9673600,14373300,15017300,12427600,11884200,13115700,10280000,18893900,11440600,19842300,13643800,16377800,7355800,9221500,12060900,9212300,36005700,9325600,13482800,12561600,10888800,9475600,10015200,21449800,7933700,14090400,17886200,19586200,9555500,10521300,16280700,9121100,13181700,16914100,12367900,13100800,13760400,9635700,7802400,19378800,38068200,14774000,8691700,8285200,12988300,14310600,36788100,7431900,8195800,14703400,13930000,13809000,7405000,7621700,12600400,8903500,7769700,15362200,11412700,13659800,9184000,11688400,8748000,9098700,8739900,20428800,8017800,12817200,8149100,11889500,12837200,8830500,14267500,11422200,8413500,8495800,7270000,15676500,13536200,8815000,20247500,17418300,8323300,8737300,12143800,13141100,8882500,7551600,9807500,11013300,17841500,9946600,13121400,10352300,8946500,9493900,14927800,12758400,7624100,14579800,9158500,7393700,10681600,7284800,9207900,8048500,11377300,20315000,14530900,12012100,37268900,9512400,9495700,20577200,8736700,9492800,9224600,11726300,9752700,10854800,7768500,12449400,11785600,8850600,7907200,15975000,11735600,8925200,10075800,19883000,10005500,9714800,12205000,17186400,15018100,14698300,10098800,9134000,13272700,13806300,14117700,8419400,10017500,12363300,12627900,17860500,16872500,7844600,10397700,11736400,9098400,18750200,7809600,9022700,12808800,8065800,9398100,13202900,15029200,9005400,9881700,7932800,9636700,10102900,7266900,8322500,21162000,9213300,9910400,8995500,18893900,15314500,12719000,14051100,15805000,37455000,14383000,12862400,9010000,8915900,17875500,10478000,13236800,8707300,15669800,20841300,11600600,12313700,8093700,12874400,17899200,7994300,8087200,13588800,9634700,16392200,7374400,37474200,12185100,12764800,19734700,11082200,19643900,13507500,13757900,7525300,13062300,10919300,8624700,12434400,7731500,16795400,14104200,15906100,12426800,9140700,9174300,9243700,10142000,9960400,9699400,14628000,15673200,10135400,8841400,12599200,8990500,10005100,11950200,13328500,8160600,12827400,8334400,12163500,9367300,7648200,10528600,12335400,9249400,13008000,12120900,11565200,9856700,9325100,14023700,13214000,13203700,13133400,11858300,16602000,7879600,8033900,9656200,13959400,8095800,12930300,9553200,12947300,14507300,12373200,11355100,8539000,7972100,12952400,13304400,11768100,11063600,12147800,8408300,14590400,7995900,14295300,9306700,12599900,13416900,12694500,9128000,12846500,7563300,12003000,11988600,9985100,8958600,13870900,12376400,13547400,12158100,23464500,9101700,14785900,32931400,12688800,7811600,7343300,14565600,12804300,14924500,20073900,17979500,11682800,19033500,10021100,13958700,8655100,7342200,9736900,9356200,14248800,9496800,13656300,12990000,9044500,18181200,12578300,13107000,9476200,10320900,15582300,14758000,9954400,8501700,14610700,12647600,12553400,16138400,8768700,13891100,11920400,9246700,12463400,8986700,9971400,9138800,12718600,13022900,13387700,8635500,8983300,8090800,11584200,14476500,8385600,20382600,14642000,14261800,9416000,9602400,12695700,8616300,13908700,12874000,8690700,7506400,8672000,9070500,11377500,14398700,18177100,7905400,13290900,13902400,19296200,14019200,12373300,9678500,17342700,10383700,16501400,8433300,7669900,15087200,12713100,12103700,13517300,19863600,9933800,13427300,13446400,18641300,13698800,14600300,12684500,14071200,9445200,14174400,12715000,18790300,12759200,8989900,12681400,18660600,11105000,7277400,10915100,7427400,14447600,9693500,8189600,11017800,15644900,13094400,19788100,8212900,8011100,13443300,38190100,8481400,10947300,8527300,8956300,13619000,13817000,9403100,15310500,11534200,14086900,11840600,8608800,9817200,12455000,8191300,13743300,15081500,12768300,10069100,9285500,14519900,17878900,9172400,10175800,14614400,7604900,18424600,8945400,13412200,9710700,8505700,14079700,13304900,8972300,9313200,13365500,13401300,38510100,8442900,13219200,7745100,8584800,7509900,14272000,12067200,18361200,8946100,12687200,20146900,9309500,20507900,7321400,14709100,9247600,20539400,12589000,13324700,8951100,14275900,9686600,11033200,9575600,11870000,8626400,10522800,15054300,7968100,13525300,13185100,7580900,12125700,13983700,13572200,8045700,12296000,12309000,18145000,10392000,12424400,12989700,8278600,8859800,10322000,18280700,7448300,12575000,20644600,18425200,17550500,19834400,9339200,8096200,9027300,12164900,7822500,13535700,14086900,14098300,12048500,15955400,9719600,12892500,9627600,7665200,9406300,10148600,10604000,8488600,11709200,14004200,9680700,11970900,11965500,18521000,9310900,18794000,14415600,14974100,12350000,11644900,13479200,18283800,12366000,19180100,14073400,18898100,10065000,9070300,9681400,13067400,11922800,12014000,12023300,10612400,13214500,8382600,14462100,20171600,14354300,11318000,10156000,27073200,12846400,13777200,7522400,9924500,11851800,12956100,16604900,10121300,13456400,19692000,17292300,7836100,9656200,8241900,9173700,14963300,7339000,8775000,13973900,38388100,10922200,9535500,17825100,9244700,8680600,11963200,13301000,13976500,9279900,12221600,12375300,9387200,14473800,17706000,9430500,8195900,14192000,11030900,8775800,14608500,8038000,11610000,11387200,10951000,18148900,10655700,8943200,9074200,9019300,9955900,12870400,19440200,7530200,7990100,8169300,13481700,8050100,15027300,13770700,8863700,9061900,8095300,19702400,15899100,19525700,13767600,11899100,7680500,12115200,8643100,8609400,18044500,13452700,9615600,11528400,12228300,9854700,7472100,12553300,8994000,19099000,12502300,11487000,14083000,14935500,11615400,12272100,14306700,20939100,8915500,33655100,15120700,11111200,16318000,11023500,13990200,7821000,7918900,15209500,8245900,14036600,10837200,8665600,15383600,14041500,12761900,12450000,17884500,17729000,13759600,9316700,8476100,14021300,8674600,9986500,14332500,9656100,7458900,20186500,9043900,8428400,15707000,9408700,7731900,18333800,8389000,37923500,16162000,13418300,12770500,19130500,18226500,9297800,12521700,11336900,13056800,8693100,18961800,12844200,18126000,13517000,8620300,8612400,11290700,14398600,7838600,21486600,21665700,7888300,8409100,9275600,8762700,9842700,7563700,11695600,12405700,8606100,7764200,9882100,13000900,13578300,8474900,16921000,12860200,8761800,8981300,14252800,7552100,9891000,8479400,13744300,12339100,11892200,9180500,9229300,8642100,8138900,12492100,11520100,8898200,12335100,8113000,9950900,14720200,14985300,8901200,9743000,14356900,8468800,9891100,8725900,8424400,13189400,15552400,17291500,12892200,10411200,12353600,9497700,8438500,8241300,8708300,7994700,8873300,15745400,13549700,8538300,12701100,8969200,13792200,8617700,14063300,20391100,12350800,9437100,9418700,13618800,12848300,7711000,15961900,12183400,8178100,10744800,9903900,12969500,14247700,12591400,7796000,12952500,19851200,10235100,18913200,15246200,14313500,8001700,9439400,13344500,9544800,17822300,12818800,13484500,7876800,12470900,16549400,14446800,9654400,12527300,9301100,13025200,14599400,8308900,17798300,12485000,12571300,9454300,8775400,8205300,12500300,12275700,14195600,12322100,18235100,9308300,8394800,20685900,8186800,12163500,7518800,13038000,18872400,9196500,8082600,17899600,16472500,13344100,8760800,11634300,9501300,14871600,20334400,11152700,8991600,10085500,14038800,15011500,7896400,8633900,19267800,14377300,11512100,12650400,14431500,9451300,17565300,8982800,13187100,11721100,16438000,18228500,9168500,10217900,9249900,7994700,7977300,12209300,9369600,9632500,22687000,14248500,9298000,13252500,13187900,13665100,13264600,12494900,10618700,12213800,18325100,9199000,11977600,13518800,14146600,13541800,12660500,11138700,13852400,8496400,9903800,11907800,13254100,7698100,13453300,18016900,9220600,12470700,8002200,12652400,8622600,8878400,8340000,14136900,16060900,10344000,14733400,9556900,11075500,21023500,8702500,9023900,14308700,9216600,17381300,8239700,13831200,19199500,9146700,21278200,8147600,14930000,15348900,12665100,8153700,12224400,13044400,7320100,8187000,15403100,10446300,12741500,10318700,12091900,35112300,18360500,12671300,15699300,11756500,12349500,15395900,19660500,11411800,8980700,11305400,14840200,9356300,12679100,9124200,14106200,9586400,12588700,18774000,12255200,19307700,8582200,17234000,14566800,8131200,8630100,8232900,12297000,12920600,12183300,36363800,8404700,9923900,8727200,16912800,13118400,13744800,18525300,8879700,9982200,12854200,12607600,8062600,12021700,11679800,8822400,13051200,13317700,13448000,10544400,15163500,13082800,12653900,12967900,9425300,9729900,12003100,9069400,9775900,9604600,13853600,14040300,29300000,15080800,12935500,8818700,12251300,9429400,20553700,37022100,7675800,18875000,7542100,12806600,9437900,20417800,8157300,7587800,12144200,10983600,13571500,13984400,8305700,20768100,19236400,8835100,8634300,8203000,15931700,7687400,12488100,8430500,12903600,11851500,18027000,12984600,37614200,19617600,13466100,12411600,13900300,13628400,13621400,12398100,11311900,13871900,20215600,8977200,8407000,13297200,20676000,13967100,12117400,18248300,15184800,8939400,9572400,9069400,9441800,11027100,13817300,7572300,15113100,14092000,7786100,8676000,7464800,7954700,9380300,12054300,14178200,9014100,14839400,8328000,7447800,8651400,13902500,13891800,19103100,8925000,8891000,9502200,12254600,7739100,15325600,10230900,9512000,7772800,9618300,16622600,12898500,8451100,19162500,9960200,9124700,7663600,10423400,9576900,13627600,17333600,9377700,13234400,7956100,7389000,7836600,8170300,12826100,8167900,19103800,11700800,13566900,9649700,12447600,12472600,8841700,9284500,17524200,8990000,10072000,38501600,8068200,12908900,8204000,12811200,16297800,9269100,12905900,11523000,13194300,13237200,12759600,11937900,11908600,9515800,11810600,9088000,10468400,9447700,10407400,8279700,13008100,13269500,11826500,8662600,18757500,15535700,13888200,8813400,13187500,13253900,8432400,12465700,8286000,9784400,21458000,37706900,8769800,12555000,9699500,8969200,9375600,19202200,14647000,19604700,11681900,15446000,8741100,13625900,19735900,12551600,14218200,9369400,19477700,20630200,12306500,8405100,8036000,11503500,13773000,10138000,38029500,8429600,13631500,15503500,7647600,16649500,7695100,14364700,14591300,9170800,35326600,17079600,15608200,14280600,14001700,13664800,8905100,9414300,7753400,9047400,12735000,11724600,12701700,7836800,13029300,13310800,8045700,20597700,12529000,8045300,14700900,20153900,12961300,21253800,18656300,12363600,14745000,15024800,12404300,13464800,14799600,16030700,17121700,17732100,11955500,14320600,8788100,11306300,37362000,7713000,8776800,15692300,13581000,9259400,19897800,9969800,12661100,12476300,9119900,9474700,8833600,13015200,11478300,13444300,13888400,13532500,12160000,13968600,8262600,7711800,12977600,12887200,9270700,15313600,8752300,10204200,13922400,7738500,13240100,20035900,8951000,17140000,20545400,9191600,13204700,9918500,13644800,8983600,7732800,8256700,13930600,7168700,12380400,12901400,9501200,14526500,7759600,15405600,11405300,7627300,7821900,13373100,13669000,17792900,7459900,17378300,8965400,7413300,13597900,9504600,9190400,13993400,13465700,11443100,7588200,13235600,11916700,9694000,8889400,12946900,8257400,13819900,14027900,19973200,9444400,12696100,10507500,7740700,12090900,10449100,7769900,9051400,9107300,18947900,13329400,12626500,12217600,10156700,8450700,7966200,13334900,9908900,19795100,18042300,14839400,19586800,11800900,12635300,20556400,17472400,20856000,12615500,14399800,9543700,14699400,13657200,10655000,13450000,8220300,13957200,13861800,12482900,7910700,8228900,9401800,19053400,13763800,7998200,14449500,12908500,13279400,12227900,13120300,14627500,14802700,37932800,7602900,17619100,7312700,12568500,9056000,9374400,12837100,18913600,9744300,13608400,16311500,14328000,18410000,8825100,20447800,9172400,10782900,16361200,13181400,8079100,37868200,10233300,12573300,17951500,8256900,8235000,12162200,14030100,14268400,9120600,9009700,19781900,7581500,14758400,12742100,15765800,9825100,8621700,9384500,9473500,11995800,12418300,11899800,13521000,12603100,20335100,7655100,16956900,7697200,9709800,11473700,9243100,17009300,14879600,12784700,13229500,9118400,9861100,10119200,13221400,7690600,9501100,9304800,12894800,13707200,13565300,12951300,12262000,13758300,14118500,12514700,13633100,8697700,12094400,20671600,18999700,13714700,8834800,15195200,7881300,7326800,8481100,11624100,12858600,17346300,10066000,11179800,18847400,9579900,14855600,14436800,9333300,19845000,12778000,11859100,13115000,8822200,12154100,13059100,16466000,13358200,11746600,11682600,13490700,22689900,19954600,8089700,14249000,11856000,13336700,13148000,13501500,8387200,13207400,15336800,9425900,12863200,12228500,16200800,9223700,10124700,12397400,8286100,7831300,12526900,9328600,14189800,7668000,8242400,16601400,9095900,11679700,9060200,15877200,7678500,17564100,14732500,13507600,18033800,14596500,14282400,10653600,10735400,13983000,8777100,9133400,8123600,13669700,8279100,12297500,8051400,11795200,9979700,11186200,9229800,13000400,9291900,17310600,14292600,18972500,12427000,7740900,7598400,10794300,10531400,12725100,12197800,7306600,11542300,14355900,17022800,7784700,9097500,8645100,15129800,8312200,20015500,14820900,14263000,9777000,10065500,10332700,13162500,8128300,7663700,22403300,11983400,8582400,7529400,11715100,9248100,16794500,13799500,15133900,13518700,12720100,11413700,8914000,18138700,14042000,11819800,10182400,13946500,8653200,14201600,13153800,11660100,11672200,10708300,8450300,13347000,12225100,12072300,12626100,18975700,17870600,9166800,11369100,9096700,16618500,18650200,18492800,10270800,12700500,13961000,8888700,9570900,12188000,17722300,13835600,8126900,16588000,7922400,23627500,7806600,18102400,14164800,13201300,10336500,8204600,14491700,8419700,13958100,12689400,14430600,13414800,10049300,8539800,10445100,8171700,14753800,37586600,9242000,9644500,8998700,8829400,15090900,9727900,8206700,8498300,13028100,9957700,7816900,15834800,9407300,16125300,12052700,13908200,13362100,14974200,15003600,14421600,13870000,8506700,12580400,37036100,12472100,12348800,16609100,12718800,16540900,18161000,8455000,14187700,9608200,16801000,18880500,9148600,13703900,9533600,8269800,9397300,8184000,9902000,13293200,9806400,16370200,9458800,9198500,18384100,9545200,14682400,7961400,8513100,9030700,9223700,9025900,13813400,18362100,8959900,14707900,8795800,7773700,12697800,19429000,8209900,15989600,8672900,9358100,15977500,9347100,21659900,13329800,15533600,13176600,16991600,8397200,9000600,13493300,13594800,9922700,13312200,14158700,16513700,8449900,9140900,13857400,9297500,14243500,9238600,12489900,10483700,16615800,7840500,9859700,13898600,13848600,17649800,13198200,13516100,11820900,8524400,12730600,12309400,18695200,11619500,19366700,8308600,18031400,8584300,13507100,8425400,12854600,11895000,7977100,11143200,7588400,13318600,8939700,12821400,13349900,17316200,14149000,14836800,12466100,12443500,7973900,14832300,12540200,14667000,18709400,8538500,12634900,19784900,9962300,12659600,12786700,16291800,13371000,11330400,12258400,20666900,11343700,15358000,13267900,12899500,19195500,9987000,13613100,9152700,8389600,10718300,14374100,8966900,10037300,12100600,8898800,13722100,8429300,8109100,12597500,13229200,14560200,13058700,9008000,9443800,17305500,17829100,7874400,9276400,14033700,12044600,8740200,7372800,38119100,10845300,12910100,14417400,18574300,14616800,36488800,12609100,12899200,13454300,11194300,15937500,9161900,12612700,8997900,12876300,19608700,7305300,9242900,7607300,11369800,9195300,9921300,10343700,8378900,8701600,12582200,13510600,13335100,17916400,16239100,8398500,15108900,13129900,7292600,8091100,7571100,13986700,11468700,8806200,8888500,9602400,13600600,12590900,9006000,37102800,7528700,11192300,15068200,11942100,10401400,8507800,9905600,8309900,8603400,13250900,15324100,14378800,13249800,7816300,18792900,8630300,9851800,12009800,13018000,10189100,13111900,7870800,14671800,8206300,20568600,11421700,16088100,12528100,16694700,9843100,9515600,9855100,12578500,13997800,12793500,9020000,16600900,9118500,13260600,19316100,13213200,13286500,13000800,10420200,12794500,8231900,12313500,11965500,8630600,8439200,14500400,8611200,9582000,20074400,12091200,18177400,8548600,9171700,8248000,9178500,11989500,9480100,8278900,19576400,8783200,9304300,8499600,16040600,7949500,14516600,17261900,7796800,18837900,10619600,9106000,19516800,8861600,8154400,12217000,16669600,8005800,8017900,8884300,9888600,11257600,11528600,8231100,15447200,16581900,12155300,7958300,17025900,12694000,12197300,12938500,15063700,11250200,13148900,12410000,10251500,9952600,14004700,9290000,8354200,10060000,9034200,9743000,7644300,11659600,13041600,10016900,9635500,8933000,13030800,12301900,19606200,13121700,12658900,10952000,12335200,8321400,12979600,13390000,8550000,14583100,8596400,37095300,8663600,9260900,10111100,14999000,14823900,8577300,9497700,7631300,9000600,11516900,12741300,11996500,8911900,7958900,37401700,13515200,11889500,8603000,8397700,13106500,8908800,12262500,11792900,12900100,9155100,12695100,12686600,15257500,12244500,8926300,13778400,9215300,9772200,12455800,13962300,9367000,8816700,14657500,9381600,9655300,38094600,15620200,13866900,8175700,11762400,13971100,19932100,8435600,21002400,18973200,9105800,9561000,13721200,9144500,16209500,12878000,14858100,12231200,12582600,13879000,8861200,13919600,7270800,12781300,17525300,9857700,9346600,12636400,8214400,9041900,37596900,8908600,10914400,8823100,12081900,8407300,8435700,8910600,7922100,37091200,10346200,13608200,8391000,12982600,8934000,12960100,13438300,12479200,13576200,13063500,8332700,7334400,12116300,8147900,12163000,26174900,12734500,12686600,13187100,20231200,9524100,8156500,9792600,14979400,17523900,13392500,19262000,8043200,8038700,8659200,12599500,8182100,13059100,18744100,8583900,18923900,21432200,13272000,9161000,9025900,12653900,13464900,11425300,13165700,18305900,9365500,18896400,10013900,12363300,11450100,9842200,13686300,13406900,12654300,13299000,18722500,7933600,16573400,25289000,9509200,8837600,13383500,17613500,15683000,15306200,7540600,12809800,8333400,12587200,17930700,9203300,9830400,17874900,13062800,9383500,11511700,9084200,9190700,9314500,14050000,8506700,12905600,12581500,16696000,7269300,14660100,9801200,10047100,9794100,14955600,18446700,12784000,12941700,9640000,9600900,12853100,14474900,8717700,19637100,8914500,7348300,9637100,21222600,12372800,22562800,9917800,9563900,8441300,10606900,9129500,7590800,8171800,17786000,8979700,10029900,12900600,8035800,13332100,8372900,8007100,12698800,7703100,14306200,13863600,11692700,9043100,9343100,9204900,8549900,37885800,9267300,12713600,35902200,12494100,8167100,14442400,15678400,12836800,11168500,13083300,9997800,11600200,9148900,8195100,9411400,20194500,15596200,17920600,14039500,18356700,17190100,9519200,13688000,15420200,13450300,12912800,7721600,7991800,12327900,7784600,10184900,9268700,7523200,12034200,7736300,8310800,12538000,13691300,8879100,8721400,8882100,13237300,17195600,8208900,11663300,7903100,8405900,14448100,12492100,8973700,10485700,9983700,12829800,12568500,15025400,17761300,18899100,14809500,9323700,7568100,13016200,11339900,7661600,20564900,9072600,11961700,9281300,12519900,7550600,12113000,19659100,13731900,8395200,8940700,18190600,8611600,11345500,8762500,9071100,14531700,7725500,12936700,12164500,9156900,12455400,13939000,8255000,12524900,8978500,13999400,13451000,9613400,12232000,7811700,13772500,7787800,13915500,8561900,11693900,13462600,8348300,12295800,11867500,8157800,17026900,22271800,17126300,8349100,10701200,15864700,12739900,14587000,13303800,9127800,10166400,9122100,38012500,7602500,19687300,7727300,23606200,13409500,17392300,8982600,21413200,12920700,9664800,9183500,15202900,9009200,8888000,12758300,8959700,20146000,18482800,12899100,8570800,12771000,13818400,9104900,14687900,15296200,12971600,10016300,19419400,15459600,11743300,12927300,14669600,8769600,8854700,16365800,15955900,17856700,16093700,19565400,9970100,9622500,18656200,15513700,13072900,9518800,8465400,9269500,14437000,7583600,12200800,18766100,10348300,13754800,14768700,9258200,11243500,7316900,8578900,18688000,12583900,9042300,13529100,10322100,14004800,10377000,8412700,8560000,9320800,7923100,8201100,8770700,9247900,8368300,12552500,37258800,8397800,18460600,13273800,18347400,13584500,7744600,9991400,11936500,9497900,12090900,13068800,13393900,7977000,13611600,12290500,13645400,8597400,15088900,15201300,14091500,13702800,8863800,13188700,8539900,7827000,7994000,7713700,14495300,9207900,7247700,8674500,12728400,12720200,13702900,8800600,13813500,19632500,12826700,13649100,8056200,10732200,11763200,22229200,9409000,14500800,7859200,13913500,13188500,13591800,13045200,11769900,14102700,15321200,34597400,7924800,12522600,8729500,13324600,16542600,9473800,8017900,10197500,16061300,8478600,9947900,9024100,12777300,7924300,9234800,13964800,8330200,10302000,13008300,14438600,9774600,7918400,11952900,8926200,9872500,8012700,12903600,8355300,17994700,8132400,9853300,11991100,19043000,13008000,9194500,11095800,8760000,20537000,9459300,7842600,13938900,13207900,16946000,7999100,37831500,14488200,9401000,8710300,12635500,32968000,8351700,9478300,9363800,11930300,13980800,16999600,7642100,14408800,9320900,8998300,13231100,11298200,8389100,14340400,13302300,11177800,7697600,8764500,7366200,9867800,14121400,9482000,15083700,21876900,12317200,18068500,10113500,8805500,16903100,9113900,14457600,12488700,12146300,19127400,8997200,12454500,15532100,10136300,8319300,15075600,9621700,13127400,15568700,17158100,8750900,13228000,9695600,13739100,8769500,19160300,8208800,13155400,8428000,12387000,20654100,16709400,15563500,20264400,7452200,11866300,13289200,11121700,9120300,10184900,9457600,8459200,12571800,9348700,9782900,14194300,11155100,11218100,13682500,7434700,9659200,15397700,12643600,17133600,13701800,10128900,8167500,15212100,17364100,8674800,8737400,18861600,12895100,11154400,20516400,11009600,14614300,13162400,13451500,8514400,13139800,8140800,17730100,14146800,12726800,10375100,8909600,8570400,8246500,13810000,8399600,17279100,14581700,12523300,14071900,9141100,11814200,8161500,12896700,9186700,11098400,8300600,8518000,7830800,9095500,14927100,12562900,17580100,20804900,13206500,13156700,8070100,12444400,16910200,9735000,31918500,13084500,8939700,14309500,13651800,9412900,7960800,17621500,15783400,13717900,10689900,8407400,11183000,18322900,9082900,15202600,9265300,15457600,9154100,13508400,12220200,21909700,12107600,10206700,12822500,12851800,9975400,7421100,7846200,12746700,18273800,9420300,7413100,14292400,9141200,13708700,36655500,10616200,12340300,15861300,14079000,9178800,14097900,16250400,8957400,14249500,15234500,15054500,9454100,8719100,17406400,10552200,8630300,8692000,7889700,12626000,9618900,7861600,9342600,10965200,17327300,12681500
1e-06,0.006800000000000028,28870300,47853600,54839100,58958400,51094100,32271100,52346400,39840600,49453600,31835600,27074300,47018500,75173000,50579400,43015300,43270100,53855600,54750000,32398600,30012900,49647600,46689500,55368300,63577700,50839600,39109300,37437500,52703100,27391600,71460600,32384600,44478800,53287900,29810100,48440200,49375800,45834700,31799400,59680400,34969800,49338200,51652600,47049600,45755300,45134100,26461300,50139100,30960900,53174200,31924600,53522500,50387700,77455300,35250600,39524200,49276400,34193800,62632200,51987100,29234400,40178300,50204600,35372700,51206700,56371800,48437600,34020500,54906900,28098600,48420200,45655600,55022600,77110900,48441500,45008500,48240100,36391600,51207800,59572200,45394900,41996200,32141500,41558500,39552000,55899200,49543300,32459600,28932200,35437500,61145300,27277100,51939400,42155300,30039200,31400600,83737700,25801900,55867000,74781700,42965600,41997500,38427100,48069400,64932900,46046800,49665300,25297600,49046400,31463200,47057700,37571000,50040500,28896800,57053900,45452100,45156900,44502600,49818000,31525000,31525000,52741200,44742300,35959200,50781600,44439700,55315600,52468700,32010600,29843500,40497200,37113500,55221300,47339000,29836900,39185800,56988400,25417700,72976900,31529300,70034600,39322000,47577900,27501700,47477000,55797000,77818800,50042400,30049900,46071000,77798700,43997100,25696700,51337900,41592600,47723900,34033700,55773000,50461500,32176700,38115800,54967300,32854900,59112400,54182000,27546400,39480400,59935300,52464300,54262900,39131000,54219600,49834700,30669000,49697100,47272900,67253700,39405600,50114400,46104100,55619800,37627300,45112100,46833500,28748200,31026400,50683600,28989900,75654000,50656100,34854600,53661900,43470800,32986800,33993500,32901000,54425200,59077600,34324600,52320800,55590500,52463700,45865700,34353100,51371300,44243200,30043300,55271800,45125400,47108000,71459600,50859900,41893500,54938500,39712700,53843600,49588200,61980000,49725000,45639300,50216900,49706300,55778500,51371800,76886600,44401400,55216600,32156500,72982400,50013400,27634600,35409300,19775700,41101300,50044000,46255300,47064300,48664600,42839100,56024500,44132700,81874800,66410800,33862200,27589100,44709200,30256200,47312100,39881600,48719600,55715900,50075400,54845100,52142100,50445300,49646000,36214000,38943200,26971600,49066000,36643500,34625600,71384000,34914200,34408200,47992700,47440100,38041400,80079000,29157300,50158400,29093400,53470000,55813600,47820400,32087800,56611700,34081300,46702100,48178100,52787800,52055800,43070000,27033200,53797300,31661200,49806600,41685400,31091900,54479800,38555100,57423700,50151200,50190600,26744500,61613400,46469300,34069400,45187200,46780900,72859200,59585700,53198100,44577000,40350900,33339000,39741500,50359200,43136300,42386100,77587400,34525200,42399500,47306900,48412700,46331000,49262700,50248700,38223100,64614100,44026700,47023000,32320500,43147800,49600900,58175600,51117500,57084300,31245100,32617400,44487100,68159600,49224400,51916000,50223700,48877700,52564300,27107200,33648600,48482600,35104400,30024400,39351400,37063500,57836400,34627800,43367500,54076400,38263600,47151000,67772600,50351900,37964500,47713200,68939700,65682600,49614800,48709300,82516300,57263800,59383900,50773800,45329700,21024000,50766300,56463900,46379300,51660500,47393700,31417700,27329100,29381700,84153200,82279000,44480300,45660800,51622600,72135200,33926600,50002800,28815800,87946700,57883700,59626400,48585200,36477000,49925000,54614400,50477600,27304000,41542900,44074500,66925000,50718400,49235100,41513600,50612900,46506900,75860900,30898400,53829500,38822200,82096500,71903300,66876300,50029000,32334600,38431000,33882300,56550700,54567200,66013700,31417100,51203900,28314000,44837100,33207600,33229400,48468500,37671300,45580300,34791400,50088600,42553700,81580800,91122000,50530500,44396400,74170900,29493000,41724200,57913200,48420100,43673100,53383400,84542200,48555400,48152500,52318000,29487700,49431400,34987200,56822000,72426600,65994600,47403300,45638100,63074600,49923300,54702600,35967200,64537600,31649900,30566400,80105400,43900000,67827100,35946800,50269200,27564500,36760500,46611000,28891100,42196400,58251500,60010600,29876100,65880900,33599400,36910200,37143700,29770600,46674100,78667000,50813600,56307800,75557700,53912300,41784800,46617900,49364500,39354200,43699500,28983500,32492400,42860800,46093700,50589100,51462800,28225100,46493100,38193400,54647300,45894900,53701000,41309500,38305200,45855700,46581700,44802800,46532700,76500800,53783100,43792500,49464000,49282100,46356600,44439300,50324200,47884700,50409200,71987500,86024800,65162400,51033500,67973900,42647200,49522800,51466600,77016000,33170200,44980300,58758000,48807700,50351000,55642600,43084000,46825700,47109100,32945300,45939700,50524100,57748800,48970500,67626200,47486000,51907600,28942900,44978800,45369100,50587100,43707000,48516300,46543700,43904600,35875100,48364800,73669800,56776400,45855800,41503100,43896200,33408400,79672800,76676200,47655100,49810000,48325200,30042900,59623600,71246100,40639100,58938900,30353900,51331000,53198500,46435700,34956600,50766600,50249900,53134300,27497700,41815600,83765200,35431300,50638800,47833900,31665100,52451600,53505100,35383700,47611200,35121400,55375300,24294300,51321700,40626900,56046300,46472300,41268600,47534400,84101300,55943100,63774100,79141500,44738600,73249400,50127900,38431800,28747700,35736200,35298200,44805600,55690100,47819600,33747800,57921500,45827500,51394700,50436000,53583400,44317800,49637000,46518500,50687400,34541100,55933100,28976900,40301500,37778400,30568800,44131500,63498400,60316800,35408100,46207500,51740000,43069900,34553800,42828200,33397100,49454800,47433200,48234000,30693400,62304600,29597000,49519000,32350000,36016900,49088600,45503800,53246500,80522800,50528900,55784000,52209800,46612100,32954900,66493600,47889200,33103700,47647600,57160200,40303800,62897000,67827000,33867100,61772700,29843800,48032400,70378000,53571800,53144200,47572000,29857700,30657000,49925200,34964800,31780400,75113600,52442800,38050600,45062700,54667300,50320300,51476000,49674000,51014900,92662800,47076700,72937200,49101800,52195100,49988400,52104500,43226200,30001600,46384600,59172500,47668300,50885500,51232100,48874800,55488500,36494100,51558700,39580700,35518800,48223000,53224200,42766400,60046800,65378000,39733600,49991700,26315000,42785500,49913900,57519700,36702400,48682600,47720500,27391900,46481400,51274000,47875800,56310800,76674000,46041400,71535000,42906700,39689700,46580200,50177000,44238600,26362300,55256100,59104300,53928700,31017300,42833200,50977100,45070700,46486500,48051600,79670600,21967500,46114900,31455000,64744100,49001600,75690300,47625000,45029700,51280300,51832100,48763400,54358700,48655700,45810700,53440300,53175200,50258300,45974300,44733300,49002500,40577800,60744400,41646000,30772800,38417700,51618700,33422000,49635500,51276900,43390700,50428100,57092000,52375700,50202400,57547800,67569500,52089700,38076000,76327800,32441400,52984100,58812000,48190100,60776300,56773400,43708900,49301200,52256600,50819300,55166900,53332500,34185200,51293900,61071500,45020900,48308700,38416000,46122500,52216300,56305100,48952700,48147000,42831100,39865800,48193300,59345200,47441000,48913500,73896400,53253100,47683200,75963000,45171900,79018300,50632600,49560000,51373000,41938900,42223200,45247800,46224700,43938100,39793100,34098800,78806100,48895400,48081000,35411000,53896800,45106600,65237500,30879300,40630100,54505100,31896700,49426500,34965700,48112700,36399100,46837500,39712700,30932700,50495700,53371900,38348000,54913300,43565100,32929000,31562400,53344200,31270200,51366300,43535100,49920900,35161200,37822600,45028700,54639400,44187100,63481800,44923100,42551200,52342100,68715200,65669400,70570000,47587500,55067000,45683500,59758500,65195400,77146500,79348500,53656800,30888800,50951700,36131100,93692200,53630400,48355500,49230500,31028200,50184800,55217900,49839300,44780300,35159100,52620100,52970000,50460300,26533600,31239400,37577500,61004700,42258900,65490200,69124100,78228300,34086400,32576800,29524400,27112900,51645400,34229600,42900400,24720100,51129800,50072600,46318700,51749800,49203800,56964400,69713100,31890700,72031100,47488700,57839100,35032900,50657600,50742100,50921400,52729300,31643200,88862900,80195200,56367500,36783000,43367900,44455200,46622300,43280000,59578400,46386300,50617300,78600100,35269400,55273300,57570600,29322900,64744300,51023600,30389200,40531300,60017900,52198300,33013100,51774200,54243300,46429900,50552300,57041100,50603900,55375600,72104500,42549100,28022200,78891200,43728200,85139000,48967600,30207900,29755400,55002600,48894100,30286000,52396300,41516500,37879700,30834500,24470000,52914000,50364000,36421300,49469000,51689900,48948400,49898500,42623900,49760900,42319700,78499100,40012800,36980400,48505000,61231900,38118400,31623900,69317700,49986500,76117400,56778400,31145800,46022600,54147900,52466100,28549500,52276700,49551900,50833300,40503900,33713500,77241100,55839600,55442100,70336000,85331100,43168100,44495700,35537200,48340400,29968000,49609700,66286300,26622400,80620000,34549300,65531900,54877900,50676800,28480800,50671900,67298000,42118600,33792100,54787700,42893700,42138400,31093600,47338100,35088200,46900800,83903600,30013500,58645700,52730500,46552700,33575100,53020300,66631400,39092400,39731900,33927200,51290900,47599400,45657500,30252600,49680900,52887400,53719400,50331900,30404100,50814800,44291300,25535700,61826700,46248500,55456000,48814700,42841900,30659700,45456600,63295700,44049100,32728800,45228100,57795300,34681000,50229200,40729500,50933600,70073100,46075200,45523000,33141800,57539300,26587700,58485300,30485900,48926800,49458200,63520600,79709100,75720500,45790600,42640600,47329300,45994700,52668200,51637400,48292900,67370600,62360200,66347400,39983200,36321900,48796900,32891500,45331800,49617300,54868300,46207100,39612900,48056400,47625300,66741200,39116800,45618200,31618000,47758700,45463500,68727300,48792200,30217500,30214600,50829200,50144300,53996200,53224000,47296300,52442000,50394300,77806600,43096700,49552500,50831300,50082800,48208000,44804400,40989700,44210500,43132200,53332100,46897000,48482800,47015700,55153400,46005700,26000900,62595200,50416400,39989600,50216300,86694500,54166700,34089600,47502100,54744300,24982200,58352900,27562900,51121900,48662400,46404500,37060000,50563300,51985300,51617700,51181300,59232900,45765900,45264200,51044800,87070100,50095900,84971400,47769700,49758300,36108300,52563400,51197400,50376500,46872800,86443100,53916200,42184300,41296200,32982600,43881700,48675600,54075800,41894100,28424200,89808300,57508200,34995700,33244600,39608700,46125300,34787000,73574000,34561900,39316300,36471200,67684500,53458500,43926700,48714500,51904800,39197600,53249500,29479600,49530500,44556100,44710000,71075400,53708800,44448600,54324400,53700400,63891700,55385000,43888200,53886100,29425500,45912700,35941100,25977400,70266900,48377200,78608800,49380300,45199800,51475000,51273800,59079000,41956300,53544600,44870600,46837300,36390400,34746000,35444500,32594100,28618400,71224800,45350700,44582400,27068000,58482100,46023700,50896200,55025000,38156600,48570600,44153400,48081400,75420200,41637900,49385400,30282100,31251600,31223300,41334400,43666000,58682700,33364400,32284900,56432000,36860600,43603000,31464600,67016600,50993400,29508200,39094300,51609500,44615700,51662400,48291500,45621700,38989700,71574400,48427400,44627300,81407600,51439700,58046700,38743500,58351700,49016300,27819900,55598200,46055000,27711700,48114200,27735700,50991700,32019000,45914600,49370400,48638700,53760700,50872300,46623500,43455700,35878700,48049300,35600200,29139300,44017800,53591700,33969100,41912300,49729600,47594900,29474200,35273800,58109500,53755200,48604600,93111500,39976600,55360500,31325400,51851200,79326300,44816000,84142200,39137900,27672700,42109000,32729700,51050500,45008800,90848800,46115800,36790100,46707900,57170700,36923700,52910000,48291000,57590900,56014500,52190900,49537800,53530100,31616200,67067000,31051900,79676700,44869300,47267500,52779500,68348600,46320800,48090700,41410700,30450200,42547000,25893000,79630300,36511400,32493900,46463400,57717700,32031900,50830200,26342200,63441100,36632900,79571400,47160300,45933700,87807000,59921200,35414400,34023400,49276900,44389300,50770500,85961900,49646800,54808000,34179600,52527500,35947700,33683800,47980100,82432600,41204200,73610700,31918300,34096200,46674000,30412300,61896200,48936800,36474500,41445900,64138200,49708400,30338200,57921000,27886900,53450600,71939400,35419300,58230000,45265900,46247400,74865300,69188700,46464400,27462500,34108100,71131500,48965200,38226600,56208700,44608900,56511700,37840900,34615600,49409600,49371400,50644000,39816900,94329100,38796500,38157900,87396100,57114900,59768100,75934700,43569900,44786200,29118000,58181700,44793900,50209300,40343700,46134500,50959500,68421500,42798100,36565000,35088400,62342700,34844200,35653900,35103700,47351200,38121400,56115700,63751700,55647800,35120900,48594300,45666900,40753000,49142300,50059600,42304800,35998600,54509100,43938600,53347100,49445300,63049700,51774000,57714100,29361900,71698700,44528800,75050500,50230500,64865300,46370000,34670100,31295700,34507200,50738100,44288200,42114000,54012100,45307000,31876700,32194800,45974200,32659200,37534700,47681900,49515100,32279000,47024500,51048200,32189300,47953100,47604300,47216900,46717200,39661900,76898500,41498100,48017500,34324400,51284200,44646700,32135100,52790000,55277200,53129900,56288500,69288900,51303200,50504600,47189600,52278300,57803200,59780200,55088900,27855200,50253100,41694600,51580700,77136700,69747800,31529400,52400100,51371600,34448000,49589400,53508400,27868100,59934300,49592400,51164600,45278400,46454600,33335800,32774400,45149600,46988100,80490900,28609900,43984500,48409700,52175000,61614700,38935400,40759600,36944000,53525500,38732600,57958100,37036800,46574200,27012500,41061900,50204100,41519900,53827300,34404700,46027700,56823200,43906700,42200800,59605800,84798000,30747700,50324800,49984200,50436500,36847700,29558200,72304400,40891000,70106300,52651700,70046800,56636700,45527000,44902100,75254600,42748900,45568700,36479800,57003400,40151800,46441100,75109600,94387800,60332100,58684900,58395400,48258100,27687100,80081800,36840800,84315400,35245400,51599700,51803100,52012000,43161800,51541000,64253400,28761100,56235400,28953400,38213900,46256000,45574300,49426700,38043200,34491500,58574400,43788800,45600400,39433600,42110400,40637200,51074900,45933300,34047900,56905800,57744500,50883700,47657100,45067100,28310900,34138500,31340300,34520200,49243600,49971200,45933400,47585800,48557900,56016300,39996000,51906200,26937700,76678100,47646100,51063500,33324000,48907700,76860100,51344100,46725800,46801200,30903600,37364400,55998300,49115500,47694500,54962800,50177100,31138300,49164800,42936200,51949800,30250500,45963500,29597000,51384200,46207100,50537300,42578000,32775100,64508800,47462100,53887300,65668300,51620600,49984000,53494200,53311700,36796300,50327200,29074200,71253300,48944200,45345400,34833200,42659700,79981500,56910100,30809300,44397500,33530200,49400400,43485100,44116400,51392400,52199100,48240300,31280400,55287900,39757300,44589800,60872100,32031500,39414000,63787900,41056200,48930700,67606600,42598200,39779600,55287000,82767600,55496900,51708600,50900500,28835700,58116300,49212400,50911900,56357100,31602400,50071500,51393100,48332000,45055500,45235900,84381000,58315300,42516100,56159400,71050000,75786900,53163600,53454800,76941400,48524300,34788800,58181500,47411900,49480000,43987100,59061900,52422700,52041900,55717900,45704400,30646900,31249800,45061300,79945700,73669500,44529900,35864300,52090400,47357000,74901900,34735800,45162000,30020400,43492400,46500100,60169800,51081700,29712100,40680000,47300500,26778200,58559900,39104000,32033300,49328400,39058400,49033600,54462800,43727200,43170100,55088500,50651700,52722200,51573900,43276000,50417300,53540900,79347000,38887700,44708000,52781800,51754600,38216200,47893300,56369500,80617200,49091700,32139500,46647500,53651700,38808700,62982100,32378600,52037500,50627300,30077200,37662700,52648000,86751900,48461900,54016200,50706700,48715400,51355300,53503500,50059400,51053500,47063600,49972700,48882800,56283600,52934500,47525300,56816000,36851700,32512600,31458300,35296900,35582500,50812900,30737900,60169900,48200900,55234200,73619800,45010100,54656900,55945100,50286200,44143800,56770600,36246200,35556100,44835100,76131300,46933900,71037900,46076300,57468300,74087400,54344000,44199600,49861400,49798700,41656100,79533100,41664600,45250700,35142100,44495800,51444000,92550700,61093100,79873800,47750400,75160900,40306200,50978100,73958700,45170500,55163500,43033100,58558800,43249400,30869500,38336900,39962200,31848100,68594500,36560300,75625600,74849300,37585400,26675800,36311800,57304100,47976100,43028100,90574900,44128200,53354500,37916200,50341300,46525000,51582400,75912700,45885000,42245700,34098200,56270700,57294300,33768200,35545300,70023800,45596900,48032200,86473700,72895500,79719900,66287200,32498100,46462700,42933900,54606300,35122100,33277400,50772200,40353100,41255900,52788400,55542100,43404100,31498400,50558900,49102100,68827100,55018500,47658300,77169800,44801600,37865200,38129300,47020500,32911200,45463600,58407600,45902300,63468200,48439100,72909400,69586000,45515100,50975200,37589600,41466500,27748000,50777900,50265600,50523100,32853300,53766700,63272300,26895600,27535100,34015000,51925600,30277200,43192500,39867700,44163700,45733000,85883400,55057000,43606000,55683800,80240600,34562800,44760400,47028100,61504200,39131500,44079800,31352500,54322900,67043900,43770000,26678700,58293500,29368500,34439000,48963200,52254500,45637800,44815700,44193500,40099500,35540200,45589400,50051100,36742400,52378100,36561800,52175800,40792800,44369100,83381700,45691800,41361600,40978400,79212700,61097400,68448700,79749100,48889300,48023700,51425200,33833400,50724700,67096800,43386600,50291300,90683500,49347600,47406600,34114600,64543200,45149600,49371400,76685700,45623900,54094600,40840600,33217600,34580300,34685500,82089100,38698400,55038100,37226200,56076100,44647900,31942400,65141400,63238200,38974300,36592000,49084400,48091400,48860000,30019100,75004900,79515800,43236000,48077400,64520100,41188200,75382600,48702400,44446200,49203700,59090700,53405200,46064100,62669500,45423800,38233300,42888000,33076000,47268100,75638400,26327800,28093500,45151000,83170400,55483300,76213700,32430800,34489300,41776400,35939600,45105800,64881500,35367000,45889200,55529300,29698500,41987600,53527500,45182800,27671200,40210500,45006900,60411500,82790400,50036200,43012000,44995300,28066600,62272500,33015400,70541700,51391400,51242900,37516400,43350000,55073700,49755700,35867700,52196900,29890600,56831400,42910100,33564400,57732200,74826500,47685100,49711400,38973900,48876200,73350200,56261300,61989800,35969800,47988400,36137600,45355400,54036500,33202800,49590400,38809000,45088000,55910200,46964900,51793400,29752600,52203900,36615000,38015900,57642500,54516700,44745500,50604700,31310100,47984600,52600400,45423100,47379500,41505500,52034100,35316100,51303700,51889900,49925800,46956700,30015100,32178500,27470000,47333200,42902400,54200700,69437500,54283600,50787800,45455300,22806800,72613200,45759400,56854500,28535900,73459500,49576200,27813500,49043400,32518700,52403600,56538400,27396600,44009400,85645700,37106900,41143400,48322900,51073300,46474200,31840200,48312300,51225800,53266800,30389600,47188600,46033600,51618000,69482500,60299400,72835400,37800700,50662200,50983100,54210500,53096400,64873100,43445700,29231100,54572900,44507600,80797900,44489000,54459000,49966700,48241800,47001300,42197900,53058100,66313100,46512200,43636000,54315700,40661400,56895600,58516900,71563400,53095200,56753100,77719100,53851200,66414300,39777200,44537300,28277700,52774900,87418900,49841600,42460100,31692000,31078600,66992600,30778800,57095800,50357400,54111900,32219900,61804500,49941500,56290800,41269700,73494400,52979000,54308100,73521100,56161800,47608100,53597600,35024300,47914400,52398100,51214500,35113200,29821100,42893900,50740000,58313900,34406500,47916000,31233600,54723400,41143500,34056200,53307800,36356400,39418000,45415800,36935100,51935200,41418500,50313100,31560800,50899300,30623700,47652800,33683600,47353700,36954100,39302900,54112400,49754600,48266200,52044100,31903000,48300500,54458400,52357900,31724200,29590300,47676800,52472100,55099100,34137200,36324100,71906000,47244500,41773200,81014500,43898500,45853700,28493900,33167300,57063100,45818300,30989400,34368700,50277800,34692100,67577500,58159200,56456900,53184300,51241200,48570300,29958300,32809700,79001200,48528500,32776700,42383100,33466500,34472400,44440900,28668400,53195400,38066300,49419000,50730800,50099500,54452500,34455800,27771600,71033100,48539000,44661500,44858400,48424500,61564200,43166200,47895500,55229900,68979500,80049800,44988000,54679400,45237600,30741400,61290200,75901800,42897900,60986700,73870600,46719500,47105300,59479400,52092500,48960000,44206800,50362500,31734000,30731900,33187800,31354900,50102500,46314600,35872700,62937200,29115300,39391600,54291600,89372500,59182100,63460800,36749700,68227900,44907400,78080000,74949600,43030300,36797000,49765000,49802000,32070900,45769000,47836300,86451000,41581100,49412400,53801300,65546300,48186500,33661700,59206500,61767000,49534000,44411800,29888300,48372100,47435300,62786200,25301200,38296600,43925000,71109500,51990700,42106500,52693400,43172400,37714800,33025500,53638300,38903900,35235500,54256000,51599000,53457500,71900600,48725300,77301800,50713600,68883600,49625700,53225500,58267400,46968800,59410600,54888600,50338800,48643600,54664200,30425400,54129400,51890400,46172100,37351000,37412500,49397400,44808900,33012000,40005300,34395400,39785100,44920900,51893100,42813100,33226700,34197300,37743300,54365200,49463400,32281900,78627200,48639300,28366100,81058000,33230800,46191000,46528200,36087300,48319900,53863600,61478300,54816100,38093900,71229600,39115800,36595300,50149100,49103300,45905200,54133700,45513900,72371400,46419100,38649000,52693900,29336700,48716200,83388400,29004100,26976500,38597200,54401000,50217600,67440400,64804900,52975400,76062200,57894300,49709800,43750700,33929300,44971400,51023800,64684500,31423100,52705000,48797700,54881500,30046500,49235000,83378300,46022500,27447400,48118200,58002700,51992500,38014400,67087800,45339300,55402100,51863700,49043300,45210600,35844800,48274800,43716900,49649800,35000600,72775700,54783800,33877300,51519300,35587500,34538800,34680500,44239600,70678800,49831000,81089900,52337900,50795400,52741100,75980700,52157800,46490600,71931900,35660500,86212900,47376100,45593400,78328800,51281100,44592300,47623700,41807600,53574600,28398500,49845300,46529700,48306200,44228700,33428900,43540000,45702700,47484500,49523200,47404900,38832600,51931400,51615700,44990600,40933800,46248800,51331100,30639100,48643200,35279800,58413900,33553400,50353200,29122900,39165200,21635600,77004000,44265900,56115200,45916500,43731900,30392100,51108600,50622600,51074600,50375300,82017000,36501300,44922400,33604000,45278300,55719100,47602200,55439400,51264900,61353200,32708500,89210700,55499900,53220300,37697800,51687100,28293300,33127000,30142100,75672200,74588100,29430500,33855900,31859800,55539500,28540300,62423300,50826500,38109400,40278700,85336800,56953700,49293300,50745900,31995900,46827000,47300500,29536000,47786600,47019400,57818000,48649000,49329900,52297200,69856400,34028000,46953200,69097600,50478000,80685900,31532300,40338900,60389800,52412100,51022200,78984500,54835200,34822100,41051200,32908000,29093800,42921700,42482700,78536700,44573800,54121200,53978400,45333900,45258900,40813800,44598200,30481300,43463200,30424800,53531400,39150800,48855200,33218000,38264600,59985200,46860900,73866300,51022600,40045600,44327900,49699400,52172500,53492000,49642400,75474400,31565400,44997200,31453500,57008400,31289600,61385300,55224000,40401400,51187000,57575900,56661400,44557000,43360100,46065100,76802800,50417700,56091100,40076700,67321600,42575300,28699900,67171000,29942800,68054900,49763300,49822300,42585600,24869600,46705600,29353000,31017000,47444100,58887000,51801000,70981100,58333300,56674300,51391500,51122100,85211400,54150900,47797700,36343100,48436500,47257400,50304700,47487200,53125900,26320800,53251800,49505400,46600600,59372200,49796700,50549700,49660500,69706600,58229600,64590700,46009800,46502600,50573700,40536100,60996400,34537300,47778800,51165900,55240100,49621100,46102400,50954800,53777600,57222300,29786700,33133800,53902800,34201100,32881300,48670000,51195600,55638000,29447500,49125200,55085100,45401600,59787100,44305000,48653800,76205800,57917300,53745300,33634400,64245200,47875100,51031800,36041000,40720500,75973900,38020300,45936100,85023200,43540600,68627700,51167800,56616200,41187100,53457100,37610000,30189200,37623200,51180300,43240200,68415200,51451000,43345600,50791800,88364200,44789500,39620300,50551300,34041300,38201800,18367700,33113700,36849400,45697900,29817600,43895900,52276900,52389500,32286300,55738700,32802700,52306400,52079300,47409400,45662800,55791000,50399900,45832200,40642800,33027700,55155200,49867600,76405400,38238300,49777200,56508500,80983800,34904100,46139800,29384900,47028600,65508200,31532200,47742800,61745300,53522500,29487300,53574200,31028500,40978000,29416700,72166700,50054600,30493900,38933000,35348300,49229700,53259600,45351700,48635700,49488200,28412300,68506100,45088300,27488700,61740400,50664700,34462300,46969000,63816000,51832600,50274500,46085900,52232000,30667000,38568100,53689900,57421000,55278300,92045500,69126700,60892700,31166700,56701800,54251500,54742600,45153700,34826600,35330800,32233400,45521000,52455100,49199200,75803200,33980600,27284000,52433000,44836600,43383400,32697200,36983100,52447800,32582200,94877800,48020900,47378500,50333900,53612900,52925800,50687100,47979900,36341200,50975800,45988700,66112100,57187100,34528400,69452500,55023900,47491800,41002800,49147300,47538900,45995600,44492800,37612900,71457000,35458400,41726900,30281700,49736800,49449100,58811000,51673800,31142200,48751400,48847500,51330000,45520100,51193100,33393200,50729100,46650900,62797900,55976700,58239300,53939300,86054700,47204300,52085400,50606900,49189100,40821600,47184100,77690300,44781100,57603800,52110100,32001100,47655300,71627400,77243400,49327700,56656700,88281100,30686500,41495000,50755200,48143200,49517000,51821500,38363100,56590700,41987400,81358300,32025100,40176600,27327400,83293800,48984200,37443600,44246900,50560400,37934400,51805000,32573600,44399900,43182500,68794100,48889000,68055900,45426500,46339300,51946000,36585600,39601600,84172600,42753600,53496100,41862800,32825800,58129800,56661100,51493100,42843300,50781800,42896400,50403400,54057400,66152600,30516800,32183300,35813400,64062700,48092900,58738400,44061200,59133200,52084500,45157100,35552800,59961400,47811000,56914700,34163100,35500000,42226600,47338000,64025300,58430200,49698100,44056100,47066300,53413100,54599200,56782200,51891700,43540400,87842000,47340500,50646400,59527700,65346000,28204400,45679100,51528700,34907600,34818200,91681600,52321700,46553100,90120000,39606100,49071800,62268100,30597900,63324500,46111600,31373400,55033900,33393000,35896800,28566900,42205400,52539200,76686900,79464300,63134000,39998400,47268300,53879600,51597100,26957100,34055600,52341100,50964700,42321500,31149400,41131400,61770200,51092600,41031300,45677600,36375000,29501100,45419200,47479400,44917200,45351900,50336200,41440600,44647300,55135800,33005400,42930900,32590700,31402800,31622600,39753600,60808900,32506300,30388600,49440100,39948800,42662100,49419200,70711600,46425000,26940600,30007200,46037600,57029500,47934800,62760100,74846200,47275000,54081400,44941700,34043600,32250800,29220800,43818000,44122100,45053700,51364200,31405900,46185400,38653600,36031700,35421900,55241100,41850500,75580100,31877300,46521100,33030700,51039000,54807700,56829800,51748200,51896500,31401000,40777500,34941900,30208800,88095300,55791900,45140600,46192100,47099700,56781100,69091200,50674300,27651100,84101700,48542300,51060400,53302600,50339600,66625300,71537000,55615400,57600300,49733600,55792800,49372600,85154200,30879400,64923500,48765700,32876100,30150100,36186700,27734700,51201400,47806100,73641000,26409000,82438700,45294700,46303700,78082700,53432800,29173000,30417700,51665700,50024000,24742200,30227600,55329600,52608900,51790400,66616300,39017300,33466400,32139800,26794100,59688500,54698400,65462700,44510200,46266100,56937000,47566300,48306000,55796200,27061700,70004400,57815500,51042900,84894900,74467500,39912000,60546100,35997500,78813800,48931500,60749800,38201500,57135600,52924200,39402500,50705500,56364700,28761400,62541100,45193600,45819500,44763000,54222400,34143700,31569600,40132100,33755800,52020500,41956100,29614800,32649600,56970600,29765100,34971300,56848300,45344600,47408400,53763100,41759700,29831000,30201500,45576900,45339200,83025100,31109600,54309700,51830600,42821800,76695100,31552700,45720900,49467700,42574500,45511400,52269700,52429800,50742500,50122200,79910400,50131800,54384800,45036900,43462300,37382400,50002400,27647000,47865600,28286000,44399500,53139500,66050000,81973200,72576500,58782600,41982500,39909600,40538600,34059400,42639200,56396100,46032400,52012900,53334000,51232000,49684300,43691200,49072500,51531500,30563100,51419700,45281200,46265500,47860400,55360500,50451100,49922700,42125000,51595500,59865500,55573600,36345600,42644800,47884400,36310200,38651300,76810600,45870700,46084700,30457800,44961800,48299800,53196900,41772900,34674400,59047600,47949400,36572900,49726400,48019900,50490500,42697300,31724700,35675200,47726400,53074300,45891300,41734100,41796600,32214900,30343000,46307300,39636800,52032200,29566100,51677400,27611400,71079700,60122400,31273500,46158800,46852400,38104500,31102600,51810700,62091600,55521200,54812400,26911400,52403300,47988700,40411300,37650900,50822000,50662100,41211900,34199400,46652600,36175800,30091000,30551400,59606000,43841700,41077000,56547000,43189600,86954500,30946700,39256500,32629200,53782300,42745600,50401800,49810700,55651300,62919900,32628400,56401200,80290100,29831400,63179400,31942100,47632900,37248200,52342000,32695500,44167800,25446900,39321100,60247800,45378600,31203500,44423900,47019500,75388400,30036100,34858900,35865700,55171000,45685300,53727100,79207200,51691100,57315100,34581600,57681300,35570700,52077300,57551100,49289500,47407600,36179000,61571200,80200100,33777200,41590300,19463900,60163000,43965700,51046700,67423600,32769300,43340100,85793700,53591600,36073600,32418100,58758900,31064200,51366900,46956400,49716600,58313700,47061400,76041300,51396600,38516200,39716500,33901200,51671200,51493200,33010100,32553300,31084900,46028100,43020700,65194700,44187800,49796200,81955000,52151800,55052300,33490800,57246500,34725400,35722500,31716100,37606000,48077900,51707000,29229200,43076500,89330400,29683700,51662200,51174100,32921200,50073700,53783300,42821200,49898500,48127100,55914000,83778700,53833200,55574700,48756300,39541300,50231900,48584300,52026300,59886800,23921600,53733400,51205300,50729100,48433500,46939400,47506700,39977400,56583000,35315300,54679000,49241000,47893200,47814100,78739100,46769000,33705500,33013000,52669000,51518800,36874300,49017700,47842300,43773200,48279300,31573000,42278100,55460700,40365600,48802900,61214700,85812700,51723200,46380100,45613200,31928200,38102700,28304100,48732800,45036700,45129200,48238200,46861800,28112600,49282500,30024200,45828800,39373000,52492700,39817900,45129000,59838500,51557500,49366500,43972300,53865000,57603900,56825000,55269600,49644200,31889000,57152000,53535900,67012300,30493200,53856100,44772400,51262100,58280300,46361300,29344200,35693900,29573200,51153600,43999200,48192300,43947700,47645700,51905700,29665100,45908900,50762100,77835200,44187000,48996100,44212700,44403500,59554700,64640300,53591200,51550800,50826000,31240600,33488800,42798100,52539900,46813200,49892900,51047100,45574400,74875000,52667200,52491900,53755900,52282300,62124400,53522100,51314700,50447100,55805900,50586000,49403100,89146700,52075800,33649300,49853500,33370600,31322300,43817100,73461700,52685900,38216400,72718600,51550600,51018100,47875800,75450900,54664300,47566900,50052400,47833300,54935900,70318800,30298700,32644300,55447700,52020900,45453400,45903700,41574500,54820400,47184000,44092500,46480500,46708000,45726600,49856200,49951900,48213900,47907600,44324000,55204000,50667600,53070300,49087600,45672200,57026500,52964600,82068300,45488300,32790800,46357300,53814500,50300300,51393400,30341400,46099800,60501000,53332200,28119800,57149700,32138200,44449300,45229000,55959800,41013900,72925900,49137400,50166500,44906300,34759700,33942100,86899200,57232800,75874300,51280000,45923600,47091900,34581800,52182200,29853900,49716900,61237100,60227900,35422700,34440800,64840100,55555000,44981500,42367700,32275400,32611900,48807700,63189900,44061400,48592000,39746800,80631300,36817300,42615600,50526200,43782000,61429100,41066900,56119500,45378800,39802500,62934400,38749000,54620700,33121000,26683400,49329800,48183500,30803500,31182300,30474200,39600400,44466600,39062900,51659900,51705700,47177500,48325300,38856300,50624600,47515100,58771400,45178800,50861600,28212900,29361400,64524400,35605400,30543900,73014300,54720900,54012500,31145200,57979300,53469500,38171700,36518200,50246600,29036000,39523500,77026300,50582000,26953300,44148000,45244900,46789000,46287400,47619900,37765300,31882300,58596000,36067900,54303600,52985500,49244500,48530300,33044200,44509800,47553000,91383200,49574600,52284300,47878900,31113300,49061200,50301100,45479300,49250800,65729300,50841900,51025600,50824400,53277300,51294900,57390400,49965200,48186700,45406300,56293400,57567600,47684000,48745400,43797000,52054000,54093500,36823400,42101700,37986600,37951100,60260700,39996300,60680100,37978100,44325100,41695700,27859800,53808600,37012800,34154700,78764000,51478800,34282400,56619200,47563000,46136600,46199000,70874900,35546600,40370600,50781100,30055300,44516900,50861900,46035500,52144900,41641400,43589400,31343900,58785300,66634100,36228000,32628200,30112000,36120100,54216400,40729400,35179800,31778000,74925200,53609600,30555700,46302900,52560900,74056300,39860000,86721800,35792900,44758900,35259500,64815900,37654200,84751600,28035800,48986700,50721100,52728600,55203700,51234100,74959700,47875600,28504900,32912500,29435500,45275200,40648200,30801400,35364700,44464600,50895800,29384700,32204100,54026200,35044800,35759100,51116400,49088900,86873900,77531600,55009500,39497100,30462400,43559400,47441200,48113500,44100900,82999500,51904800,69654000,61918900,46140400,49794400,56016300,39327500,25861300,47798500,54980000,52324900,51565500,30905300,47630200,79676000,48207600,45940600,47254400,55962500,53755700,48597600,87101700,38439100,51230900,74020300,31976400,55417200,53134400,49741900,75136300,29306100,40362700,51492300,37876500,51569000,43768100,56627200,35575400,50732000,32632900,31822100,60396800,43933900,32578000,43561200,30932700,59420300,53828600,50262400,80456700,44010400,55847100,30307500,51744400,34524100,50878600,77074000,47310800,47303100,55813200,38971000,54351500,25192900,26004900,34432700,33960400,68425700,51579000,54305100,33519500,46585900,49146900,49395200,56213700,72746900,32458300,33906300,48573300,49041100,55659600,35550200,30527100,66337500,42078000,51128100,46852500,51232200,50833900,28077900,55886300,29412600,48049900,45651200,54020500,48996500,56682300,48780500,47055500,48419800,44716000,49982200,32494600,50328000,47232700,35733400,47773400,40920900,35425500,67450800,67717500,49879000,54808200,41096900,53322000,54737100,30997000,38610300,79594200,28693200,53914700,44349900,48462000,50436900,34513500,52057900,54088600,61771400,52799900,35265000,43483500,42944100,51249400,62231500,37274300,25676000,35302700,51305700,29996200,60865100,32931000,47586200,44286500,36926800,29489100,36515400,61239600,47791900,44119700,60560700,45385500,30327400,35626200,50228000,75423500,35978100,39809300,45919000,47694200,57544800,49426900,32584900,47294300,37793000,39603100,45651300,59370000,29078900,49475500,29808000,57300900,49604200,76472500,37450900,50861500,49180400,51771200,48975000,54967400,51044100,56888500,32195300,50012900,82236900,28727800,47538300,31195500,49587100,53091800,44399800,55506300,51948200,37065800,40890300,35943100,48103400,51172800,48563900,28353700,40579000,50261600,51639200,50885200,35290800,55383000,48663000,25889800,45929500,82721500,47021500,53749900,52018400,27249600,41400700,35695400,39860500,38748000,34831400,72218000,48092100,54984200,34739200,46760600,51377100,39634400,50449300,29800900,51739500,44682200,67946200,37584000,51402200,49991200,51502500,46522200,34229600,57717300,49905900,36949500,55098500,53167400,26735800,55729400,47072800,59211300,50501000,64166100,49517800,71479200,30827200,47372800,51992700,50414600,43450900,35615700,46251200,56608600,41733400,49167800,29232300,47901200,29992200,58017000,42149100,49675700,54647600,79433500,51646100,46592600,44978300,52757500,54772400,33106000,62316000,29806000,31386800,51254500,50488600,52697900,34359900,54600000,37874400,31140500,50152300,44028500,60268500,26933400,62891200,34422800,55441000,53004700,52350000,53564100,29065100,45675900,68314200,35459600,59392200,55645200,53779300,45016500,76944500,46543500,33751700,34754800,30691100,43640500,52306500,44873900,42003700,51008000,39365700,57739800,45280400,64771600,58676400,67993000,39783100,49446100,54159100,53072200,50698200,46631200,51168600,42944700,29306600,53309400,32784700,53101000,46246900,45991700,53184900,52259200,45767500,69593800,26679200,49755500,48714300,28636700,32592200,49210900,41586000,27220100,34877300,34160800,48652100,83275300,46745600,43071700,53009900,26809500,29469300,48177700,30387300,36248000,38352000,49927400,49952400,35129800,74752100,50415000,45765700,28039200,46844700,54746400,49936000,37848500,46491600,57706300,54449000,53502300,76345600,29904100,87115300,45964800,43302300,45216800,66964300,30227400,47038100,87313400,51343100,72313700,42635200,29968300,49875200,43512000,48852300,55044500,31845300,56531100,76503000,52659900,48449200,69304200,36246900,36691000,41826200,37173400,31653300,46690300,50419500,47245400,60145900,81782900,28848300,41320900,41298400,48883800,35518700,74060500,46233100,56753700,49786100,55210000,46476200,52028400,57179500,50853200,47869500,39044600,50146700,43064500,34422200,72564200,56987900,41848300,65518200,65129100,64247800,40608800,35675600,47075500,30628200,81464700,51191000,53014700,47579800,38143600,50140600,49766900,44385900,43890000,29719800,52659000,49595000,40428900,74806400,51102000,43978400,51588500,55715700,46417800,52504300,42710700,53427500,53827200,49619600,48547800,47473100,61172200,32763700,58883200,28921700,55169300,30342000,38985500,62202600,45807800,50287000,49950400,53804900,70910700,35296100,45810700,43199100,26511700,27926000,27658100,86114100,46994200,30420500,52661100,33074800,45491800,55198500,45191600,28480600,40421600,80879700,62103400,35332100,44910300,26654200,50939800,48796700,50033000,48240200,42158100,77001800,34113100,58803500,43063800,52629200,25169600,49051900,43831900,53694900,51228700,29813800,47874300,44316600,54603100,47741300,31385100,52408000,29290300,31962200,35306000,48082400,55845600,54226900,34477600,48040900,34459900,44458700,80154500,80036500,54204900,36250300,50850200,35488300,93891500,49680400,55959900,32975100,57323700,30255900,29771700,54335500,30488100,36779200,71619900,56206400,32305200,50016000,53144600,40989700,71924700,47439700,42586800,53029700,50710000,51376700,52195100,50689900,55681900,36863700,31961300,54762800,29256500,57138400,49368200,77596800,38486700,42140500,66991200,47937900,49336200,72863600,27467600,45289800,33073200,54847300,50008000,51641300,35433400,53088300,46798100,35234600,64707900,50360700,46712200,31955800,30968000,63993800,44445400,48049600,58885700,62215700,52864700,45475500,72890300,49158200,37779500,31966600,54640900,39747500,51885600,47349300,29959000,27869000,31925300,36956000,47194200,46360400,56402800,52361700,55080000,35854600,49319000,52089600,28616000,49767700,29577000,40528100,43450400,41810400,52962100,43695500,59023500,32368800,53070700,43200000,76260600,35531900,49173900,37077000,50781500,39529900,52653200,55813900,44894500,47270000,43314700,29578500,45761900,36503800,57911100,48500100,81763600,36629500,48456900,34157500,82485100,46048500,33943200,45129500,55333900,35568000,29697900,51446300,58474400,30546700,37573400,50898200,32257500,26762600,44587500,60301500,50287400,30060000,38336100,37264800,79139600,52323800,28978600,30433900,50907700,46412500,89869900,30393700,36630900,50260100,44382700,34518700,33336000,35022100,48116800,30683100,30643900,43629300,48880500,46638000,74032200,35930000,25727300,48950200,47940900,40530300,28370800,55740800,52791900,90363600,83732300,44230100,55592600,57286800,51687700,53634000,44746500,44522300,49058500,40167100,51814800,57449400,32815900,46633600,50966200,32527200,28878100,74396900,48045300,52852600,43977500,59236300,54838400,40331100,33186300,45684400,36637100,52423700,51158600,50581300,45141700,48295400,43015900,46754700,40114900,51649000,42496200,54653000,59445900,82594200,53905500,47629600,48366100,25158400,28888400,50762200,45746300,60854300,41652500,56093200,77222700,46872700,50301400,33236300,61560500,63022600,46262700,47634700,45944300,44550400,52112400,48841200,51602500,34842900,45957800,52008100,36870400,49340700,50149700,43164700,50451100,83689900,43486300,45674500,48735000,45414000,47954100,47940900,50263100,66660800,33096700,27749700,46924400,47460900,40507600,49142100,26079400,54727400,41489700,44491700,58275400,50642400,35661700,45172800,33301100,58093400,60713700,35122200,38614300,43263800,39717400,52453400,33820900,32938400,48949200,46314400,49891700,38012700,49083400,50966100,44843800,44948500,46177300,54862500,46754200,42350000,49785200,33282300,42819000,83653900,46060400,28974500,45335900,47735800,51596800,34621600,51601700,34755200,35278300,55856100,28370500,47650300,27871200,49191300,49783100,45274100,44674000,50133600,75334200,47802100,74639000,58977200,27437900,33092500,51852300,44475700,46332900,49683200,40425300,47721000,34648600,50821400,53464100,47112400,48237600,43651700,56395700,32388300,51999200,30601000,36734900,53265100,49745200,49117000,24430900,69623000,31271600,34955700,48712100,59101000,46538600,30823700,59526100,48286200,61531000,44574000,55866600,51157300,51782000,46334100,45744200,44188900,65638600,64327100,57614100,32964900,49179900,46266500,34221200,36972700,44707100,52789200,74201500,33688400,50348500,38798200,49565900,30379600,43892400,49795500,78508400,60196600,54379600,77187800,52064300,77392800,69048100,53568300,45541300,50495400,37670800,48117200,51751600,83684300,81780100,31377300,45411100,45633800,78790400,31441300,52354900,51644600,55838600,44039400,34209400,73267900,71478200,64375900,50983400,60387200,46234000,46899200,46054100,44404500,32381100,51583500,84437600,62433500,48181600,32343900,35694800,56366600,32442100,53494000,44424000,33589200,49696800,29634400,43286600,52120600,67783400,49673900,49444900,46721300,51740600,30535700,39603200,42946400,42758400,44962800,33163700,37432100,39716100,93389200,37764300,71265700,45400700,47461700,35417500,31660500,89490700,54896600,35520800,43835100,52519400,59824300,50414600,71130200,29674700,37966700,47886100,54115400,28412200,49917800,53315800,88543400,49596600,29262000,50246800,50852200,52192500,51707800,63305900,56039100,63209500,75858000,48705400,49526900,79179000,50568900,45748100,43380300,51769800,75767300,33789400,59083400,47066400,48919000,42279700,71376300,46057300,32647600,56209300,50325500,35802100,33232100,54245700,41166400,52762500,45531600,49349800,49610600,73514200,57141400,67788900,42159300,51640000,74796200,51022200,30389200,55390600,34330500,60617600,47113400,48765700,77514800,37357100,45431000,37375800,28271900,40751800,37895700,37190200,89560000,46794600,82847400,45937900,28986400,54730100,55932000,45184900,52064500,50075400,49258800,54006700,50344000,39139500,44622400,57106500,47103300,63169700,46350100,41868400,57035400,36383300,83203600,33723800,30576800,46902300,67797100,54184100,52182800,47208500,37108000,26638700,44266000,55284400,51409700,70286900,36174300,34846700,58668500,44856700,50303400,36630000,51044200,47195400,52039900,47861000,37248400,38700800,47354200,35258100,35220500,54226100,38732100,54747300,53817900,42783500,47833200,51479500,63136700,50015300,34480800,48388200,66477200,49588700,39714000,51438100,44340500,44947500,31613800,33888400,26236500,65384100,50374500,39222300,70322400,44854900,65375400,24517300,30792300,55052900,43452100,49436800,45879800,67032300,45878500,53021000,55201000,39334200,46918700,28490400,73096100,49506300,31122000,53170900,49087500,31061400,55267600,30621800,64293700,47609800,29855500,58093400,51058700,27594200,50643400,45595000,30147600,30918000,35851200,42842700,25679600,79863600,33858700,36192600,57105100,35456400,34758900,49876900,39155300,77621700,51306200,59393300,80870300,53596100,62616600,51677700,50982200,64887900,67538400,46065000,80534600,44880400,43795300,48225500,33817600,38373200,42634700,73767300,42527000,37527600,37449000,55402900,45694000,48487000,48617900,42754700,75013800,50303100,80622200,55572800,50085300,49760700,34764700,53967900,32812700,74537300,32031500,44799300,51772800,45306600,54971300,56386800,55599900,30138000,49115600,54188500,30298800,50661800,45839600,67159800,46289600,44944400,28459200,28667200,52767100,37110500,50236900,40102800,34241800,34804300,49621600,52268000,44921600,40831300,38685800,53474300,53760300,47862800,48848800,43667500,33540400,43911400,31556500,49193900,28010100,50265100,54652800,47698500,53275000,56062100,43927900,71657500,50312900,41332400,59827800,83762200,38010800,56715300,51616900,29960800,46668100,27804700,30916100,50247900,47957300,44559700,46106900,54483300,66709700,25139900,48305200,51165800,29291200,50403700,44525800,44035800,29864400,39106200,27791500,60535800,45916100,46088000,30025000,53940800,77489000,44054700,35777300,50103200,49542200,59895100,59480500,47495100,50765700,44888000,42253400,49300400,31991300,55901100,51786400,29682900,75389300,36968500,59806900,81325100,51635900,46686500,56881500,47307500,45874900,76195200,46363400,26004200,35483500,47022500,53459300,25433100,50086300,53950700,40276100,58035600,34741500,48857700,34795700,40014800,51614700,47458700,39276500,30608100,45786700,30262400,47525800,49509000,46873100,56880100,43646300,84515900,56697000,42472100,29218100,81150200,68353500,46694000,47962500,57601900,34009800,36151100,56960000,45983800,46766700,46594600,51527000,35970700,47778400,58016700,32810600,80693300,28022700,48971900,53761700,54093600,34164700,46924800,44833100,47100300,47052200,59918100,61401700,44064200,48933300,68768700,52416200,48495100,30124200,67836200,30842200,54153200,30214300,52540500,51724400,27070100,77505200,44270700,57369400,46882400,39080000,57213000,47740000,43244300,53769100,25744400,67762900,42429400,37030500,57688800,70820100,46672100,30916800,84449400,66461700,55876500,60926500,43730700,32183200,51281400,45950200,45392400,46549100,31891500,44913900,50192300,29905600,52039500,46210700,66470900,48239100,26804200,39173100,27637900,45340000,49878000,77658000,47008100,55879300,54309900,82815200,46618900,30230000,55319100,56958100,42999400,51999600,32093100,75006300,58963500,47492000,33890100,74827400,50300300,84137100,50024100,45983400,45065500,43937800,42548800,57142500,61751600,50336400,64015100,38746200,51858500,52644500,47630800,46390800,44965600,26968500,75222000,50353100,56905700,27658900,34900400,41316700,45379200,43988700,46929400,31574800,39887200,51208700,31769400,83832200,45445300,49021800,43880100,48061400,45132600,37341100,33717800,50471200,49147600,53879200,36198900,57326700,71309000,51077400,44544800,28337100,29216200,43029400,29190000,46079800,68060400,56586800,41293800,41796200,45487200,51231100,29882700,30234700,22278000,45136800,55528100,54118400,49762900,59601900,45391200,34823800,46034400,33825500,36924000,47874200,26304300,56891800,52077600,55009000,56024800,46252900,57407200,47272600,66308300,63384900,45258500,47662100,30261800,80883500,34110400,47441400,50269000,62705200,32522700,53980700,40272200,75900800,60812100,53081800,50002800,56485400,47221700,71694000,39115400,51768500,85630000,33938500,48969200,56285200,69888800,31376700,32356500,37076700,48620900,44442400,36613600,43773100,39017600,57327800,33433000,68429900,28018800,38797300,57663800,39567000,44244100,47813700,46095100,42206800,44743300,73504300,48815400,50416200,30357000,54291400,93699700,63794200,53852500,56516900,44636500,41869900,77872900,41260600,46308000,54150000,35416200,46479800,53660000,46395400,54112600,27852200,58456200,66752100,55365300,55201900,45334400,53066000,67817300,47556900,30992000,54453100,47511600,48882900,49966800,35405100,49973900,27435900,45309200,28809200,43295400,43350400,40659200,45868500,46632700,46679600,55377400,54402900,44506900,36290800,35029100,51674800,54729200,53950000,48258900,70439200,50188200,51846000,78384600,58679600,49424900,32966600,53039700,51761300,51962700,31944500,50733600,45754000,66359700,46036000,87194000,40162200,26914000,53573600,69965500,29235700,40199000,48037700,83943600,52780900,44950400,35543900,60717400,53801500,34792900,42212000,47379700,51980400,29985600,28984700,67075600,36579500,52201200,31327300,45063200,55019300,30519700,42719500,57134300,40928200,51221600,77069600,31128800,54823400,49427500,30397800,40605000,51329500,47486400,36918500,46394700,40038600,47179000,40100300,55060800,38236200,81087200,58870700,46835200,49338700,60849600,55138100,49306300,58929500,46078600,41647400,33546300,72233200,26305600,52001600,34766200,50321600,34365800,45007500,47646200,52089200,92252200,39983100,45611000,53054500,81776100,57466600,79748400,51107100,53504300,40405800,70480400,53744800,64519900,50721700,45950200,49394200,55562100,51924300,44205500,49492800,49562900,38348200,34611800,48096400,48897100,48220300,47644100,44987800,48144800,52327400,31623100,51618500,28256300,33894800,49798900,51816300,46476300,47710700,61006400,48943500,60012900,34606100,71669400,42347700,47151700,65863200,50277900,58504800,70085800,45626300,64177300,46709800,44192100,31506300,29086000,30149700,60647900,27888000,51678700,49870500,49855000,58501000,43398200,30081100,51325700,39995100,74355300,53982200,29023300,30219000,28058800,47132500,40188500,29957800,57623900,53717400,27986500,30616400,44612900,35274400,47404000,35838000,54650500,48470600,38086400,30556100,38773200,52703400,63950400,53469600,32080500,51521700,47663000,74351200,49532400,40380100,50017900,48655500,81950800,45372300,42696500,66651200,46002100,33499400,60458000,49336300,54252300,31778500,35662700,47109800,50355800,49401900,39074200,56201600,48204200,47076800,38329800,33632700,33633500,40773600,50802000,50693900,53542100,44884000,89288300,44246400,40405400,48602700,31007300,45929100,47343600,43099500,60392300,79336300,53749300,70583700,89161000,30914900,70972800,53056100,84619700,27727500,44200800,27372100,81498900,48289400,32692600,58478600,54957500,51366100,50126800,48454500,37927600,49027400,29375800,52204700,52636000,26682600,56131700,36189000,49110400,48775000,28696000,28726000,33047700,31333500,48172900,52886100,44180600,52352400,63589600,34913800,43695000,46971500,49807900,48662600,60100600,53194500,53348600,47089900,56479300,56616400,37806300,52476900,43357100,42870100,49618500,60247800,48260600,53671100,42252900,47330600,43476000,28553100,58258700,51767600,52149400,51199000,47035600,34237800,43811300,43704000,44126100,38851700,30879400,33405800,50307700,42368600,35216300,76875700,42415700,35804200,32468700,60000800,55631800,85262600,58928700,49405300,38919000,31006800,54376400,50350300,52877400,45734100,36074600,30536300,49142400,26789900,49969900,54680400,68136700,35680200,47921000,58386000,38224800,44433600,47681400,50918700,80361700,61734600,49181800,46362700,31431300,57127500,51725600,55632100,37788000,62507200,51865000,45686900,33255300,54150000,41090300,33430000,48625800,33838900,23832200,44223700,50585800,47521500,50350900,57765100,56665300,47107800,49172400,46193200,61096000,57633700,77917900,49881600,63394200,39444800,48993400,58877200,53379300,34052500,30410200,50420900,71162700,49829700,60701000,63119100,62091500,60803300,50174700,52531500,46774500,75249800,38145300,68498200,33000100,72941600,51706100,31438000,52001300,51740400,43458300,56427700,38156100,49735300,37463600,26601600,53129400,51745300,50785800,65505600,56392600,29513000,49864500,50226300,55662000,32734500,48590100,50488600,39140400,86876400,52652900,31238600,32116600,77147700,71692800,44967900,49072300,46879700,50927000,32763300,52263500,57435300,58953100,44209300,52980500,33264400,66194600,36548700,35864700,50368100,41945800,86610500,49871200,53700500,53405300,78648200,35641200,31204800,47535700,29753000,50148500,43239800,43164700,74455500,43756600,50318200,34682000,47191900,35061500,30016400,45980600,66429600,52156300,49725800,34626400,71748100,37260500,64686200,53133200,45621500,75312200,41131400,54165400,55841400,51732800,60792000,45066000,54469600,36766600,51430900,47296200,65519300,31723400,30278400,51327300,32533600,40781700,36996600,35111700,28426000,49006200,40886600,52824800,53944200,73483200,55484800,49584300,32909000,82006100,38034300,33507400,35989000,51169600,63477300,77757000,32483700,35552300,53193000,49858100,36045900,69164500,40567900,50414200,34576700,55680700,92117100,51299500,44503500,52405700,52028200,46247400,52914500,49101900,61705300,28124400,57555100,42271600,43661900,56143500,29137400,35838200,46326500,64809600,51026800,45086400,81636300,35508100,33295800,49444600,47529100,49239500,44746600,52314300,73527800,34321800,49851300,55827000,58935600,43109500,51949600,50642500,33861900,58188500,45043700,44176300,58407300,50099300,57786800,48865000,29887400,44616400,55388900,58028700,33374100,76368200,48190200,30729100,40627800,25290400,76977800,46594800,48389800,47600300,47330600,48957500,66329100,53395800,78693100,85145600,30564800,51872500,75117800,72185700,57800600,30532300,55605500,41613800,47096700,30958000,45993900,51413900,46984200,71501600,27298400,45672100,29630200,52303000,47293800,54001400,72666300,49368700,52073700,50615500,43132400,35309300,49532100,40508500,43653200,40700200,48913800,37037600,47904000,46894500,78169700,30267900,49316200,61838600,50158700,56936400,44537200,47229700,58720700,67159200,81224100,45023000,36904900,52308700,35917200,48100800,46317700,55882000,35294300,45496600,27271500,37120700,52042500,42523400,83493200,32008800,48656800,32936400,29557300,63328100,48978300,70730700,60323000,48847300,51924300,53618200,45755100,39157500,50241700,40699700,49564400,32490700,86985400,55490100,46355500,32600200,51429100,32504100,45134900,48942900,50959300,31653200,47109900,28178200,49210300,52940100,71271500,29537800,31736000,30518600,31548000,67107000,33143400,46851500,61402400,32892500,40875600,33130700,54095600,56736100,34717900,46492900,42840000,96023700,32617400,45665600,34384300,74580000,57391700,81859300,46033900,54569100,52081500,57174900,45830600,42280400,78835500,46214700,54027500,57035200,82954200,50076100,39679400,28287200,47963500,50864200,28186500,26030000,56241400,34559200,30242600,39100900,52923100,33952500,53425800,29074400,40187300,82793800,51588400,50123000,42893200,32491900,51216400,50975300,46647800,28955500,54693900,57288000,33023500,34926500,55065200,41553700,50628600,51622700,46707400,57885900,47379100,35862400,47694300,27299000,45936600,41606400,66592000,59349400,40515900,51159900,47324800,83522900,53417600,52162400,53721500,35012000,28792600,50216300,52937700,46434500,33082100,68177400,51246400,77405100,29899900,52144200,63268800,54229700,55113300,64558900,39799800,40597500,31098700,30607800,63779900,46428400,77809800,71759400,48582600,49516200,50710000,52742700,33508600,79490400,51334500,29036000,45309400,37769000,53452500,52396700,30829200,51598800,39415900,77891600,29548700,54260500,48343800,47161900,43856400,35958300,52844400,51379000,35531600,35932100,82668300,79038800,31279000,42582400,27790500,34927600,52161200,87246800,49232800,53149300,63093000,62088300,54049500,50163200,90143200,50309400,47566400,59092600,46944500,54813500,50989200,83586300,52306000,39084600,35138600,56000800,34812400,32924500,28029600,48724500,44971600,49883000,59375400,68033800,49088200,29514600,51348800,52135900,28226800,52897700,50241100,45074700,32543400,43095600,73924500,50852000,45439100,45793100,50597700,46153400,54645900,48668200,53392700,47222400,58448600,30744700,55923600,84457400,50223400,37681600,40224600,50864600,42137400,48390700,56176100,39430700,55992500,49271200,43523700,37760700,65871100,33001900,48095900,36636500,57757000,49726100,51265800,46363700,40800200,51415800,53578100,48431900,53747400,47471100,50192700,45784000,52004200,48362600,45528500,51674800,80327900,41601500,73085900,48369000,56444200,51522300,39463800,47397600,68639200,31312200,50950900,32415300,42612700,39457600,48642600,50676300,32493500,79008600,43398400,44589500,52207100,52455600,44586200,75317900,49576800,45450500,40288700,57696200,53356200,52768300,79282300,35658700,49864000,50490600,31014000,77117900,57751000,41404600,69038700,49310600,46725400,46535500,42055300,52188700,28280600,52177300,72081400,31074200,32670500,81561200,32614600,41882500,31359100,49414600,55540000,45219400,39421800,67055500,29827900,47243900,34264400,55575400,53311100,50493800,48191400,36994500,51212100,35879500,31445000,76654800,53986400,69171200,54276600,54630400,49266400,48112100,28298200,37779200,55152000,51063300,54899400,49216300,35754000,52713400,55565100,32142000,35065300,57710400,26006800,54099000,53990400,47161300,56539900,35190700,44612400,50745500,52255000,70206500,51037300,52626000,31347400,55247200,53620900,67969900,50627500,46354900,29943100,49641500,49226200,53186300,51370400,30127300,33406400,50975500,48974000,35039900,45934600,29747200,54623400,51170200,55356900,58409800,49641900,51031400,29626400,56395500,73381800,33054800,53920600,49327800,78958200,47696400,46274100,48119900,60911800,49369900,65074300,59855200,28178300,34183400,49221100,47911100,45331200,39293300,39363700,53973600,55733500,48728600,32113000,27802500,67658400,51593800,30328000,30674400,57180900,29350400,47738500,55324100,50486200,36136300,50388300,46463700,57664300,27855600,55375800,39022500,63680900,51927800,43799200,47074600,48700500,30388600,33173400,45671900,79946200,34094000,51291600,35050300,49663500,43005400,48368200,28826500,46233600,50263300,27070800,34952500,45145100,53933800,54065500,73631600,49885500,37355400,50046800,39700100,32990800,41756700,50082200,52118800,52018500,46107800,77940900,48025400,48270600,50687400,49191200,51894300,41974700,30123000,56171700,34237600,48543200,45324500,44420300,31927700,54355300,65060400,50604400,29157800,50052700,36215500,48706900,32226600,67242400,30489100,47132100,45618500,53830900,58483700,39495700,51316500,34735000,32369500,50428100,31739400,52744200,30754600,43296700,35035800,75965500,44436000,62378200,48623500,41011200,48123800,51970700,29990700,75047700,76564300,76941300,31889900,30186900,45486900,48476300,91035700,63593900,49190900,43840100,43690900,35416700,54213300,33469800,51641100,35621300,34118400,49964200,31194600,42708300,50973700,50825400,51713500,52477100,49181100,45020300,50567100,35106800,53901900,51474600,39790500,31860300,31204800,44310400,49922200,34930000,65546600,44126100,31247500,51033300,44076900,54419400,89958100,30587100,44245500,30922700,36501300,45784400,46264100,28916400,37880200,30344400,68039400,55978100,49725900,62318800,39922900,33330400,50094500,50151400,55364400,51642100,70433000,54787800,26887300,54104300,68536600,45512500,32478400,52637000,43369000,33688800,47432700,34976300,51893200,86554700,48370400,79018800,87536900,60583900,49440000,52832100,53216400,50386000,49571200,55066200,45749300,85022000,54344200,53445900,33792700,80282000,49101000,30131300,42947600,59902200,50010600,81077000,39397200,45165200,44991300,43480600,73548800,35255800,45909800,43664700,32382200,49221900,46341600,60083100,45189200,64553300,88375700,37220400,55367400,47477500,59262500,51885000,47504900,81508500,43754600,44458500,52725300,26972300,53191100,39458700,49927100,29182800,50820100,53188500,38199200,41566600,48817500,46087700,47233300,59100100,51505000,26125400,49983300,33898700,52656800,29793400,72644000,49213200,68479200,33187300,50912100,52739900,45411300,55884700,36657600,50014300,62730600,37661600,56378500,43221900,38639400,53671400,49793600,38497400,38765500,38503200,31161100,49491700,41021200,70435300,87338100,44030600,32838200,51446400,51304600,43501200,52772500,52007800,48869000,52790000,36275900,54177500,42515800,48984200,36443200,62947200,40844000,56459900,54974300,49515100,37668700,66653000,51147400,35610000,40033800,32440000,42693700,50799100,46129400,25855800,57656000,33420800,65955700,60795500,52167700,28354400,58744500,44703600,51635000,44712000,47029100,38536600,27304500,49908400,47220800,93929500,46010400,34135300,47439700,44522200,33032600,35154700,53356500,49229900,50333100,43390400,49251400,68164500,38813300,50735700,89276300,55674700,54884000,46046600,52539300,63112000,35544900,41339100,30482800,82299200,45830000,48488900,27548200,34699100,29590800,70233400,49972000,51236800,53309300,48500300,51899500,39244600,33828500,45601700,37154000,46788300,30739800,56453400,65904700,48283600,53889900,89514100,52164100,45396900,50888000,31562600,33020800,44252600,51414300,44240500,46505500,29336800,32211200,65578900,82123900,52080300,47637100,42597500,34101100,70587000,52126100,45004200,53197000,31541800,35995800,31039500,48122700,34049400,47446000,48752300,48006500,54266600,56243900,46025500,50516600,42473300,33813100,55741600,50137400,26026800,79474600,51036500,55893100,57433200,50985200,57223900,41695500,33927800,78076700,52897600,34358400,50424900,48288800,42246600,48770500,44347800,44312700,45860100,45133700,52665500,53401300,32040800,50808600,67548400,49064900,52480300,42222600,68220000,40518400,53358500,51157800,72494600,31695300,45706900,50710700,55257600,42639000,33321700,52878200,31914300,48310700,41828700,53484700,31039900,35310900,69158600,64488900,37619400,76620700,47711200,40264800,55881400,71675500,45494000,28611600,45480100,53723900,48847200,52361100,48217600,35245100,60227000,51837500,50288900,53143700,51279200,50687000,50736100,69783700,68258500,49743500,33094100,43137900,42118000,30614200,53568200,61608700,32974200,62630200,51818700,44898500,28602600,86539300,58037600,65510800,38383000,54213100,53948000,37228400,57839200,42581300,55132200,37466400,32658200,39082500,61785500,50146600,50097600,46944500,51481000,37631900,51089800,64570800,42860400,47634200,57901200,45686200,52293800,27373800,37353600,45314100,29652100,32961900,46500700,45729300,31101400,32387600,30966600,39148400,57673800,55073400,62286600,49532900,66931100,78870300,81845600,49839000,46253300,53870400,66796900,29161600,41906900,47001300,77641300,28052400,64742600,49895400,55034300,43874100,34884700,66264000,30646700,51864400,52863900,47644600,50663000,35142800,48187700,36094300,60905300,46498600,44852900,51613500,62173500,45750300,37075900,59214900,42660800,82523900,52149000,30578900,46144700,32208100,81458100,34245800,71257100,36760400,27214700,34896100,51314100,60882700,46944300,55424800,52003700,72901900,31630800,44474400,52699100,28046100,30357700,31226700,51847800,46339600,35265400,49575300,29733100,84151100,87330300,48316600,53726600,27635300,41765300,69685500,68129700,51510600,45405600,30559100,40711600,51865800,29197300,47105900,52797000,53567800,46952000,80423300,34553500,48531200,45513500,37709000,53826100,48334800,45960700,37144600,32181300,81312500,29054000,57518900,53842500,50999200,41099000,52007900,50860600,47996300,31878100,43728100,41731600,33586700,47352300,59630000,42227000,45211300,29545800,44507100,45222400,58729800,45846800,50882900,51738500,51389100,39164200,39644300,48177800,47354400,29305200,44807800,40604700,44254800,49525000,46208300,33184400,49410300,69942000,30048000,42309500,49466400,32931500,36805500,51616900,80045600,81854100,31336800,41420200,49959000,31689100,31359400,34464000,52402800,55799500,59897400,24804400,33618000,30478400,57377000,31711800,73077200,48660800,27788900,42610100,48093300,41357000,52683900,32846200,54216600,48351800,42950300,46147900,38079500,30686400,34578800,55603800,70796000,38348300,32204200,26137100,67902900,47004400,85282500,43317200,41640000,54757700,46283600,50248500,51385100,46300600,54048900,31342400,53393600,53518600,41400700,30292200,48762400,52649500,31073300,34921200,50520000,44288100,54107100,33254000,46473100,32224000,44083500,32358800,35786400,53043200,69295600,48858400,41627200,33052800,49654400,47213100,46787600,52955700,31670300,49659500,36236900,51737300,57075500,31344600,46096400,38110300,61787800,29954100,30860100,39238600,49447600,33727100,33229400,55190800,31495400,39070100,43348300,32749400,32099700,47773300,30200300,45802100,51590300,42246400,47445100,44758300,48170600,43748300,47206500,45624400,28531500,59424700,30931500,50544000,52242100,39215100,49750200,50855400,36883100,50748500,37210600,40572600,53344700,66687400,47774400,51476200,31276600,43355900,29131300,45034700,24688000,39144100,44267600,48012800,27839900,56368400,55641100,48073100,39417100,55943600,34374800,33854400,48655400,58119100,44741200,49695300,51646200,45406500,53264100,38987200,48195200,51207600,32341700,89215800,50252400,61951700,29919900,29773400,48334600,49768300,49431600,36694100,90095700,51208600,56368700,52806600,36318700,30380700,54026900,45902900,44244300,44264200,52540600,47015500,77765500,28364600,35859400,66534000,43777800,43511900,44441300,27367900,62255000,62856300,41170500,52046400,75519300,30154300,46615100,49856300,66035300,79995000,51747100,47419400,49877800,53198200,93961800,49972400,43868400,31467000,35427800,59313500,35553700,45273700,35351100,49914200,46290900,57678200,81038000,35793300,28273000,45966300,56043500,43945100,29161400,29466200,50189800,29084000,66900200,42674700,54538500,54522900,57540800,51381600,49349500,54888000,43143800,43931900,50187200,47018500,48399900,49777800,51082500,50884200,36155600,41717000,76139600,41913300,47263000,71029900,55023000,45395600,51811700,55355900,77135700,27811000,49711000,56268900,83947700,51069300,53028900,24764400,49974700,46267300,37277500,32177100,43384600,30098600,32898200,56404400,55614800,46551000,32585500,43479900,54154300,64769100,46804200,44210900,48714500,26616700,64796900,35659500,50651100,75389500,60786000,64508300,47271300,57775000,30890600,48172700,50852000,49452400,54554900,51961600,27146300,32652200,45107300,32148100,38341600,31582100,37581100,52229900,68042200,40055300,45390100,32519200,34040100,30506400,76356900,43446000,54772100,70378000,53551100,52773900,37614800,35419900,37689700,75735600,67648400,29342000,45631400,26725900,49490100,50393300,51369800,50601800,47496800,69587700,28121100,51469100,56181500,49491400,80670800,36081200,51295700,51151200,44138500,35073400,50498200,47607300,47302100,76198200,47374000,50225300,47160300,55855300,50159300,47642700,88551200,29287900,31870000,72416700,49830000,47731600,53107400,55810500,35620100,34231500,53834100,35506900,46808700,41240300,46199500,50221300,30662600,45369900,59098000,32164100,66436400,55635400,57933000,27479400,40165200,52956300,33138600,43896100,32139800,50500500,48930600,55179700,43956200,50962500,54142900,51228000,48947700,60028600,33385300,64594500,66035300,72458000,49271900,72501200,49792100,37371100,75430800,40511800,52988500,18087100,46905600,46905600,54585900,44968400,39244900,40226800,27439100,28070300,50170300,52803100,52189200,29600500,47349300,37359400,40822200,53473100,45477600,42226700,48403200,27138900,49881500,45062700,31667300,44960000,83574100,38610300,74103500,52545300,41800200,33641400,45491800,55029600,27278800,38143100,45827300,63790400,29728500,85375700,41944400,49295700,45670200,50511300,45785500,57045700,83623600,37596900,36510000,35523600,44190400,49163500,47574700,34180300,48963600,39030700,72481500,64264200,52880300,79094900,34714500,30607700,50862800,25991400,32544100,57106400,38342300,36294700,56914700,53689300,59769900,53510800,53178000,67752800,57939800,32213100,67811600,31197700,50575400,48096500,43062400,47721800,51711200,51078700,48531200,34838400,34728300,28554500,48310200,34708900,50742700,48213600,32203900,39391800,31627200,50244600,59033100,31075200,57351400,73423700,54681300,43347500,71865300,46641900,30987400,53633500,18322900,35310400,51672500,29215800,40795100,50543400,70744700,49816800,38984100,46634600,49333600,30552200,48807700,49566500,54337600,51713300,60301100,50995100,33238600,37963200,50131300,72393200,58871900,37906800,58412900,45323700,47939800,45968700,30839700,40026900,51922400,29771900,47923500,25361300,44854100,53092000,51480000,30381600,35964900,49478800,46215300,45234700,49172300,31105200,78182200,89402400,52397900,46974800,36080300,52068200,76340800,63312600,35347800,51842000,37207900,34173600,46686700,46792900,38011700,57916200,44008200,80881800,51288800,72767600,71860000,83493700,47074700,83355000,28554700,49244500,27405800,58059400,80741000,76067300,63846000,30740800,56263300,46431300,29980600,49713200,46035800,59134800,68357500,51023000,64659900,44601100,41624800,35778700,53889500,53266000,41321400,42429000,42288000,27968000,52938200,48240400,70901000,44713400,52044600,45164700,33340500,49176100,51552600,51578400,49826800,40085400,44754400,40633300,33103500,51172600,48925000,34278800,36949500,28307200,58040600,40239500,42687100,39551300,51560100,59522200,73934000,44247600,49080100,53187500,70491000,57787100,27945400,45732500,46887000,44479200,47790400,34920400,32223400,49147400,51129900,47450800,67105300,48754900,51554500,33171500,50955100,52062700,62883900,33257800,42501900,49942700,52530800,49038500,87119000,46858100,73382400,53806500,50398600,52782700,32755300,70226600,36050400,35071700,42951700,58920200,50945000,64351000,34918100,47204400,44586900,58129200,39896200,52732800,50639000,39225900,46021400,37254500,39868500,45671100,32029500,44184700,78904400,58295700,40445700,50475200,33933800,54327300,49393300,71687700,47250300,41597700,31436400,28092400,40812200,26273500,42853400,85508500,33526700,48083700,54848400,46110200,42922500,38206400,44850700,29305200,45277400,50656900,47819100,40012600,76021500,50712900,45494600,55987200,89288200,59965100,48706100,78636100,47081000,58018900,29979600,30573200,70455800,54876300,90828800,47785100,30939600,54839400,52204200,33687200,69845500,44499500,50190100,47126600,49546100,44776900,44534500,34937900,33303100,34422000,49315100,50859800,50618600,55163200,41699300,34151700,55736100,43028400,51021100,73226800,45622300,52074100,47563000,62175500,95017800,57495000,42786500,34232500,35562500,50277300,47132000,61598200,51934100,36995400,48340400,36402400,86525800,44740800,44261400,46778900,34041900,51310700,27496400,39788100,40989100,30927300,35793300,54029800,47016200,54164000,38006700,37712600,50724600,73271300,44612700,55301200,54116900,85467400,49353600,34833800,50645000,49945500,47542800,29129900,70539400,55184400,81164200,54419300,81648800,33810500,49119800,56601000,45423000,32846800,82801800,45882500,28193100,72594900,77416800,48248800,53561000,49926300,42774300,51812500,49620300,35028900,48774200,25364500,51838000,52185900,37881700,58146800,49118700,50236500,62479200,47178000,42761500,50773800,58780900,52060700,30189800,56231500,53784300,78124700,64769100,31237900,47375900,27057700,51420700,71663500,29383500,59632300,49062600,47052000,57515900,58670800,50548700,80095400,49878100,45398000,68588600,29695500,33333500,41849000,50087800,28698900,50916900,47392700,51766200,73301800,81204700,39996000,51988100,35004300,30672800,58619000,83124300,59649400,88733800,52326400,45039000,30452800,35980600,36353500,40746000,48451700,62944900,52625400,82737900,53769900,50392200,52480200,50742200,74170500,48803400,51529200,53484800,55548000,41787000,64273200,44080700,28402400,35278700,30264500,30264400,33959400,48816800,30890000,26723700,70087600,50864100,57550700,73516200,50971900,31376800,28505500,49153900,30413700,76791700,38315500,56481300,43451100,52717300,50177600,46420000,33724900,44429200,68800200,37240200,56259500,44370800,57181000,28500500,43371800,54849800,35434400,38426100,48912900,35652200,33522100,59732700,46000300,40819900,48615700,26109800,43764200,46978200,50670800,43655500,52701300,42406600,51155000,63352300,49827900,29727900,27312400,46370700,47961400,54387800,61684300,47000400,48803600,52132600,51457100,59762000,67123600,32166700,58723100,69878700,47599700,52481200,31412400,46781300,47927900,63693100,51252800,40447100,31003000,46106700,44282900,46235500,56857200,50333200,74452300,36904000,39176300,28055400,56020300,50112900,30279400,52315400,48179400,45076000,44385100,73487500,73947800,50928200,50106600,42849800,48336900,60691200,74332100,34462600,52312900,53254000,49223100,58518400,69731000,46408700,56556500,32358200,28426900,47679300,51265600,52507800,48961400,48583900,54816200,33391600,55952200,36023300,31832700,60121100,56401400,47897500,52019200,53735100,43207400,45956900,47897900,56950000,47119700,55056500,43281800,38576600,54029100,42914800,57625900,52040900,56660700,39969200,49891700,52800700,52690200,47626600,61903400,42761200,47939000,50674600,31659800,30419400,48798200,29929200,64205600,45612100,74898200,27952300,32631600,49327500,85446000,29534800,39938000,56952300,32862200,30975200,83220400,43580100,50624700,52673000,44717000,45345200,47454900,49124400,47961300,45613400,41064700,57244200,55128800,34816800,51404300,35300200,42475800,51255800,47712900,53714500,44108900,63697100,44811200,44257100,36601300,31594600,57075000,49066000,51693100,54327200,32040300,50902400,52806200,30061300,43493900,58324000,30131900,39559300,31350600,37051200,52830900,59212000,43281100,36506200,61661300,44207900,51705000,67376500,70806800,49417100,60744800,40107900,30033300,50844000,75826400,46527900,37166700,43296900,42528100,49460900,31116500,33930400,69584100,58201900,49113100,50340000,54139800,32889800,55880900,64966100,42205700,48780500,36101700,57952500,49455100,49844600,53972100,51726200,30327100,80470400,85062400,33345800,45346900,40494100,43920800,35811200,51352500,51756300,47986500,44896700,45452000,33972000,46368700,50811100,31024600,36123100,45098900,70395700,49870600,55107900,45635800,54311000,32491500,56520600,33191800,29947100,51399200,34698200,49232800,51681700,72197800,33598100,33973100,38542000,88647000,51637300,45292400,54593900,26031400,45756000,42256600,51176200,53741300,48884900,37393600,54003300,35296100,36316800,84239200,50280500,54410600,32793100,44706800,43453500,57894600,44673200,32769200,28367900,45369300,45797800,77700000,50855900,44608300,50697700,51259400,91091600,53713100,83041600,39132200,48817100,78128000,62347600,44830300,57490200,53227200,48664300,31660500,42061500,30905000,44664300,42634500,29775700,47584300,47069700,50097500,40195400,42747200,54753900,53970300,35421500,26050200,48686200,54610300,29701700,36934400,45567100,29258400,32421100,47014600,54188200,28156200,33671400,47915500,47993000,48812800,49001800,47122500,46480800,32961700,35755200,46888500,60803300,63197100,61152900,41091600,46318900,30623700,52685600,77536600,25305400,49334700,31943600,34986100,52516400,51368300,44360300,45543600,55551600,28755100,44230000,47315500,35149300,50477100,48026400,76570600,40473000,44504800,72948300,40523000,35097900,50057100,42670400,84491100,33569300,61428200,52569800,86306300,43563100,57819100,33200100,54520800,45743900,50948500,48773600,56916400,44867900,50745100,37982700,77979700,51599000,59215100,33573800,53141700,43440100,53121800,56998300,37673200,60793500,46262700,29252200,52575500,32818000,49739300,35644600,31923600,43415500,33661800,56048400,48080500,34413800,26362900,35714800,73814500,43880100,30249200,51147400,41539700,27335200,60731200,46573000,45273900,66351000,87631800,32521200,46780100,34715300,53295300,43612900,49251600,38179900,53064100,38188300,38494400,46191300,80183700,55123100,37568100,50385200,29014100,44621700,32843600,45200100,25989000,32386000,49362100,49837800,46367000,28968500,34495300,65922500,33598100,51798500,44949800,62727500,31384500,35180900,30910500,46850200,29889700,49772500,45412200,57191100,51541300,49941900,46946100,34489500,34843300,51789900,48261500,57192100,45547900,49877600,44968800,36828800,67059400,77016500,77992400,70171900,28250800,49603700,45685700,30849600,82111100,45100900,47740000,51542700,34428300,44552800,44788900,44639800,72965400,34948900,29034300,50283000,44977100,72589300,48887500,44615300,74263000,94745100,35386500,64115800,53938300,51292200,48552900,79836800,28078300,49435700,32157800,46746000,49604200,40141600,34044600,45308700,40601800,34543100,29134500,28483300,56367600,49007900,46759300,46721900,41479000,76691200,31804600,39639500,42149400,71256500,28295400,55874700,48967600,41252500,69336400,34533600,76594500,56993700,40337200,44174100,52396000,54997200,46263100,25898200,59872200,33625800,53439100,41246600,32487100,59697800,81775100,25230600,79858800,33414600,50183000,37058500,47578500,47174300,76364100,51280000,50156500,59514200,28831800,44389400,43827300,36335200,46168000,33032500,44940200,47178800,48334800,70602800,32296700,45993200,54552300,68099700,48497000,68266400,51073600,36636600,70744600,52315300,49777200,91808400,53764100,42577400,36830100,31715900,34462900,76253100,30182600,35574300,29079800,57917400,40959100,45405400,51070200,70033200,61208800,54613200,76387900,52965400,51148700,60467200,41849900,54534300,48716800,61960600,52921600,30901400,30291900,83514000,32287000,43371600,82764200,36482000,57571100,31745000,49051300,41767100,44297000,46327900,30835500,46217900,49474600,34327600,49829800,50131300,25413900,44073800,48458600,43834700,49962500,51860800,44909000,49876600,28259000,35730300,56694500,59796900,51008600,80462400,42561100,36024900,81414700,39861800,43795600,67660600,49717400,49830100,49709800,34902400,60411100,51247600,72002700,47595500,48543900,53415000,29025900,39399500,50255000,45258000,50694500,45185100,55764000,29783300,42317500,50537500,48563200,51111800,52027600,44048400,30533800,65480600,45905700,35909100,30565600,90088500,44282400,54058100,44767800,25826600,32606500,29642900,51370700,55291900,62166500,43940500,50753700,48098000,69992000,49678400,52309200,55016800,31722300,46458500,49343900,71438200,42723000,75320600,29854500,44458000,33274500,43949400,52073300,52217900,41094800,65635400,42438000,47768400,33205500,32669100,49247200,45695700,40503600,38918200,50944100,61594300,82790800,48687200,33336600,50346300,66407000,31885900,45807700,45342600,50230400,39477200,51291500,80734100,26018100,63125800,34952200,45893200,45325900,33481500,52144000,73293200,49500800,49750400,39714800,51623400,33863700,40825000,27101000,54921500,56455300,43003500,42607400,41612000,45754800,49348200,44666900,29450600,70578100,49185700,46126000,59052200,45464700,50588700,48523700,54409900,49814600,48930000,59614400,50218700,41995300,49296000,36696200,30062300,44523600,38588200,43619400,34667500,64150600,46789400,71051900,75793100,51032100,49528000,45213000,51276100,47527400,58272700,61117600,57501200,34226900,34314900,52879900,64864500,39525900,43344200,49413400,31559300,68789800,36221500,50459400,31346300,48384300,48133800,31589300,45994700,76404800,26397300,41712800,70586100,53561800,55123200,36838600,45889500,43109800,81440500,41709000,32108300,57604100,58453400,34393600,40157100,35750000,45410400,39298700,51297300,82611100,29009400,37111200,26172800,51846200,53458400,55554500,49772900,49223400,34410000,69157600,38687000,48992500,36691700,35761300,54407200,42530000,57448900,38140100,52304700,75544900,51640900,32881500,45339700,42830400,46296500,47913700,50522900,39640300,73669000,51168300,51426900,29862100,44545200,49181000,84346700,27855100,31122000,50577300,49866600,75516700,53534000,32753700,77973100,68187200,56097800,52621700,27436200,54250500,53854900,32226100,53215700,52153900,35051900,43712300,34784300,54511800,55436100,46515600,50080700,42380000,49718800,71005700,34596900,50991500,85243800,55982300,29541500,50211400,47694200,48265000,44173600,49626600,35269300,44003200,52138200,50998700,51120700,45262400,35359900,48685600,49933200,37338800,41699800,83992500,56600900,64324100,40168000,44043500,29120400,38151000,50720600,42692900,50840800,43529600,80972000,44061000,48823000,29418700,41761600,71306000,51457800,36628600,47303400,31006200,45074100,48997700,28786800,44578100,50208100,45103400,81345900,50234800,49232400,72515300,42673400,34290100,48197900,47500800,52493600,29953000,51497400,31486100,49708200,46799500,53210700,52749400,50486700,52001900,34509700,82384600,43238400,52325700,52141800,74691100,59812100,54171900,68101200,50526300,58881300,54875700,38874300,51346700,31455100,41500600,52901900,74979800,48005900,35009900,45211100,32138400,57963300,35729700,67702000,44998500,35049200,86244100,44717400,47693400,51030300,37403900,43601900,49503500,46642400,30578900,63891500,66175200,34928600,46123500,33368900,29699500,40941900,31693400,30159400,79453300,45156900,86735700,36160500,47989500,42615400,64181900,82614700,51074400,66636300,30958000,45099500,45394300,71445600,92959400,72950300,49132800,32236100,32447000,52162700,25945500,34510500,47990500,29390800,53631300,43395400,44345500,42232400,64071600,43979300,39170200,31520300,45538700,48430000,61122300,52107300,47881500,29872900,52704700,48841800,45978600,51652400,53389000,45985000,49316800,29387900,50931200,50531900,44538800,44951000,43512100,44653700,41057900,31406900,39277600,51592500,35044100,34517000,43319900,30494300,50476100,36269900,52176300,56587400,82455800,34883000,51448900,27847000,53839800,74426700,52564000,53262100,49671400,57624400,43627200,48635900,34816200,48641900,82982700,45663500,30829000,45219300,39887800,35878400,51962300,40576000,52679400,71134000,49905400,44580300,53154700,52028800,42128400,46657700,47781400,38925900,69546700,39623800,38417100,33853800,50889800,53150600,46534100,42357500,51138800,33634700,34465000,47272500,44599700,30568300,38409100,51077900,39916700,31946200,48609300,50193700,50025200,42190700,42170300,44699800,32257600,63760400,52357500,45182100,54693200,26596400,45466100,47450100,44239200,82407100,47638100,45321500,29261500,31721300,44335900,45769700,35247200,39616800,44123500,39747800,48292200,37884900,53952400,52242800,44502900,60112900,54172000,53238100,38932000,56810500,31890800,46096800,37500100,49600900,36941500,53900200,42641600,53306100,29476100,55645200,57604700,54801000,69934100,30494700,63591200,59449200,56568100,31204700,40833000,50825500,50306700,48597200,36057100,46753900,56009700,51678900,59726800,29098000,49283700,38486500,56912100,52020300,54566500,34637000,56450200,46320400,76760700,51069100,62391300,35938600,82644700,31281800,51659000,41578000,31228300,51574000,34928000,33094000,53494800,55330800,61959700,45155100,55269200,36714500,79215800,82195700,46428400,44466300,48815400,74082300,44816700,38683700,75292800,50973700,50290500,28304400,32731200,43861100,49521900,50142000,57251800,43519500,32177600,78915200,77600900,41316900,45906600,31773400,44884300,31552300,51542400,54232200,53437900,52434700,39368400,70524300,54668600,51632400,33102100,58286700,47553300,28531300,48716300,45482900,56391100,45620400,52045400,33691000,52680600,33032400,50869100,46074200,66969000,59820800,34816500,56938200,43154900,61168600,61583900,39960700,56432000,50122700,46199200,53654800,39655900,76487200,29673300,35763100,53662600,85022500,41498000,63400900,50060600,56747300,59089600,54341400,52190000,49231400,33695300,42019900,77121600,51691400,73882800,40604100,26961100,33769400,36075800,48264000,54746000,46410600,32229900,75880500,47810900,60199300,42975400,67310500,30249800,51407900,59369700,36517500,56548700,75700600,35593300,28011800,58895800,44597800,29498300,55277000,41507700,53614800,30932400,50102900,48103200,46316200,51017300,54017000,28557100,32205900,58998800,58839400,81800000,28536800,46470800,46970200,51700200,32559100,40266700,50305100,31781700,39634800,60799500,49875600,57235400,40448900,68692200,49829500,51137600,56749500,53649100,61815700,46076700,37650700,54649400,78566500,30089800,42814100,49946400,74761700,51028900,49487200,58801500,68117600,48363600,47971100,36476600,59343700,32510400,46836900,44347500,32070400,52434300,74964900,28446500,53464000,43185000,29729500,47882600,45641400,59114700,31332700,52360000,49254100,48238600,56988700,59605900,37452300,46660500,47483900,54990600,40565300,48905300,42436900,79705400,46941300,61540900,41437500,41144100,34095800,54234900,45108200,49420100,50884200,50567100,24333100,56983800,30106400,54558700,79848000,28319500,38132200,44860400,44996100,67410600,43341500,30441000,88669000,51949300,50734300,48377200,47626300,41136700,44264000,72285800,54190400,49882100,53481600,39898200,37482000,54310900,55896900,53656200,35957800,64287800,46612700,43208100,51093400,48799700,45599500,28809100,50283200,29197200,39048300,47218800,43648300,56383700,45080700,60915800,51826200,67407500,71408100,54212900,46636200,35959300,50437000,49805200,50726100,34415000,28251700,52604900,44628900,67169500,69491400,37107000,55632700,74295800,33180000,35203300,51540300,32261900,28849700,47888300,31591800,64924300,70272900,38157100,54550300,50836000,88460300,54408500,55918600,46141400,38974700,45104900,39061300,46218500,39646100,51472600,32579200,47074500,49627200,49643600,57197400,77920600,39120900,45296000,37067200,35316400,58740200,69746600,45259600,45184400,27557100,30616800,48549500,36486800,31188300,45907800,38055800,51471900,57836000,53911100,34784500,57101000,83189800,54823700,44819500,55379900,71477700,57524000,50116300,46559600,35440900,55244100,47966000,31715000,50198600,51051900,56765400,42610900,18256000,49269700,45307900,29362400,42880000,24040700,29375400,46069600,50636200,49881800,30157900,64884900,55349400,48383100,28942700,80919400,45960200,47544500,59537000,56091500,50249300,57516900,31714200,57170700,45383500,43524200,41331600,41964300,41940200,45018600,38171900,55236300,31843900,47442200,79077100,50858800,45394600,51141000,47448000,57707100,56457500,29550300,46327100,29796100,68607200,46534700,52066500,55529400,47702500,94964200,74395200,51526200,37103500,28051500,46162100,48769900,30580500,53397700,50390100,46999500,50407200,30334800,50598600,67928500,58501400,52359600,34276100,49007400,61173600,38738700,59692300,31241800,38320400,65601700,48973500,51485600,50480700,51577700,31964000,29481800,34461100,49472600,60199000,43388900,44253500,51844400,48029700,29970700,45816800,49789400,48035800,53860400,88557200,42855900,30334100,49005500,52113600,45512400,72361500,66334900,45120000,49120600,43335600,59099500,46469000,49673200,55785800,81643300,34597600,46402100,55156400,46806700,32839200,32768800,30854200,51021100,44669200,48831600,48854800,35849300,48482400,35493900,86913000,50520700,69462700,49130000,53635900,75933400,38725500,45621700,45862600,34084700,52586100,37820400,47512000,80520400,75421800,70313300,51121500,66508100,51127300,59191500,29730200,54031200,33926100,71782000,76510700,48793700,43216400,53531600,66871000,63319600,45871200,46404800,37832100,30690400,27729700,33957600,43519600,38126500,44000100,54297600,38983800,51844700,51934600,27277400,39855600,49490000,66308400,42417600,59395600,53082800,49126700,53250200,38048200,35984100,47192300,44461900,32374900,43462200,46925000,34882700,65929700,29774200,76748000,46097600,44418200,52218600,70625600,50183400,32152600,34883700,27396200,53084800,39681800,35599000,43515300,44573000,38406600,52748600,59713200,74012100,66874500,44720000,43490400,35490500,52874300,29699700,71816100,48068800,82857200,50959100,44156300,50084200,56802700,46381000,45220600,53182100,45832100,77031900,52624800,55747400,50413700,81187800,42372400,44767900,49501200,48874500,30398600,57272400,37288900,55565800,52979000,38123700,35731300,40925900,49707000,54941500,46552800,46712800,31257700,48230000,54464100,34689900,73584900,54884100,44161000,55572500,51491700,51277700,55228500,30104000,56053100,53570400,42343000,28377500,51390500,68850600,53198100,48891100,50761200,70816500,46094900,30573700,44530700,51468200,35215900,31919000,27410200,29705800,47322100,74664700,54468900,58472700,35540000,48297400,62297700,54184700,69132100,39963500,38588200,34035200,34029000,51495000,80161200,44286000,50108700,29583000,46155400,31200800,35741500,33342600,44063700,48212900,63272400,52214300,54788000,61888100,26045700,44493900,28249900,49179100,32309100,52961300,52294100,31486200,29301100,33306600,50487200,56766700,48412200,44211500,55692400,38704300,42883200,34282300,51183700,50183700,54721100,30263300,46648300,54670100,50181100,33537300,56675000,61000000,57293100,45132600,48097100,48107200,35164700,67086800,36022000,63716500,52583000,43650900,80717300,28790500,49416200,47429500,52665700,47826500,33697800,51747100,75411800,50681400,43746400,33133900,75981100,40207900,53905400,26333700,70309900,37574700,72663700,46322500,47734000,51621100,67608900,38036900,31762600,46899200,39704800,43661900,42765200,43383700,46725000,42097000,36229500,30567400,42117900,49748100,47567200,39400200,62631200,45484900,34853000,48924100,28193100,41598700,33620300,27181000,53889400,50615100,32959600,50067300,51642700,52086500,52976200,40105300,45184000,43239700,32863000,36672800,55467300,49908300,55181800,45892600,58961000,46597500,37747400,53315100,49984500,72066700,44113800,41667100,47409000,29457500,55652600,83222000,34938200,60036500,54505000,47484400,43356500,40614400,42793000,27760800,45353600,37717000,47457200,50901700,51281000,57086500,35038000,51617600,81445200,54161900,44902600,49557600,37443000,47028100,31657000,43106400,48980700,33806800,75328300,53468100,39642100,63974300,40156600,57578000,50174300,29200100,38073700,29312200,30951300,30542900,49832200,47011100,46522000,47880100,80267100,83232800,36972600,37511500,30827400,46976600,40752700,70337400,52709200,47017000,39275800,56610000,35984000,82330000,44679000,36036200,35507300,49814000,86841100,30249900,75784500,46550800,51772000,69358400,40991700,37235700,49577300,45181400,51568500
